[ 204.11273202  281.54376453   93.41544261   72.65645536   83.03594899
  269.86683421  103.79493623  312.6822454   280.24632783  339.18622372
   76.2828455    76.2828455    65.38529614   54.48774678   54.48774678
   65.38529614   43.59019743  326.9264807    76.2828455   174.36078971
 2014.6844373  2998.18826674 2428.79131285  734.2223879   414.10687555
  342.980248     94.61524083   59.13452552   70.96143062  141.92286124
  153.74976635  130.09595614   59.13452552   47.30762041   94.61524083
  486.38147239  236.53810207  555.86453987 1541.93275288  771.70555801
 1911.52353737 1994.3118731  2316.59503717 2313.6383109    94.61524083
  239.95341792   79.98447264   66.6537272   119.97670896  133.3074544
  106.64596352  119.97670896  106.64596352  146.63819984  146.63819984
   53.32298176   93.31521808  306.60714512  333.268636   2286.22284298
  666.53727201   53.32298176   79.98447264   93.31521808  803.17741277
  294.94274286 1043.13083069 1593.02408009  186.63043616  174.08373045
   63.30317471  126.60634942  126.60634942   63.30317471   31.65158735
   31.65158735   15.82579368   63.30317471  110.78055574  126.60634942
   63.30317471  284.86428619 2334.30456735 1382.77872252   79.12896838
   47.47738103   47.47738103   63.30317471   94.95476206   63.30317471
   79.12896838 1014.82901953  221.56111148  203.81159393   61.14347818
  122.28695636   40.76231879   81.52463757   81.52463757  101.90579697
   61.14347818  101.90579697   40.76231879  101.90579697   61.14347818
  163.04927515 1284.01304178   61.14347818   61.14347818   40.76231879
   40.76231879   40.76231879   61.14347818   20.38115939   20.38115939
   61.14347818  794.86521634  119.51621102   89.63715827   59.75810551
   89.63715827   59.75810551   59.75810551   89.63715827   89.63715827
   59.75810551   59.75810551   29.87905276    0.            0.
   59.75810551    0.           29.87905276    0.            0.
   77.88437555    0.            0.            0.            0.
    0.            0.            0.            0.            0.        ]
