[ 327.85607581  520.27211787  155.69240435  114.17442986  145.31291073
  228.34885971  238.72835334  374.95920714  498.21569392  777.81258533
  152.56569099  119.87304292   87.18039485   76.2828455    76.2828455
   87.18039485   65.38529614  403.20932619   98.07794421  196.15588842
 1751.78105907 1859.39435897 1859.39435897  745.11993726  599.36521461
  532.21072966  153.74976635   94.61524083  106.44214593  201.05738676
  212.88429187  189.23048166   94.61524083   70.96143062  177.40357655
  795.35936822  295.67262759  721.44121132 2029.79258841 1117.64253229
 1840.56210675 1543.41111602 1676.46379844 1994.3118731   153.74976635
  428.25019726  133.3074544    93.31521808  186.63043616  186.63043616
  159.96894528  173.29969072  159.96894528  213.29192704  226.62267248
   79.98447264  173.29969072  466.5760904   573.22205392 2447.85813144
  919.82143537   79.98447264  106.64596352  106.64596352  843.16964909
  241.6197611  1071.45866475 1941.28980472  374.9272155   458.94801663
   94.95476206  174.08373045  174.08373045   94.95476206   47.47738103
   47.47738103   47.47738103  110.78055574  174.08373045  205.7353178
  110.78055574  413.44885981 2286.82718632 1748.7502013    94.95476206
   63.30317471   63.30317471   79.12896838  126.60634942   79.12896838
   79.12896838 1333.32311728  253.21269883  550.29130362  101.90579697
  163.04927515   61.14347818  122.28695636  122.28695636  122.28695636
  101.90579697  142.66811575   61.14347818  163.04927515  101.90579697
  285.33623151 2226.64166372  101.90579697   81.52463757   61.14347818
   40.76231879   61.14347818   81.52463757   40.76231879   40.76231879
   81.52463757  794.86521634  149.39526378  119.51621102   89.63715827
   89.63715827   59.75810551   89.63715827  119.51621102  119.51621102
   89.63715827   59.75810551   29.87905276   29.87905276   29.87905276
   59.75810551   29.87905276   59.75810551    0.            0.
   77.88437555    0.            0.            0.            0.
    0.            0.            0.            0.           77.88437555]
