[ 112.26200261  186.83088522   83.03594899   62.27696174   83.03594899
   83.03594899   93.41544261  260.78477729  228.34885971  241.10827951
   65.38529614   65.38529614   54.48774678   43.59019743   43.59019743
   54.48774678   32.69264807  119.87304292   54.48774678  152.56569099
 1597.85317441 2187.68303334 1661.87627688  721.96264488  283.33628327
  201.05738676   82.78833573   47.30762041   59.13452552  130.09595614
  141.92286124  118.26905104   59.13452552   35.48071531   82.78833573
  260.19191228  118.26905104  366.63405821 2492.52025059  641.60960187
 1293.56774571 2230.84997517 1842.04046989 1636.54799371   82.78833573
  186.63043616   79.98447264   53.32298176  106.64596352  119.97670896
  106.64596352  106.64596352   93.31521808  133.3074544   146.63819984
   53.32298176   79.98447264  146.63819984  226.62267248 2434.527386
  573.22205392   53.32298176   66.6537272    79.98447264  776.51592189
  361.59647006 1847.97458663 1673.00855273  173.29969072  189.90952412
   47.47738103  110.78055574  110.78055574   47.47738103   31.65158735
   31.65158735   15.82579368   63.30317471   94.95476206  110.78055574
   79.12896838  158.25793677  854.59285856  969.32986271   63.30317471
   31.65158735   31.65158735   47.47738103   63.30317471   63.30317471
   63.30317471 1032.63303742  221.56111148  203.81159393   40.76231879
  101.90579697   40.76231879   61.14347818   81.52463757   81.52463757
   61.14347818  101.90579697   20.38115939  101.90579697   61.14347818
  142.66811575 1388.46648367   61.14347818   61.14347818   40.76231879
   20.38115939   40.76231879   40.76231879   20.38115939   20.38115939
   61.14347818  652.19710059   59.75810551   89.63715827   59.75810551
   59.75810551   29.87905276   59.75810551   59.75810551   59.75810551
   29.87905276   29.87905276   29.87905276    0.            0.
   29.87905276   29.87905276   29.87905276    0.            0.
    0.            0.            0.            0.            0.
    0.            0.            0.            0.            0.        ]
