[ 193.90709542  260.78477729   93.41544261   62.27696174   83.03594899
  228.34885971  103.79493623  240.02579004  249.10784696  306.49357565
   76.2828455    76.2828455    54.48774678   54.48774678   43.59019743
   54.48774678   32.69264807  217.95098713   65.38529614  174.36078971
 1621.0104668  2078.70753977 1661.87627688  997.12576613  381.41422748
  201.05738676   82.78833573   47.30762041   70.96143062  130.09595614
  141.92286124  130.09595614   70.96143062   47.30762041   82.78833573
  379.93932645  224.71119697  544.03763477 1661.68016706  796.83773136
 1827.25683851 1982.48496799 2007.61714134 2017.9656833    94.61524083
  186.63043616   79.98447264   66.6537272   106.64596352  133.3074544
  106.64596352  119.97670896  106.64596352  146.63819984  146.63819984
   53.32298176   93.31521808  239.95341792  506.56832672 2032.93867962
  653.20652657   53.32298176   79.98447264   93.31521808  829.83890365
  281.61199742 1083.12306701 1539.70109833  253.28416336  174.08373045
   63.30317471  110.78055574  110.78055574   63.30317471   15.82579368
   31.65158735   31.65158735   63.30317471  110.78055574  126.60634942
   63.30317471  284.86428619 2207.69821793 1446.08189723   79.12896838
   47.47738103   47.47738103   63.30317471   79.12896838   63.30317471
   63.30317471 1333.32311728  205.7353178   203.81159393   61.14347818
  101.90579697   40.76231879   81.52463757   81.52463757  101.90579697
   61.14347818  101.90579697   40.76231879  101.90579697   61.14347818
  142.66811575 1304.39420117   61.14347818   61.14347818   40.76231879
   20.38115939   40.76231879   61.14347818   20.38115939   20.38115939
   61.14347818  611.4347818    89.63715827   89.63715827   59.75810551
   89.63715827   29.87905276   59.75810551   89.63715827   89.63715827
   59.75810551   59.75810551   29.87905276    0.            0.
   59.75810551   29.87905276   29.87905276    0.            0.
    0.            0.            0.            0.            0.
    0.            0.            0.            0.            0.        ]
