[  81.64509281  155.69240435   72.65645536   62.27696174   72.65645536
   72.65645536   83.03594899  219.26680279  186.83088522  197.51808209
   54.48774678   65.38529614   54.48774678   43.59019743   43.59019743
   54.48774678   32.69264807  108.97549357   43.59019743  130.77059228
 1477.98013149 1661.87627688 1289.99740509  482.21655903  250.6436352
  165.57667145   70.96143062   47.30762041   59.13452552  130.09595614
  141.92286124  106.44214593   59.13452552   47.30762041   70.96143062
  201.05738676  106.44214593  272.01881738 1636.54799371  830.84008353
 1720.81469258 1947.00425268 1686.8123404  1589.2403733    70.96143062
  146.63819984   66.6537272    53.32298176  106.64596352  119.97670896
  106.64596352  106.64596352  106.64596352  133.3074544   133.3074544
   53.32298176   79.98447264  119.97670896  186.63043616 1831.31115483
  666.53727201   39.99223632   66.6537272    79.98447264  936.48486717
  199.9611816   856.50039453 1338.07357355  119.97670896  142.43214309
   47.47738103  110.78055574  110.78055574   47.47738103   31.65158735
   31.65158735   15.82579368   63.30317471   94.95476206  110.78055574
   79.12896838  126.60634942  617.2059534  1335.30134149   47.47738103
   31.65158735   31.65158735   47.47738103   47.47738103   47.47738103
   63.30317471 1175.06518051  110.78055574  163.04927515   40.76231879
  101.90579697   40.76231879   81.52463757   81.52463757   81.52463757
   61.14347818  101.90579697   20.38115939  101.90579697   40.76231879
  122.28695636 1059.82028845   40.76231879   40.76231879   40.76231879
   20.38115939   40.76231879   40.76231879   20.38115939   20.38115939
   61.14347818  428.00434726   89.63715827   89.63715827   59.75810551
   59.75810551   29.87905276   59.75810551   59.75810551   59.75810551
   29.87905276   29.87905276    0.            0.            0.
   29.87905276    0.            0.            0.            0.
    0.            0.            0.            0.            0.
    0.            0.            0.            0.            0.        ]
