[ 153.08454902  219.26680279   83.03594899   62.27696174   72.65645536
   72.65645536   93.41544261  219.26680279  197.21037884  241.10827951
   65.38529614   65.38529614   54.48774678   43.59019743   43.59019743
   54.48774678   32.69264807  152.56569099   54.48774678  152.56569099
 1510.67277956 1979.26740189 2033.75514868 1215.07675326  305.13138199
  165.57667145   70.96143062   35.48071531   59.13452552  130.09595614
  141.92286124  118.26905104   59.13452552   35.48071531   70.96143062
  261.67027542  130.09595614  449.42239394 1577.4134682   736.2248427
 1673.50707216 1958.83115779 2056.40312489 2017.9656833    82.78833573
  146.63819984   66.6537272    53.32298176  106.64596352  119.97670896
   93.31521808  106.64596352   93.31521808  133.3074544   133.3074544
   53.32298176   79.98447264  159.96894528  386.59161776 1791.31891851
  599.8835448    53.32298176   66.6537272    79.98447264  696.53144925
  254.95050654  869.83113997 1526.37035289  213.29192704  158.25793677
   47.47738103  110.78055574  110.78055574   47.47738103   15.82579368
   31.65158735   31.65158735   63.30317471   94.95476206  110.78055574
   63.30317471  221.56111148 1697.31637185 1256.17237311   63.30317471
   31.65158735   31.65158735   47.47738103   63.30317471   47.47738103
   63.30317471 1048.4588311   174.08373045  163.04927515   40.76231879
  101.90579697   40.76231879   61.14347818   81.52463757   81.52463757
   61.14347818  101.90579697   20.38115939  101.90579697   61.14347818
  122.28695636 1202.48840421   61.14347818   61.14347818   40.76231879
   20.38115939   40.76231879   40.76231879   20.38115939   20.38115939
   61.14347818  550.29130362   59.75810551   59.75810551   59.75810551
   59.75810551   29.87905276   59.75810551   59.75810551   59.75810551
   29.87905276   29.87905276   29.87905276    0.            0.
   29.87905276    0.           29.87905276    0.            0.
    0.            0.            0.            0.            0.
    0.            0.            0.            0.            0.        ]
