[ 246.210983    416.47718164  145.31291073  103.79493623  134.9334171
  197.21037884  217.96936609  343.82072627  435.93873218  667.47489809
  130.77059228  108.97549357   87.18039485   76.2828455    76.2828455
   87.18039485   65.38529614  337.82403005   98.07794421  185.25833906
 1577.42026937 1674.13601991 1882.55165135  723.32483854  546.2396615
  473.07620414  141.92286124   82.78833573   94.61524083  201.05738676
  201.05738676  189.23048166   94.61524083   70.96143062  165.57667145
  724.3979376   272.01881738  697.78740111 2006.1387782  1046.68110167
 1720.81469258 1435.49060695 1533.06257406 1923.35044248  130.09595614
  414.91945182  119.97670896   93.31521808  173.29969072  186.63043616
  159.96894528  173.29969072  159.96894528  199.9611816   226.62267248
   79.98447264  159.96894528  453.24534496  546.56056304 2394.53514968
  921.48777855   66.6537272    93.31521808   93.31521808  816.50815821
  241.6197611   803.17741277 1621.35191415  334.93497918  379.81904825
   79.12896838  158.25793677  158.25793677   94.95476206   47.47738103
   47.47738103   31.65158735   94.95476206  158.25793677  205.7353178
  126.60634942  411.4706356  2207.69821793 1748.7502013    79.12896838
   63.30317471   63.30317471   63.30317471   94.95476206   79.12896838
   79.12896838 1602.36160979  269.03849251  448.38550665   81.52463757
  142.66811575   61.14347818  122.28695636  122.28695636  122.28695636
  101.90579697  142.66811575   61.14347818  163.04927515   81.52463757
  285.33623151 2389.69093887   81.52463757   81.52463757   61.14347818
   40.76231879   61.14347818   81.52463757   40.76231879   40.76231879
   81.52463757  794.86521634  149.39526378  149.39526378   89.63715827
   89.63715827   59.75810551   89.63715827   89.63715827  119.51621102
   89.63715827   59.75810551   29.87905276   29.87905276   29.87905276
   59.75810551   29.87905276   59.75810551    0.            0.
   77.88437555    0.            0.            0.            0.
    0.            0.            0.            0.           77.88437555]
