[ 153.08454902  198.50781555   83.03594899   62.27696174   83.03594899
  342.52328957  114.17442986  302.30275178  249.10784696  241.10827951
   65.38529614   76.2828455    54.48774678   54.48774678   43.59019743
   65.38529614   32.69264807  207.05343778   65.38529614  185.25833906
 2190.40742068 2659.00204301 1947.93694749  667.47489809  305.13138199
  189.23048166   82.78833573   47.30762041   59.13452552  141.92286124
  153.74976635  130.09595614   59.13452552   47.30762041   82.78833573
  356.28551625  177.40357655  532.21072966 1636.54799371  795.35936822
 1876.04282206 1935.17734758 1663.1585302  1981.00660486   82.78833573
  173.29969072   79.98447264   53.32298176  119.97670896  133.3074544
  106.64596352  119.97670896  106.64596352  146.63819984  146.63819984
   53.32298176   93.31521808  226.62267248  466.5760904  2099.59240682
  799.84472641   53.32298176   79.98447264   93.31521808 1031.46642843
  321.60423374  776.51592189 1593.02408009  159.96894528  174.08373045
   47.47738103  110.78055574  110.78055574   63.30317471   15.82579368
   31.65158735   15.82579368   63.30317471  110.78055574  126.60634942
   63.30317471  269.03849251 2063.28785063 1366.95292885   79.12896838
   47.47738103   47.47738103   63.30317471   79.12896838   63.30317471
   63.30317471 1378.8222741   158.25793677  183.43043454   61.14347818
  101.90579697   40.76231879   81.52463757   81.52463757  101.90579697
   61.14347818  101.90579697   40.76231879  101.90579697   61.14347818
  142.66811575 1161.72608542   61.14347818   61.14347818   40.76231879
   20.38115939   40.76231879   40.76231879   20.38115939   20.38115939
   61.14347818  774.48405695   89.63715827   89.63715827   59.75810551
   59.75810551   59.75810551   59.75810551   89.63715827   89.63715827
   59.75810551   59.75810551   29.87905276    0.            0.
   29.87905276    0.           29.87905276    0.            0.
    0.            0.            0.            0.            0.
    0.            0.            0.            0.            0.        ]
