[ 153.08454902  343.82072627   93.41544261   72.65645536   83.03594899
  134.9334171   134.9334171   281.54376453  249.10784696  667.47489809
   76.2828455    76.2828455    54.48774678   54.48774678   43.59019743
   65.38529614   32.69264807  239.74608585   65.38529614  152.56569099
 2025.58198666 3237.93435258 1848.49680961  689.26999681  348.72157941
  319.3264378    94.61524083   47.30762041   70.96143062  153.74976635
  165.57667145  141.92286124   70.96143062   47.30762041   94.61524083
  521.8621877   201.05738676  390.28786842 1673.50707216  464.20602532
 1577.4134682  1862.73755382 2127.36455551 1482.79822737  106.44214593
  279.94565424   79.98447264   66.6537272   119.97670896  146.63819984
  119.97670896  133.3074544   119.97670896  159.96894528  159.96894528
   53.32298176   93.31521808  333.268636    279.94565424 1644.68071867
  519.89907216   53.32298176   79.98447264   93.31521808  911.48971947
  254.95050654 1633.01631641 1619.68557097  226.62267248  269.03849251
   63.30317471  126.60634942  142.43214309   63.30317471   31.65158735
   31.65158735   31.65158735   79.12896838  126.60634942  142.43214309
   79.12896838  284.86428619 1697.31637185 1493.55927826   63.30317471
   47.47738103   47.47738103   63.30317471   79.12896838   63.30317471
   79.12896838 1030.65481321  221.56111148  264.95507211   61.14347818
  122.28695636   40.76231879   81.52463757  101.90579697  101.90579697
   81.52463757  122.28695636   40.76231879  142.66811575   81.52463757
  203.81159393 1021.60561459   61.14347818   61.14347818   40.76231879
   20.38115939   40.76231879   61.14347818   20.38115939   40.76231879
   61.14347818  631.81594119  119.51621102   89.63715827   59.75810551
   89.63715827   59.75810551   59.75810551   89.63715827   89.63715827
   59.75810551   59.75810551   29.87905276    0.            0.
   59.75810551   29.87905276   29.87905276    0.            0.
    0.            0.            0.            0.            0.
    0.            0.            0.            0.            0.        ]
