[ 234.72964182  395.71819439  114.17442986   83.03594899  114.17442986
  176.4513916   186.83088522  302.30275178  363.28227682  634.78225002
   98.07794421   87.18039485   65.38529614   65.38529614   54.48774678
   65.38529614   54.48774678  305.13138199   76.2828455   174.36078971
 1325.4144405  1585.59343139 1510.67277956  645.67979938  533.97991847
  449.42239394  118.26905104   59.13452552   82.78833573  165.57667145
  177.40357655  153.74976635   82.78833573   59.13452552  130.09595614
  628.30433363  236.53810207  508.55691946 1589.2403733   820.49154156
 1234.43322019 1222.60631509 1379.31280771 1839.08374361  130.09595614
  361.59647006  106.64596352   79.98447264  133.3074544   159.96894528
  133.3074544   133.3074544   133.3074544   173.29969072  186.63043616
   66.6537272   133.3074544   373.26087232  359.93012688 2044.60308188
  974.81076031   79.98447264   79.98447264   79.98447264  629.87772205
  199.9611816   629.87772205 1446.38588025  294.94274286  411.4706356
   79.12896838  142.43214309  142.43214309   79.12896838   31.65158735
   47.47738103   31.65158735   79.12896838  126.60634942  158.25793677
   94.95476206  332.34166722 1697.31637185 1956.46374331   79.12896838
   47.47738103   47.47738103   63.30317471   94.95476206   63.30317471
   63.30317471  983.17743218  205.7353178   448.38550665   81.52463757
  122.28695636   40.76231879  101.90579697  101.90579697  101.90579697
   81.52463757  122.28695636   40.76231879  142.66811575   61.14347818
  244.57391272 1635.58804131   81.52463757   61.14347818   40.76231879
   20.38115939   40.76231879   61.14347818   20.38115939   40.76231879
   61.14347818  591.05362241  119.51621102  149.39526378   59.75810551
   89.63715827   59.75810551   59.75810551   89.63715827   89.63715827
   59.75810551   59.75810551   29.87905276    0.            0.
   29.87905276   29.87905276   29.87905276    0.            0.
   77.88437555    0.            0.            0.            0.
    0.            0.            0.            0.            0.        ]
