[  91.85072941  176.4513916    83.03594899   62.27696174   83.03594899
   72.65645536   93.41544261  240.02579004  217.96936609  208.41563145
   65.38529614   76.2828455    54.48774678   43.59019743   43.59019743
   54.48774678   32.69264807  108.97549357   54.48774678  141.66814164
 1630.54582248 2428.79131285 1792.64686916  558.49940453  272.43873392
  177.40357655   82.78833573   47.30762041   59.13452552  130.09595614
  141.92286124  118.26905104   59.13452552   35.48071531   82.78833573
  236.53810207  118.26905104  319.3264378  2077.10020882 1401.48825478
 1947.00425268 2445.21263017 2792.62796759 1779.94921809   82.78833573
  159.96894528   79.98447264   53.32298176  106.64596352  119.97670896
  106.64596352  106.64596352   93.31521808  133.3074544   133.3074544
   53.32298176   79.98447264  133.3074544   199.9611816  1591.35773691
  466.5760904    53.32298176   79.98447264   79.98447264  454.91168814
  228.28901566  869.83113997 1406.39364393  146.63819984  174.08373045
   63.30317471  110.78055574  110.78055574   47.47738103   31.65158735
   31.65158735   15.82579368   63.30317471   94.95476206  110.78055574
   63.30317471  142.43214309  696.33492179 1543.0148835    47.47738103
   47.47738103   31.65158735   47.47738103   47.47738103   63.30317471
   63.30317471 1175.06518051  205.7353178   183.43043454   61.14347818
  101.90579697   40.76231879   61.14347818   81.52463757   81.52463757
   61.14347818  101.90579697   20.38115939  122.28695636   40.76231879
  122.28695636 1039.43912906   40.76231879   61.14347818   40.76231879
   20.38115939   40.76231879   61.14347818   20.38115939   20.38115939
   61.14347818  550.29130362   89.63715827   89.63715827   59.75810551
   59.75810551   29.87905276   59.75810551   59.75810551   89.63715827
   29.87905276   29.87905276   29.87905276    0.            0.
   29.87905276   29.87905276   29.87905276    0.            0.
    0.            0.            0.            0.            0.
    0.            0.            0.            0.            0.        ]
