[ 122.46763921  228.34885971  103.79493623   72.65645536  103.79493623
  103.79493623  103.79493623  240.02579004  249.10784696  284.69847694
   76.2828455    76.2828455    54.48774678   54.48774678   54.48774678
   65.38529614   43.59019743  152.56569099   54.48774678  130.77059228
 1325.4144405  1640.08117817 1573.33368836  591.1920526   305.13138199
  224.71119697   94.61524083   47.30762041   70.96143062  153.74976635
  153.74976635  141.92286124   70.96143062   47.30762041  106.44214593
  320.80480094  141.92286124  378.46096332 1197.47414174  545.5159979
 1256.60866726 1221.12795195 1283.21920374 1910.04517423   82.78833573
  213.29192704   79.98447264   66.6537272   119.97670896  146.63819984
  119.97670896  133.3074544   119.97670896  159.96894528  173.29969072
   53.32298176  106.64596352  186.63043616  333.268636   1751.32668219
  533.2298176    39.99223632   66.6537272    79.98447264  589.88548572
  186.63043616  628.21137887 1752.99302537  173.29969072  221.56111148
   63.30317471  126.60634942  126.60634942   63.30317471   31.65158735
   31.65158735   47.47738103   79.12896838  126.60634942  142.43214309
   94.95476206  221.56111148 1301.67152993 1256.17237311   47.47738103
   31.65158735   31.65158735   47.47738103   63.30317471   47.47738103
   63.30317471 1080.11041845  174.08373045  244.57391272   61.14347818
  122.28695636   40.76231879   81.52463757   81.52463757  101.90579697
   61.14347818  101.90579697   40.76231879  122.28695636   61.14347818
  142.66811575  998.67681027   61.14347818   61.14347818   40.76231879
   20.38115939   40.76231879   61.14347818   20.38115939   20.38115939
   61.14347818  774.48405695   89.63715827   89.63715827   59.75810551
   59.75810551   29.87905276   59.75810551   89.63715827   89.63715827
   29.87905276   29.87905276   29.87905276    0.            0.
   29.87905276   29.87905276   29.87905276    0.            0.
    0.            0.            0.            0.            0.
    0.            0.            0.            0.            0.        ]
