[ 173.49582222  406.09768801   83.03594899   62.27696174   72.65645536
  145.31291073  145.31291073  281.54376453  259.48734058  426.36661858
   65.38529614   65.38529614   54.48774678   43.59019743   43.59019743
   54.48774678   32.69264807  294.23383263   65.38529614  152.56569099
 1619.64827313 1716.36402367 1716.36402367  843.19788147  326.9264807
  342.980248     82.78833573   47.30762041   59.13452552  130.09595614
  141.92286124  118.26905104   59.13452552   35.48071531   82.78833573
  569.16980811  224.71119697  508.55691946 1947.00425268 1151.64488446
 2468.86644038 1364.52917633 1794.73284947 1803.6030283    94.61524083
  321.60423374   79.98447264   53.32298176  106.64596352  119.97670896
  106.64596352  106.64596352   93.31521808  133.3074544   133.3074544
   53.32298176   79.98447264  306.60714512  479.90683584 1764.65742763
  974.81076031   66.6537272    79.98447264   79.98447264  494.90392446
  213.29192704  989.80784893 1861.30533207  239.95341792  332.34166722
   47.47738103  110.78055574  110.78055574   47.47738103   31.65158735
   31.65158735   15.82579368   63.30317471   94.95476206  110.78055574
   63.30317471  269.03849251 1204.73854366 1113.74023002   63.30317471
   47.47738103   47.47738103   47.47738103   63.30317471   63.30317471
   63.30317471 1078.13219424  253.21269883  224.19275333   61.14347818
  101.90579697   40.76231879   81.52463757   81.52463757   81.52463757
   61.14347818  101.90579697   20.38115939  101.90579697   61.14347818
  203.81159393 1284.01304178   61.14347818   61.14347818   40.76231879
   20.38115939   40.76231879   40.76231879   20.38115939   20.38115939
   61.14347818  713.34057877   59.75810551   59.75810551   59.75810551
   59.75810551   29.87905276   59.75810551   89.63715827   89.63715827
   59.75810551   29.87905276   29.87905276    0.            0.
   29.87905276   29.87905276   29.87905276    0.            0.
    0.            0.            0.            0.            0.
    0.            0.            0.            0.            0.        ]
