[ 204.11273202  291.92325816   93.41544261   72.65645536   83.03594899
  249.10784696   93.41544261  260.78477729  269.86683421  328.28867437
   76.2828455    76.2828455    54.48774678   54.48774678   54.48774678
   65.38529614   32.69264807  250.6436352    76.2828455   174.36078971
 1849.85900328 2198.5805827  1902.9845564   721.96264488  370.51667812
  283.84572249   94.61524083   47.30762041   70.96143062  153.74976635
  153.74976635  141.92286124   70.96143062   47.30762041   94.61524083
  427.24694687  236.53810207  567.69144497 1756.29540789  700.74412739
 1685.33397727 1994.3118731  1818.38665968 1791.7761232    94.61524083
  186.63043616   79.98447264   66.6537272   119.97670896  146.63819984
  119.97670896  133.3074544   119.97670896  146.63819984  159.96894528
   53.32298176   93.31521808  266.6149088   519.89907216 2086.26166138
  693.19876289   53.32298176   79.98447264   93.31521808 1004.80493755
  308.2734883   963.14635805 1351.40431899  241.6197611   189.90952412
   63.30317471  126.60634942  126.60634942   63.30317471   31.65158735
   31.65158735   31.65158735   63.30317471  110.78055574  126.60634942
   79.12896838  284.86428619 2284.84896211 1479.71170879   79.12896838
   47.47738103   47.47738103   63.30317471  110.78055574   63.30317471
   63.30317471 1080.11041845  205.7353178   203.81159393   61.14347818
  122.28695636   40.76231879   81.52463757   81.52463757  101.90579697
   61.14347818  101.90579697   40.76231879  122.28695636   61.14347818
  142.66811575 1452.15760677   81.52463757   61.14347818   40.76231879
   20.38115939   40.76231879   61.14347818   20.38115939   40.76231879
   61.14347818  591.05362241  119.51621102   89.63715827   59.75810551
   89.63715827   59.75810551   59.75810551   89.63715827   89.63715827
   59.75810551   59.75810551   29.87905276    0.            0.
   59.75810551    0.           29.87905276    0.            0.
   77.88437555    0.            0.            0.            0.
    0.            0.            0.            0.            0.        ]
