[ 173.49582222  364.57971352   83.03594899   62.27696174   72.65645536
  269.86683421  124.55392348  281.54376453  238.72835334  317.39112501
   65.38529614   65.38529614   54.48774678   43.59019743   43.59019743
   54.48774678   32.69264807  305.13138199   65.38529614  174.36078971
 1621.0104668  1957.47230318 1661.87627688  788.71013468  348.72157941
  354.80715311   82.78833573   47.30762041   59.13452552  130.09595614
  141.92286124  106.44214593   59.13452552   35.48071531   82.78833573
  580.99671322  224.71119697  425.76858373 1317.22155592  950.5874977
 3240.57199839 3348.49250746 1853.86737499 2017.9656833    82.78833573
  306.60714512   79.98447264   53.32298176  106.64596352  119.97670896
   93.31521808  106.64596352   93.31521808  133.3074544   133.3074544
   53.32298176   79.98447264  319.93789056  413.25310864 1671.34220955
  506.56832672   53.32298176   79.98447264   93.31521808  829.83890365
  228.28901566  936.48486717 1499.70886201  159.96894528  174.08373045
   47.47738103  110.78055574  110.78055574   47.47738103   31.65158735
   31.65158735   31.65158735   63.30317471   94.95476206  110.78055574
   63.30317471  269.03849251 2079.11364431  953.50406904   47.47738103
   31.65158735   31.65158735   47.47738103   79.12896838   63.30317471
   63.30317471 1333.32311728  221.56111148  183.43043454   40.76231879
  101.90579697   40.76231879   61.14347818   81.52463757   81.52463757
   61.14347818  101.90579697   20.38115939  101.90579697   61.14347818
  203.81159393 1019.05796967   61.14347818   61.14347818   40.76231879
   20.38115939   40.76231879   61.14347818   20.38115939   20.38115939
   61.14347818  774.48405695   89.63715827   59.75810551   59.75810551
   59.75810551   29.87905276   59.75810551   89.63715827   59.75810551
   29.87905276   29.87905276   29.87905276    0.            0.
   29.87905276   29.87905276   29.87905276    0.            0.
    0.            0.            0.            0.            0.
    0.            0.            0.            0.            0.        ]
