[  81.64509281  155.69240435   83.03594899   62.27696174   72.65645536
   62.27696174   83.03594899  229.64629642  186.83088522  197.51808209
   65.38529614   76.2828455    54.48774678   43.59019743   43.59019743
   54.48774678   32.69264807   98.07794421   54.48774678  119.87304292
 1325.4144405  1781.74931981 1640.08117817  525.80675646  239.74608585
  165.57667145   82.78833573   47.30762041   70.96143062  130.09595614
  141.92286124  118.26905104   59.13452552   47.30762041   70.96143062
  212.88429187  106.44214593  307.49953269 1624.72108861  807.18627332
 2374.25119955 2470.34480352 1509.40876385 1673.50707216   70.96143062
  159.96894528   66.6537272    53.32298176  106.64596352  119.97670896
   93.31521808  106.64596352   93.31521808  133.3074544   133.3074544
   53.32298176   79.98447264  119.97670896  186.63043616 1884.6341366
  466.5760904    53.32298176   79.98447264   79.98447264  483.2395222
  226.62267248  963.14635805 1526.37035289  133.3074544   158.25793677
   47.47738103  110.78055574  110.78055574   47.47738103   15.82579368
   31.65158735   31.65158735   47.47738103   94.95476206  110.78055574
   79.12896838  126.60634942  617.2059534  1066.26284898   47.47738103
   31.65158735   31.65158735   47.47738103   47.47738103   47.47738103
   63.30317471 1143.41359316  126.60634942  183.43043454   40.76231879
  101.90579697   40.76231879   61.14347818   61.14347818   81.52463757
   61.14347818  101.90579697   20.38115939  101.90579697   40.76231879
  122.28695636 1120.96376663   40.76231879   40.76231879   40.76231879
   20.38115939   40.76231879   40.76231879   20.38115939   20.38115939
   61.14347818  428.00434726   89.63715827   59.75810551   29.87905276
   59.75810551   29.87905276   59.75810551   59.75810551   59.75810551
   29.87905276   29.87905276    0.            0.            0.
   29.87905276    0.           29.87905276    0.            0.
    0.            0.            0.            0.            0.
    0.            0.            0.            0.           77.88437555]
