[ 193.90709542  240.02579004   83.03594899   62.27696174   72.65645536
  207.58987247  103.79493623  219.26680279  228.34885971  306.49357565
   65.38529614   76.2828455    54.48774678   54.48774678   43.59019743
   54.48774678   32.69264807  174.36078971   65.38529614  163.46324035
 1697.29331229 1848.49680961 1694.56892495  930.37827632  348.72157941
  189.23048166   82.78833573   47.30762041   70.96143062  141.92286124
  153.74976635  130.09595614   59.13452552   35.48071531   82.78833573
  285.32408562  189.23048166  449.42239394 1638.02635685  807.18627332
 1626.19945175 1649.85326195 1853.86737499 2409.73191486   94.61524083
  173.29969072   66.6537272    66.6537272   106.64596352  133.3074544
  106.64596352  119.97670896  106.64596352  146.63819984  146.63819984
   53.32298176   79.98447264  173.29969072  413.25310864 1764.65742763
  733.19099921   53.32298176   79.98447264   79.98447264  816.50815821
  268.28125198  936.48486717 1766.32377081  173.29969072  174.08373045
   63.30317471  110.78055574  110.78055574   63.30317471   31.65158735
   31.65158735   31.65158735   63.30317471  110.78055574  126.60634942
   63.30317471  269.03849251 1794.24935812 1461.90769091   63.30317471
   47.47738103   31.65158735   47.47738103   63.30317471   63.30317471
   63.30317471 1206.71676787  189.90952412  183.43043454   61.14347818
  101.90579697   40.76231879   81.52463757   81.52463757   81.52463757
   61.14347818  101.90579697   40.76231879  101.90579697   61.14347818
  142.66811575 1368.08532428   61.14347818   61.14347818   40.76231879
   20.38115939   40.76231879   61.14347818   20.38115939   20.38115939
   61.14347818  672.57825998   89.63715827   59.75810551   59.75810551
   59.75810551   29.87905276   59.75810551   89.63715827   89.63715827
   59.75810551   59.75810551   29.87905276    0.            0.
   29.87905276    0.           29.87905276    0.            0.
   77.88437555    0.            0.            0.            0.
    0.            0.            0.            0.            0.        ]
