[ 255.14091503  416.47718164  134.9334171   103.79493623  124.55392348
  186.83088522  186.83088522  323.06173903  404.80025131  634.78225002
  108.97549357   98.07794421   76.2828455    65.38529614   65.38529614
   76.2828455    65.38529614  316.02893134   87.18039485  174.36078971
 1423.49238471 1563.79833267 1672.77382624  625.24689434  533.97991847
  461.24929904  130.09595614   70.96143062   82.78833573  177.40357655
  177.40357655  165.57667145   82.78833573   59.13452552  141.92286124
  617.95579166  248.36500718  626.82597049 1649.85326195  808.66463646
 1567.06492623 1472.4496854  1367.48590261 1935.17734758  130.09595614
  374.9272155   106.64596352   79.98447264  146.63819984  159.96894528
  133.3074544   146.63819984  133.3074544   186.63043616  199.9611816
   66.6537272   146.63819984  373.26087232  466.5760904  2367.8736588
  893.15994449   66.6537272    93.31521808   93.31521808  683.20070381
  214.95827022  723.19294013 1713.00078905  294.94274286  411.4706356
   79.12896838  142.43214309  158.25793677   79.12896838   31.65158735
   47.47738103   47.47738103   79.12896838  142.43214309  174.08373045
   94.95476206  348.16746089 1841.72673915 1669.62123292   94.95476206
   47.47738103   47.47738103   63.30317471   94.95476206   63.30317471
   63.30317471 1428.27787934  221.56111148  448.38550665   81.52463757
  142.66811575   61.14347818  101.90579697  101.90579697  101.90579697
   81.52463757  122.28695636   40.76231879  142.66811575   81.52463757
  244.57391272 2002.44891039   81.52463757   81.52463757   40.76231879
   40.76231879   40.76231879   81.52463757   20.38115939   40.76231879
   81.52463757  692.95941937  119.51621102  119.51621102   59.75810551
   89.63715827   59.75810551   59.75810551   89.63715827  119.51621102
   59.75810551   59.75810551   29.87905276    0.            0.
   59.75810551   29.87905276   59.75810551    0.            0.
   77.88437555    0.            0.            0.            0.
    0.            0.            0.            0.            0.        ]
