[  91.85072941  166.07189797   83.03594899   62.27696174   83.03594899
   72.65645536   93.41544261  260.78477729  197.21037884  197.51808209
   65.38529614   76.2828455    54.48774678   54.48774678   43.59019743
   54.48774678   32.69264807  108.97549357   54.48774678  141.66814164
 1729.98596036 2362.04382305 1443.92528975  591.1920526   294.23383263
  177.40357655   82.78833573   47.30762041   70.96143062  141.92286124
  153.74976635  141.92286124   59.13452552   35.48071531   82.78833573
  224.71119697  118.26905104  307.49953269 1994.3118731  1366.00753947
 3443.10774829 2505.82551883 2044.57621979 1612.89418351   82.78833573
  159.96894528   79.98447264   53.32298176  119.97670896  133.3074544
  119.97670896  119.97670896  119.97670896  146.63819984  146.63819984
   53.32298176   79.98447264  133.3074544   199.9611816  1791.31891851
  466.5760904    53.32298176   93.31521808  106.64596352 1326.40917129
  268.28125198 1204.76611915 1391.39655531  146.63819984  174.08373045
   63.30317471  126.60634942  126.60634942   63.30317471   31.65158735
   31.65158735   15.82579368   63.30317471  110.78055574  126.60634942
   63.30317471  142.43214309  696.33492179 1018.78546795   63.30317471
   47.47738103   47.47738103   63.30317471   79.12896838   63.30317471
   63.30317471 1159.23938684  189.90952412  183.43043454   61.14347818
  101.90579697   40.76231879   81.52463757   81.52463757  101.90579697
   61.14347818  101.90579697   20.38115939  101.90579697   61.14347818
  122.28695636 1243.25072299   61.14347818   61.14347818   40.76231879
   20.38115939   40.76231879   61.14347818   20.38115939   40.76231879
   61.14347818  794.86521634   89.63715827   89.63715827   59.75810551
   89.63715827   29.87905276   59.75810551   89.63715827   89.63715827
   29.87905276   29.87905276   29.87905276    0.            0.
   29.87905276   29.87905276   29.87905276    0.            0.
    0.            0.            0.            0.            0.
    0.            0.            0.            0.            0.        ]
