[ 132.67327581  250.40528366  103.79493623   72.65645536   93.41544261
  114.17442986  134.9334171   281.54376453  259.48734058  404.57151986
   76.2828455    76.2828455    54.48774678   54.48774678   54.48774678
   65.38529614   43.59019743  196.15588842   65.38529614  152.56569099
 1565.16052634 1804.90661219 1650.97872753  558.49940453  370.51667812
  295.67262759   94.61524083   59.13452552   70.96143062  141.92286124
  153.74976635  130.09595614   70.96143062   47.30762041  106.44214593
  403.59313666  165.57667145  402.11477352 1768.12231299  558.82126615
 1388.18298654 1601.0672784  1995.79023624 1720.81469258  118.26905104
  279.94565424   79.98447264   53.32298176  119.97670896  133.3074544
  106.64596352  119.97670896  106.64596352  146.63819984  159.96894528
   53.32298176  106.64596352  239.95341792  253.28416336 1964.61860924
  506.56832672   53.32298176   79.98447264   79.98447264  696.53144925
  226.62267248  723.19294013 1619.68557097  253.28416336  316.51587354
   63.30317471  110.78055574  110.78055574   63.30317471   31.65158735
   31.65158735   15.82579368   63.30317471  110.78055574  126.60634942
   63.30317471  237.38690515 1030.65481321 1366.95292885   63.30317471
   47.47738103   31.65158735   47.47738103   79.12896838   47.47738103
   63.30317471 1175.06518051  205.7353178   346.47970969   61.14347818
  101.90579697   40.76231879   81.52463757   81.52463757   81.52463757
   61.14347818  101.90579697   20.38115939  101.90579697   61.14347818
  163.04927515  817.79402066   61.14347818   61.14347818   40.76231879
   20.38115939   40.76231879  101.90579697   20.38115939   20.38115939
   61.14347818  654.74474551   89.63715827   89.63715827   59.75810551
   59.75810551   29.87905276   59.75810551   89.63715827   89.63715827
   59.75810551   29.87905276   29.87905276    0.            0.
   29.87905276   29.87905276   29.87905276    0.            0.
   77.88437555    0.            0.            0.            0.
    0.            0.            0.            0.            0.        ]
