[  81.64509281  155.69240435   72.65645536   62.27696174   72.65645536
   72.65645536   83.03594899  240.02579004  207.58987247  186.62053273
   54.48774678   65.38529614   54.48774678   43.59019743   43.59019743
   54.48774678   32.69264807   98.07794421   43.59019743  152.56569099
 1565.16052634 2242.17078012 1672.77382624  897.68562825  294.23383263
  165.57667145   82.78833573   35.48071531   59.13452552  118.26905104
  118.26905104  118.26905104   59.13452552   35.48071531   70.96143062
  212.88429187  106.44214593  283.84572249 1482.79822737 1057.02964364
 2136.23473434 1720.81469258 1639.50471999 1791.7761232    70.96143062
  146.63819984   66.6537272    53.32298176  106.64596352  119.97670896
   93.31521808  106.64596352   93.31521808  119.97670896  133.3074544
   39.99223632   79.98447264  119.97670896  199.9611816  1564.69624603
  493.23758128   39.99223632   66.6537272    79.98447264  776.51592189
  226.62267248  898.15897403 1726.33153449  133.3074544   158.25793677
   47.47738103   94.95476206   94.95476206   47.47738103   15.82579368
   31.65158735   31.65158735   47.47738103   94.95476206  110.78055574
   63.30317471  142.43214309  743.81230282 1080.11041845   47.47738103
   31.65158735   31.65158735   47.47738103   63.30317471   47.47738103
   63.30317471 1014.82901953  158.25793677  163.04927515   40.76231879
  101.90579697   40.76231879   61.14347818   61.14347818   81.52463757
   61.14347818   81.52463757   20.38115939   81.52463757   61.14347818
  122.28695636 1100.58260724   40.76231879   40.76231879   40.76231879
   20.38115939   40.76231879   20.38115939   20.38115939   20.38115939
   61.14347818  529.91014423   59.75810551   89.63715827   29.87905276
   59.75810551   29.87905276   29.87905276   59.75810551   59.75810551
   29.87905276   29.87905276    0.            0.            0.
   29.87905276    0.            0.            0.            0.
    0.            0.            0.            0.            0.
    0.            0.            0.            0.            0.        ]
