[ 142.87891241  323.06173903   83.03594899   62.27696174   72.65645536
  124.55392348  124.55392348  281.54376453  228.34885971  295.5960263
   65.38529614   76.2828455    54.48774678   43.59019743   43.59019743
   54.48774678   32.69264807  228.84853649   54.48774678  141.66814164
 1608.75072377 1935.67720447 1661.87627688  645.67979938  359.61912877
  224.71119697   82.78833573   35.48071531   47.30762041  118.26905104
  141.92286124  118.26905104   59.13452552   47.30762041   82.78833573
  474.55456728  189.23048166  390.28786842 1923.35044248  736.2248427
 1541.93275288 1768.12231299 1615.85090978 2349.11902621   82.78833573
  226.62267248   79.98447264   53.32298176   93.31521808  119.97670896
   93.31521808  106.64596352   93.31521808  119.97670896  133.3074544
   39.99223632   79.98447264  239.95341792  239.95341792 1429.72244845
  426.58385408   39.99223632   66.6537272    79.98447264  736.52368557
  254.95050654  909.82337629 1766.32377081  226.62267248  205.7353178
   47.47738103  110.78055574  110.78055574   47.47738103   15.82579368
   31.65158735   31.65158735   47.47738103   94.95476206  110.78055574
   47.47738103  221.56111148 1333.32311728  874.37510065   63.30317471
   31.65158735   31.65158735   47.47738103   94.95476206   47.47738103
   63.30317471  951.52584483  189.90952412  183.43043454   40.76231879
  101.90579697   40.76231879   61.14347818   81.52463757   81.52463757
   61.14347818  101.90579697   20.38115939   81.52463757   61.14347818
  183.43043454 1080.20144785   40.76231879   61.14347818   40.76231879
   20.38115939   40.76231879   81.52463757   20.38115939   20.38115939
   61.14347818  529.91014423   89.63715827   59.75810551   59.75810551
   59.75810551   29.87905276   59.75810551   59.75810551   89.63715827
   29.87905276   29.87905276    0.            0.            0.
   29.87905276   29.87905276   29.87905276    0.            0.
    0.            0.            0.            0.            0.
    0.            0.            0.            0.            0.        ]
