[ 102.05636601  186.83088522   93.41544261   62.27696174   83.03594899
   72.65645536   93.41544261  250.40528366  228.34885971  230.21073016
   76.2828455    76.2828455    54.48774678   54.48774678   43.59019743
   54.48774678   32.69264807  119.87304292   54.48774678  152.56569099
 1653.70311487 2111.40018784 1443.92528975  612.98715131  261.54118456
  189.23048166   82.78833573   59.13452552   70.96143062  141.92286124
  153.74976635  130.09595614   59.13452552   35.48071531   94.61524083
  248.36500718  118.26905104  342.980248   2242.67688027  523.34055084
 1638.02635685 2112.58092413 4015.23428268 1779.94921809   82.78833573
  173.29969072   79.98447264   66.6537272   106.64596352  119.97670896
  106.64596352  106.64596352   93.31521808  133.3074544   146.63819984
   53.32298176   93.31521808  133.3074544   226.62267248 2326.2150793
  426.58385408   53.32298176   66.6537272    79.98447264  776.51592189
  239.95341792  829.83890365 1593.02408009  159.96894528  174.08373045
   47.47738103  110.78055574  110.78055574   47.47738103   31.65158735
   31.65158735   15.82579368   47.47738103   94.95476206  110.78055574
   63.30317471  158.25793677  791.28968385 1000.98145007   47.47738103
   31.65158735   31.65158735   47.47738103   63.30317471   63.30317471
   63.30317471 1030.65481321  205.7353178   203.81159393   61.14347818
  101.90579697   40.76231879   61.14347818   81.52463757   81.52463757
   61.14347818  101.90579697   20.38115939  101.90579697   61.14347818
  122.28695636 1306.9418461    61.14347818   61.14347818   40.76231879
   20.38115939   40.76231879   81.52463757   20.38115939   20.38115939
   61.14347818  550.29130362   89.63715827   59.75810551   59.75810551
   59.75810551   29.87905276   59.75810551   59.75810551   59.75810551
   29.87905276   29.87905276    0.            0.            0.
   29.87905276   29.87905276   29.87905276    0.            0.
    0.            0.            0.            0.            0.
    0.            0.            0.            0.            0.        ]
