[ 142.87891241  260.78477729  103.79493623   83.03594899  103.79493623
  114.17442986  134.9334171   250.40528366  269.86683421  437.26416793
   87.18039485   87.18039485   65.38529614   54.48774678   54.48774678
   65.38529614   43.59019743  185.25833906   65.38529614  141.66814164
 1610.11291744 1574.69588203 1378.53999361  623.88470067  370.51667812
  331.1533429   106.44214593   47.30762041   70.96143062  153.74976635
  165.57667145  141.92286124   70.96143062   47.30762041  118.26905104
  391.76623156  165.57667145  425.76858373 1114.68580602  546.99436104
 1293.56774571 1281.7408406  1259.56539354 1768.12231299  106.44214593
  306.60714512   93.31521808   66.6537272   119.97670896  146.63819984
  119.97670896  133.3074544   119.97670896  159.96894528  173.29969072
   53.32298176  119.97670896  239.95341792  346.59938144 1791.31891851
  679.86801745   53.32298176   79.98447264   79.98447264  736.52368557
  254.95050654  776.51592189 1579.69333465  253.28416336  316.51587354
   63.30317471  126.60634942  126.60634942   63.30317471   31.65158735
   31.65158735   31.65158735   79.12896838  126.60634942  158.25793677
   79.12896838  237.38690515 1301.67152993 1574.66647086   63.30317471
   47.47738103   31.65158735   47.47738103   79.12896838   47.47738103
   63.30317471 1080.11041845  174.08373045  346.47970969   61.14347818
  122.28695636   40.76231879   81.52463757  101.90579697  101.90579697
   81.52463757  122.28695636   40.76231879  122.28695636   81.52463757
  163.04927515 1449.60996185   61.14347818   61.14347818   40.76231879
   20.38115939   40.76231879   61.14347818   20.38115939   20.38115939
   61.14347818  611.4347818   119.51621102   89.63715827   59.75810551
   89.63715827   29.87905276   59.75810551   89.63715827   89.63715827
   59.75810551   59.75810551   29.87905276    0.            0.
   29.87905276   29.87905276   29.87905276    0.            0.
    0.            0.            0.            0.            0.
    0.            0.            0.            0.            0.        ]
