[ 102.05636601  228.34885971   83.03594899   62.27696174   72.65645536
  114.17442986  114.17442986  260.78477729  228.34885971  230.21073016
   65.38529614   76.2828455    54.48774678   43.59019743   43.59019743
   54.48774678   32.69264807  217.95098713   54.48774678  152.56569099
 1434.38993406 1574.69588203 1770.85177045  723.32483854  283.33628327
  201.05738676   82.78833573   47.30762041   59.13452552  141.92286124
  141.92286124  130.09595614   59.13452552   35.48071531   70.96143062
  415.42004176  177.40357655  295.67262759 1305.39465081  594.30198146
 1923.35044248 2315.11667403 1627.67781489 1363.05081319   82.78833573
  186.63043616   79.98447264   53.32298176  106.64596352  133.3074544
  106.64596352  119.97670896  106.64596352  133.3074544   146.63819984
   53.32298176   79.98447264  213.29192704  226.62267248 1591.35773691
  559.89130848   39.99223632   66.6537272    79.98447264 1206.43246233
  308.2734883   911.48971947 1393.06289849  146.63819984  174.08373045
   47.47738103  110.78055574  110.78055574   47.47738103   31.65158735
   31.65158735   15.82579368   63.30317471   94.95476206  110.78055574
   63.30317471  221.56111148  904.0484638   858.54930697   47.47738103
   31.65158735   31.65158735   47.47738103  110.78055574   47.47738103
   63.30317471  983.17743218  174.08373045  163.04927515   61.14347818
  101.90579697   40.76231879   61.14347818   81.52463757   81.52463757
   61.14347818  101.90579697   20.38115939  101.90579697   61.14347818
  183.43043454 1120.96376663   40.76231879   40.76231879   40.76231879
   20.38115939   40.76231879   61.14347818   20.38115939   20.38115939
   61.14347818  611.4347818    89.63715827   89.63715827   59.75810551
   59.75810551   29.87905276   59.75810551   59.75810551   59.75810551
   29.87905276   29.87905276    0.            0.            0.
   29.87905276   29.87905276    0.            0.            0.
    0.            0.            0.            0.            0.
    0.            0.            0.            0.            0.        ]
