[ 153.08454902  219.26680279   72.65645536   51.89746812   72.65645536
   72.65645536   83.03594899  208.88730917  197.21037884  241.10827951
   65.38529614   65.38529614   43.59019743   43.59019743   43.59019743
   54.48774678   32.69264807  141.66814164   54.48774678  141.66814164
 1390.79973664 1683.6713756  1596.49098074 1269.56450004  294.23383263
  165.57667145   70.96143062   35.48071531   59.13452552  130.09595614
  130.09595614  118.26905104   59.13452552   35.48071531   70.96143062
  249.84337031  130.09595614  521.8621877  1411.83679674  677.09031718
 2029.79258841 1661.68016706 1924.82880561 1874.56445892   82.78833573
  159.96894528   66.6537272    53.32298176  106.64596352  119.97670896
   93.31521808  106.64596352   93.31521808  133.3074544   133.3074544
   53.32298176   79.98447264  159.96894528  359.93012688 1724.66519131
  613.21429024   53.32298176   66.6537272    79.98447264  883.16188541
  294.94274286  883.16188541 1406.39364393  199.9611816   158.25793677
   47.47738103  110.78055574  110.78055574   47.47738103    0.
   31.65158735   15.82579368   47.47738103   94.95476206  110.78055574
   63.30317471  221.56111148 1283.86751204 1192.8691984    63.30317471
   31.65158735   31.65158735   47.47738103   63.30317471   47.47738103
   63.30317471 1301.67152993  174.08373045  163.04927515   40.76231879
  101.90579697   40.76231879   61.14347818   61.14347818   81.52463757
   61.14347818  101.90579697   20.38115939   81.52463757   61.14347818
  122.28695636 1059.82028845   61.14347818   61.14347818   40.76231879
   20.38115939   40.76231879   40.76231879   20.38115939   20.38115939
   61.14347818  468.76666605   59.75810551   59.75810551   29.87905276
   59.75810551   29.87905276   59.75810551   59.75810551   59.75810551
   29.87905276   29.87905276    0.            0.            0.
   29.87905276    0.           29.87905276    0.            0.
    0.            0.            0.            0.            0.
    0.            0.            0.            0.            0.        ]
