[ 112.26200261  207.58987247  103.79493623   72.65645536  103.79493623
   93.41544261  103.79493623  240.02579004  228.34885971  273.80092758
   76.2828455    76.2828455    54.48774678   54.48774678   43.59019743
   54.48774678   32.69264807  141.66814164   54.48774678  130.77059228
 1247.76940133 2089.60508913 1411.23264168  580.29450324  283.33628327
  212.88429187   94.61524083   59.13452552   70.96143062  153.74976635
  153.74976635  130.09595614   70.96143062   47.30762041  106.44214593
  285.32408562  130.09595614  354.80715311 1126.51271112  535.16745594
 1209.30104684 1222.60631509 1212.25777312 1969.17969975   82.78833573
  199.9611816    79.98447264   66.6537272   119.97670896  133.3074544
  119.97670896  119.97670896  119.97670896  159.96894528  159.96894528
   53.32298176  106.64596352  173.29969072  253.28416336 1631.34997323
  599.8835448    39.99223632   66.6537272    66.6537272   656.53921293
  226.62267248  563.22399484 1659.67780729  159.96894528  205.7353178
   63.30317471  126.60634942  126.60634942   63.30317471   31.65158735
   31.65158735   15.82579368   63.30317471  110.78055574  142.43214309
   79.12896838  189.90952412  856.57108276 1351.12713517   63.30317471
   31.65158735   31.65158735   47.47738103   63.30317471   47.47738103
   63.30317471 1014.82901953  189.90952412  244.57391272   61.14347818
  101.90579697   40.76231879   81.52463757   81.52463757  101.90579697
   61.14347818  101.90579697   40.76231879  122.28695636   61.14347818
  142.66811575 1161.72608542   61.14347818   61.14347818   40.76231879
   20.38115939   40.76231879   81.52463757   20.38115939   20.38115939
   61.14347818  713.34057877   89.63715827   89.63715827   59.75810551
   59.75810551   29.87905276   59.75810551   89.63715827   89.63715827
   29.87905276   29.87905276    0.            0.            0.
   29.87905276    0.           29.87905276    0.            0.
    0.            0.            0.            0.            0.
    0.            0.            0.            0.            0.        ]
