[ 102.05636601  186.83088522   83.03594899   72.65645536   83.03594899
   83.03594899  103.79493623  312.6822454   217.96936609  241.10827951
   76.2828455    76.2828455    54.48774678   43.59019743   43.59019743
   54.48774678   32.69264807  119.87304292   54.48774678  152.56569099
 2408.35840781 1892.08700704 1411.23264168  493.11410839  294.23383263
  189.23048166   82.78833573   47.30762041   59.13452552  130.09595614
  141.92286124  118.26905104   59.13452552   35.48071531   82.78833573
  260.19191228  130.09595614  307.49953269 1268.43557236  795.35936822
 1234.43322019 2873.93794018 2686.18582166 2088.92711393   82.78833573
  173.29969072   79.98447264   53.32298176  106.64596352  119.97670896
  106.64596352  106.64596352  106.64596352  133.3074544   146.63819984
   53.32298176   93.31521808  146.63819984  266.6149088  1483.04543021
  559.89130848   39.99223632   79.98447264   79.98447264  481.57317902
  334.93497918 1216.43052141 1419.72438937  159.96894528  189.90952412
   47.47738103  110.78055574  110.78055574   47.47738103   31.65158735
   31.65158735   31.65158735   63.30317471   94.95476206  126.60634942
   63.30317471  158.25793677  822.9412712  1509.38507194   47.47738103
   31.65158735   31.65158735   47.47738103   63.30317471   63.30317471
   63.30317471 1412.45208567  174.08373045  203.81159393   61.14347818
  101.90579697   40.76231879   81.52463757   81.52463757   81.52463757
   61.14347818  101.90579697   20.38115939  122.28695636   61.14347818
  142.66811575 1182.10724481   61.14347818   61.14347818   40.76231879
   20.38115939   40.76231879   81.52463757   20.38115939   20.38115939
   61.14347818  529.91014423   89.63715827   59.75810551   59.75810551
   59.75810551   29.87905276   59.75810551   89.63715827   89.63715827
   29.87905276   29.87905276   29.87905276    0.            0.
   29.87905276   29.87905276   29.87905276    0.            0.
    0.            0.            0.            0.            0.
    0.            0.            0.            0.            0.        ]
