[ 153.08454902  229.64629642   83.03594899   62.27696174   72.65645536
   72.65645536   93.41544261  229.64629642  207.58987247  252.00582887
   65.38529614   65.38529614   54.48774678   43.59019743   43.59019743
   54.48774678   32.69264807  163.46324035   54.48774678  152.56569099
 1510.67277956 1826.7017109  1926.14184878 1336.31198985  316.02893134
  177.40357655   82.78833573   35.48071531   59.13452552  130.09595614
  130.09595614  118.26905104   59.13452552   35.48071531   70.96143062
  285.32408562  153.74976635  473.07620414 1376.35608143  688.91722229
 1876.04282206 2017.9656833  1842.04046989 1982.48496799   82.78833573
  159.96894528   66.6537272    53.32298176  106.64596352  119.97670896
   93.31521808  106.64596352   93.31521808  133.3074544   133.3074544
   53.32298176   79.98447264  159.96894528  399.9223632  1791.31891851
  586.55279936   53.32298176   79.98447264   79.98447264  656.53921293
  241.6197611   909.82337629 1619.68557097  213.29192704  158.25793677
   47.47738103  110.78055574  110.78055574   47.47738103   15.82579368
   31.65158735   15.82579368   63.30317471   94.95476206  110.78055574
   63.30317471  221.56111148 1762.59777077 1271.99816678   63.30317471
   31.65158735   31.65158735   47.47738103   63.30317471   47.47738103
   63.30317471 1206.71676787  174.08373045  183.43043454   61.14347818
  101.90579697   40.76231879   61.14347818   81.52463757   81.52463757
   61.14347818  101.90579697   20.38115939  101.90579697   61.14347818
  122.28695636 1100.58260724   61.14347818   61.14347818   40.76231879
   20.38115939   40.76231879   40.76231879   20.38115939   20.38115939
   61.14347818  550.29130362   59.75810551   59.75810551   59.75810551
   59.75810551   29.87905276   59.75810551   59.75810551   89.63715827
   29.87905276   29.87905276   29.87905276    0.            0.
   29.87905276    0.           29.87905276    0.            0.
    0.            0.            0.            0.            0.
    0.            0.            0.            0.            0.        ]
