[  91.85072941  186.83088522   72.65645536   51.89746812   72.65645536
   83.03594899   93.41544261  188.12832192  207.58987247  252.00582887
   65.38529614   65.38529614   43.59019743   43.59019743   43.59019743
   54.48774678   32.69264807  141.66814164   54.48774678  119.87304292
 1258.66695069 1476.61793782 1125.17197107  460.42146032  261.54118456
  177.40357655   82.78833573   47.30762041   47.30762041  130.09595614
  141.92286124  118.26905104   59.13452552   35.48071531   82.78833573
  285.32408562  141.92286124  272.01881738 1553.75965799  641.60960187
 1470.97132226 1305.39465081 1913.00190051 1518.27894268   70.96143062
  173.29969072   66.6537272    53.32298176   93.31521808  119.97670896
   93.31521808  106.64596352   93.31521808  133.3074544   133.3074544
   39.99223632   79.98447264  186.63043616  213.29192704 1698.00370043
  573.22205392   39.99223632   66.6537272    66.6537272  1111.45090107
  239.95341792  709.86219469 1513.03960745  146.63819984  174.08373045
   47.47738103   94.95476206  110.78055574   47.47738103   15.82579368
   31.65158735   31.65158735   47.47738103   94.95476206  110.78055574
   63.30317471  189.90952412  935.70005115 1541.03665929   47.47738103
   31.65158735   31.65158735   47.47738103   79.12896838   47.47738103
   47.47738103 1014.82901953  126.60634942  183.43043454   40.76231879
  101.90579697   40.76231879   61.14347818   61.14347818   81.52463757
   61.14347818  101.90579697   20.38115939  101.90579697   40.76231879
  142.66811575 1202.48840421   40.76231879   40.76231879   40.76231879
   20.38115939   40.76231879   40.76231879   20.38115939   20.38115939
   61.14347818  448.38550665   89.63715827   89.63715827   29.87905276
   59.75810551   29.87905276   29.87905276   59.75810551   59.75810551
   29.87905276   29.87905276    0.            0.            0.
   29.87905276    0.           29.87905276    0.            0.
    0.            0.            0.            0.            0.
    0.            0.            0.            0.            0.        ]
