[ 193.90709542  260.78477729   93.41544261   62.27696174   83.03594899
  228.34885971  103.79493623  229.64629642  249.10784696  306.49357565
   76.2828455    76.2828455    54.48774678   43.59019743   43.59019743
   54.48774678   32.69264807  207.05343778   65.38529614  174.36078971
 1610.11291744 1902.9845564  1859.39435897 1247.76940133  359.61912877
  201.05738676   82.78833573   47.30762041   59.13452552  141.92286124
  130.09595614  118.26905104   59.13452552   47.30762041   82.78833573
  356.28551625  224.71119697  544.03763477 1697.16088237  796.83773136
 1874.56445892 1815.42993341 1913.00190051 2230.84997517   94.61524083
  173.29969072   66.6537272    66.6537272   119.97670896  133.3074544
  106.64596352  119.97670896  106.64596352  146.63819984  146.63819984
   53.32298176   79.98447264  213.29192704  479.90683584 1937.95711836
  666.53727201   66.6537272    79.98447264   79.98447264  843.16964909
  268.28125198 1044.79717387 1646.34706185  253.28416336  174.08373045
   63.30317471  110.78055574  110.78055574   63.30317471   15.82579368
   31.65158735   31.65158735   63.30317471  110.78055574  126.60634942
   63.30317471  284.86428619 2144.39504323 1509.38507194   79.12896838
   47.47738103   47.47738103   47.47738103   63.30317471   63.30317471
   63.30317471 1206.71676787  205.7353178   183.43043454   61.14347818
  101.90579697   40.76231879   81.52463757   81.52463757  101.90579697
   61.14347818  101.90579697   40.76231879  101.90579697   61.14347818
  142.66811575 1554.06340374   61.14347818   61.14347818   40.76231879
   20.38115939   40.76231879   61.14347818   20.38115939   40.76231879
   61.14347818  631.81594119   89.63715827   89.63715827   59.75810551
   59.75810551   29.87905276   59.75810551   89.63715827   89.63715827
   59.75810551   59.75810551   29.87905276    0.            0.
   59.75810551    0.           29.87905276    0.            0.
   77.88437555    0.            0.            0.            0.
    0.            0.            0.            0.            0.        ]
