[ 153.08454902  260.78477729  103.79493623   83.03594899  103.79493623
  124.55392348  134.9334171   271.16427091  280.24632783  404.57151986
   87.18039485   87.18039485   65.38529614   54.48774678   54.48774678
   65.38529614   43.59019743  207.05343778   65.38529614  152.56569099
 1303.61934178 1531.1056846  1476.61793782  623.88470067  370.51667812
  295.67262759  106.44214593   70.96143062   70.96143062  165.57667145
  177.40357655  141.92286124   70.96143062   59.13452552  130.09595614
  427.24694687  177.40357655  473.07620414 1303.91628767  867.79916198
 1376.35608143 1210.77940998 1355.6589975  1732.64159768  118.26905104
  266.6149088    93.31521808   66.6537272   133.3074544   146.63819984
  119.97670896  133.3074544   133.3074544   159.96894528  173.29969072
   66.6537272   119.97670896  266.6149088   359.93012688 2019.60793418
  893.15994449   53.32298176   79.98447264   79.98447264  576.55474028
  213.29192704  736.52368557 1499.70886201  226.62267248  300.69007986
   63.30317471  126.60634942  126.60634942   63.30317471   31.65158735
   31.65158735   31.65158735   79.12896838  126.60634942  158.25793677
   79.12896838  300.69007986 1713.14216553 1717.09861395   79.12896838
   47.47738103   47.47738103   47.47738103   79.12896838   63.30317471
   63.30317471 1111.76200581  189.90952412  326.09855029   61.14347818
  122.28695636   40.76231879   81.52463757  101.90579697  101.90579697
   81.52463757  122.28695636   40.76231879  142.66811575   81.52463757
  183.43043454 1676.3503601    81.52463757   61.14347818   40.76231879
   20.38115939   40.76231879   61.14347818   20.38115939   20.38115939
   61.14347818  591.05362241  119.51621102  119.51621102   59.75810551
   89.63715827   59.75810551   59.75810551   89.63715827   89.63715827
   59.75810551   59.75810551   29.87905276    0.            0.
   29.87905276   29.87905276   29.87905276    0.            0.
    0.            0.            0.            0.            0.
    0.            0.            0.            0.            0.        ]
