[ 173.49582222  406.09768801   83.03594899   62.27696174   72.65645536
  280.24632783  114.17442986  271.16427091  290.62582145  350.08377308
   65.38529614   65.38529614   54.48774678   43.59019743   43.59019743
   54.48774678   32.69264807  305.13138199   65.38529614  174.36078971
 1729.98596036 2307.55607626 2013.32224363  777.81258533  348.72157941
  354.80715311   82.78833573   59.13452552   59.13452552  130.09595614
  141.92286124  118.26905104   59.13452552   35.48071531   82.78833573
  594.30198146  224.71119697  496.73001435 1803.6030283  1080.68345384
 1720.81469258 2421.55881997 2708.36126873 1470.97132226   94.61524083
  306.60714512   79.98447264   53.32298176  106.64596352  133.3074544
  106.64596352  106.64596352  106.64596352  133.3074544   133.3074544
   53.32298176   79.98447264  319.93789056  399.9223632  1618.01922779
  466.5760904    53.32298176   79.98447264   79.98447264  816.50815821
  254.95050654 1203.09977597 1364.73506443  266.6149088   174.08373045
   47.47738103  110.78055574  110.78055574   63.30317471   31.65158735
   31.65158735   31.65158735   63.30317471   94.95476206  110.78055574
   63.30317471  284.86428619 2094.93943799 1335.30134149   47.47738103
   31.65158735   31.65158735   47.47738103   79.12896838   63.30317471
   63.30317471 1285.84573625  221.56111148  183.43043454   61.14347818
  101.90579697   40.76231879   81.52463757   81.52463757   81.52463757
   61.14347818  101.90579697   20.38115939  101.90579697   61.14347818
  224.19275333 1120.96376663   61.14347818   61.14347818   40.76231879
   20.38115939   40.76231879   40.76231879   20.38115939   20.38115939
   61.14347818  692.95941937   89.63715827   89.63715827   59.75810551
   59.75810551   29.87905276   59.75810551   89.63715827   89.63715827
   29.87905276   59.75810551   29.87905276    0.            0.
   59.75810551    0.           29.87905276    0.            0.
    0.            0.            0.            0.            0.
    0.            0.            0.            0.            0.        ]
