[ 244.93527842  416.47718164  124.55392348   93.41544261  124.55392348
  176.4513916   197.21037884  312.6822454   404.80025131  634.78225002
  108.97549357   98.07794421   76.2828455    65.38529614   65.38529614
   76.2828455    54.48774678  305.13138199   87.18039485  163.46324035
 1401.69728599 1542.00323396 1650.97872753  636.14444369  501.2872704
  461.24929904  118.26905104   70.96143062   82.78833573  177.40357655
  189.23048166  165.57667145   82.78833573   59.13452552  141.92286124
  617.95579166  236.53810207  626.82597049 1541.93275288  808.66463646
 1541.93275288 1494.62513247 1308.35137709 1803.6030283   118.26905104
  374.9272155   106.64596352   79.98447264  146.63819984  159.96894528
  133.3074544   146.63819984  133.3074544   173.29969072  186.63043616
   66.6537272   146.63819984  373.26087232  466.5760904  2421.19664056
  919.82143537   66.6537272    93.31521808   93.31521808  643.20846749
  226.62267248  749.85443101 1861.30533207  294.94274286  411.4706356
   79.12896838  142.43214309  142.43214309   79.12896838   31.65158735
   47.47738103   31.65158735   79.12896838  142.43214309  174.08373045
   94.95476206  348.16746089 1825.90094548 1732.92440763   79.12896838
   47.47738103   47.47738103   63.30317471   79.12896838   63.30317471
   63.30317471 1254.1941489   221.56111148  448.38550665   81.52463757
  142.66811575   61.14347818  101.90579697  101.90579697  101.90579697
   81.52463757  122.28695636   40.76231879  142.66811575   81.52463757
  244.57391272 1923.47191774   81.52463757   81.52463757   40.76231879
   40.76231879   40.76231879   81.52463757   20.38115939   40.76231879
   61.14347818  733.72173816  119.51621102  119.51621102   59.75810551
   89.63715827   59.75810551   59.75810551   89.63715827  119.51621102
   59.75810551   59.75810551   29.87905276    0.            0.
   59.75810551   29.87905276   29.87905276    0.            0.
   77.88437555    0.            0.            0.            0.
    0.            0.            0.            0.            0.        ]
