[  91.85072941  176.4513916    72.65645536   51.89746812   62.27696174
   72.65645536   83.03594899  198.50781555  197.21037884  230.21073016
   54.48774678   65.38529614   43.59019743   43.59019743   32.69264807
   54.48774678   21.79509871  130.77059228   43.59019743  119.87304292
 1247.76940133 1422.13019104 1081.58177364  339.18622372  250.6436352
  177.40357655   70.96143062   47.30762041   47.30762041  118.26905104
  130.09595614   94.61524083   59.13452552   35.48071531   70.96143062
  272.01881738  118.26905104  319.3264378  1447.31751206  700.74412739
 1317.22155592 1435.49060695 1295.04610885 1185.64723664   70.96143062
  159.96894528   66.6537272    53.32298176   93.31521808  106.64596352
   79.98447264   93.31521808   79.98447264  119.97670896  119.97670896
   39.99223632   79.98447264  173.29969072  226.62267248 1684.67295499
  599.8835448    39.99223632   66.6537272    66.6537272   683.20070381
  213.29192704  723.19294013 1298.08133723  133.3074544   174.08373045
   47.47738103   94.95476206   94.95476206   47.47738103   15.82579368
   15.82579368   15.82579368   47.47738103   79.12896838   94.95476206
   63.30317471  174.08373045 1412.45208567 1208.69499208   63.30317471
   31.65158735   15.82579368   31.65158735   47.47738103   47.47738103
   47.47738103 1014.82901953  158.25793677  183.43043454   40.76231879
   81.52463757   20.38115939   61.14347818   61.14347818   81.52463757
   40.76231879   81.52463757   20.38115939  101.90579697   40.76231879
  122.28695636 1182.10724481   40.76231879   40.76231879   20.38115939
   20.38115939   40.76231879   40.76231879   20.38115939   20.38115939
   40.76231879  448.38550665   89.63715827   59.75810551   29.87905276
   59.75810551   29.87905276   29.87905276   59.75810551   59.75810551
   29.87905276   29.87905276    0.            0.            0.
   29.87905276    0.            0.            0.            0.
   77.88437555    0.            0.            0.            0.
    0.            0.            0.            0.            0.        ]
