[ 102.05636601  198.50781555   83.03594899   72.65645536   83.03594899
  103.79493623  114.17442986  302.30275178  228.34885971  262.90337823
   76.2828455    76.2828455    54.48774678   54.48774678   43.59019743
   65.38529614   32.69264807  185.25833906   54.48774678  163.46324035
 1576.0580757  1738.15912238 1378.53999361  427.72881225  283.33628327
  201.05738676   94.61524083   59.13452552   70.96143062  141.92286124
  141.92286124  130.09595614   70.96143062   47.30762041   94.61524083
  391.76623156  165.57667145  331.1533429  1815.42993341  807.18627332
 2766.01743111 3074.99532694 1842.04046989 2040.14113037   82.78833573
  173.29969072   79.98447264   66.6537272   119.97670896  133.3074544
  106.64596352  119.97670896  106.64596352  146.63819984  146.63819984
   53.32298176   93.31521808  239.95341792  306.60714512 1857.97264571
  599.8835448    53.32298176   79.98447264   93.31521808 1273.08618953
  414.91945182 1324.74282811 1673.00855273  159.96894528  189.90952412
   63.30317471  110.78055574  126.60634942   63.30317471   31.65158735
   31.65158735   15.82579368   63.30317471  110.78055574  126.60634942
   63.30317471  205.7353178  1188.91274998 1590.49226453   63.30317471
   47.47738103   47.47738103   63.30317471   79.12896838   63.30317471
   63.30317471  981.19920797  205.7353178   203.81159393   61.14347818
  101.90579697   40.76231879   81.52463757   81.52463757  101.90579697
   61.14347818  101.90579697   20.38115939  122.28695636   61.14347818
  203.81159393 1243.25072299   61.14347818   61.14347818   40.76231879
   20.38115939   40.76231879   40.76231879   20.38115939   40.76231879
   61.14347818  774.48405695   59.75810551   59.75810551   59.75810551
   89.63715827   59.75810551   59.75810551   89.63715827   89.63715827
   59.75810551   29.87905276   29.87905276    0.            0.
   29.87905276   29.87905276   29.87905276    0.            0.
   77.88437555    0.            0.            0.            0.
    0.            0.            0.            0.            0.        ]
