[ 173.49582222  229.64629642   83.03594899   62.27696174   72.65645536
  124.55392348   93.41544261  229.64629642  217.96936609  262.90337823
   65.38529614   65.38529614   54.48774678   43.59019743   43.59019743
   54.48774678   32.69264807  174.36078971   65.38529614  152.56569099
 1521.57032892 1727.26157302 1815.80416155 1160.58900648  359.61912877
  177.40357655   82.78833573   47.30762041   59.13452552  130.09595614
  130.09595614  118.26905104   59.13452552   35.48071531   70.96143062
  297.15099073  189.23048166  484.90310925 1400.00989164  819.01317843
 2171.71544965 1828.73520165 1948.48261582 2112.58092413   82.78833573
  159.96894528   66.6537272    53.32298176  106.64596352  119.97670896
  106.64596352  106.64596352   93.31521808  133.3074544   133.3074544
   53.32298176   79.98447264  173.29969072  253.28416336 1831.31115483
  613.21429024   53.32298176   79.98447264   79.98447264  803.17741277
  254.95050654  909.82337629 1739.66227993  226.62267248  158.25793677
   47.47738103  110.78055574  110.78055574   47.47738103   31.65158735
   31.65158735   15.82579368   63.30317471   94.95476206  110.78055574
   63.30317471  237.38690515 1254.1941489  1382.77872252   63.30317471
   31.65158735   31.65158735   47.47738103   79.12896838   47.47738103
   63.30317471 1206.71676787  205.7353178   183.43043454   61.14347818
  101.90579697   40.76231879   61.14347818   81.52463757   81.52463757
   61.14347818  101.90579697   20.38115939  101.90579697   61.14347818
  122.28695636 1120.96376663   61.14347818   61.14347818   40.76231879
   20.38115939   40.76231879   40.76231879   20.38115939   20.38115939
   61.14347818  550.29130362   89.63715827   59.75810551   59.75810551
   59.75810551   29.87905276   59.75810551   89.63715827   89.63715827
   29.87905276   29.87905276   29.87905276    0.            0.
   29.87905276    0.           29.87905276    0.            0.
    0.            0.            0.            0.            0.
    0.            0.            0.            0.            0.        ]
