[ 204.11273202  281.54376453   93.41544261   72.65645536   83.03594899
  217.96936609  114.17442986  219.26680279  259.48734058  328.28867437
   76.2828455    76.2828455    65.38529614   54.48774678   54.48774678
   65.38529614   43.59019743  250.6436352    76.2828455   185.25833906
 1664.60066422 2242.17078012 1915.24429942  843.19788147  359.61912877
  260.19191228   94.61524083   47.30762041   70.96143062  153.74976635
  141.92286124  130.09595614   70.96143062   47.30762041   94.61524083
  415.42004176  236.53810207  567.69144497 1697.16088237  938.7605926
 1624.72108861 1661.68016706 3255.35562977 1910.04517423   94.61524083
  199.9611816    79.98447264   66.6537272   133.3074544   146.63819984
  119.97670896  119.97670896  119.97670896  146.63819984  159.96894528
   53.32298176   93.31521808  266.6149088   466.5760904  1817.98040939
  679.86801745   66.6537272    79.98447264   93.31521808  816.50815821
  281.61199742 1004.80493755 1513.03960745  241.6197611   189.90952412
   63.30317471  126.60634942  126.60634942   63.30317471   31.65158735
   31.65158735   31.65158735   63.30317471  110.78055574  126.60634942
   63.30317471  284.86428619 2255.17559896 1954.4855191    79.12896838
   47.47738103   47.47738103   63.30317471   94.95476206   63.30317471
   79.12896838 1285.84573625  205.7353178   203.81159393   61.14347818
  122.28695636   40.76231879   81.52463757   81.52463757  101.90579697
   61.14347818  101.90579697   40.76231879  101.90579697   61.14347818
  142.66811575 1408.84764306   81.52463757   61.14347818   40.76231879
   20.38115939   40.76231879  101.90579697   20.38115939   40.76231879
   61.14347818  652.19710059   89.63715827   89.63715827   59.75810551
   59.75810551   59.75810551   59.75810551   89.63715827   89.63715827
   59.75810551   59.75810551   29.87905276    0.            0.
   59.75810551    0.           29.87905276    0.            0.
   77.88437555    0.            0.            0.            0.
    0.            0.            0.            0.            0.        ]
