[ 183.70145882  354.2002199    83.03594899   62.27696174   72.65645536
  280.24632783  114.17442986  302.30275178  269.86683421  317.39112501
   65.38529614   65.38529614   43.59019743   43.59019743   43.59019743
   54.48774678   32.69264807  294.23383263   65.38529614  174.36078971
 1916.60649309 2581.35700385 2013.32224363  766.91503597  348.72157941
  366.63405821   82.78833573   47.30762041   59.13452552  130.09595614
  130.09595614  118.26905104   59.13452552   35.48071531   82.78833573
  545.5159979   224.71119697  496.73001435 1577.4134682   771.70555801
 1862.73755382 2612.26766476 1913.00190051 2230.84997517   94.61524083
  306.60714512   66.6537272    53.32298176  106.64596352  119.97670896
  106.64596352  106.64596352   93.31521808  133.3074544   133.3074544
   53.32298176   79.98447264  319.93789056  479.90683584 2166.24613402
  599.8835448    53.32298176   79.98447264   93.31521808  776.51592189
  268.28125198  936.48486717 1834.64384119  199.9611816   174.08373045
   47.47738103  110.78055574  110.78055574   47.47738103   31.65158735
   31.65158735   31.65158735   63.30317471   94.95476206  110.78055574
   63.30317471  269.03849251 2158.24261269 1208.69499208   63.30317471
   31.65158735   31.65158735   63.30317471   94.95476206   63.30317471
   63.30317471 1111.76200581  237.38690515  183.43043454   61.14347818
  101.90579697   40.76231879   81.52463757   81.52463757   81.52463757
   61.14347818  101.90579697   20.38115939  101.90579697   61.14347818
  203.81159393 1431.77644738   61.14347818   61.14347818   40.76231879
   20.38115939   40.76231879   81.52463757   20.38115939   20.38115939
   61.14347818  672.57825998   59.75810551   59.75810551   59.75810551
   89.63715827   29.87905276   59.75810551   89.63715827   89.63715827
   29.87905276   29.87905276   29.87905276    0.            0.
   59.75810551    0.           29.87905276    0.            0.
   77.88437555    0.            0.            0.            0.
    0.            0.            0.            0.            0.        ]
