[ 163.29018562  499.51313062  238.72835334  166.07189797  208.88730917
  176.4513916   186.83088522  438.53360558  332.14379595  469.956816
  185.25833906  174.36078971  272.43873392  196.15588842  153.92788466
  141.66814164   98.07794421  217.95098713  141.66814164  316.02893134
 2114.12457518 1848.49680961 2090.9672828   777.81258533  457.69707298
  390.28786842  189.23048166  307.49953269  960.93603967 2065.27330372
 2420.08045683  771.70555801  260.19191228  189.23048166  283.84572249
  379.93932645  236.53810207  366.63405821 3454.93465339 1759.25213416
 1720.81469258 1661.68016706 3422.41066436 3122.30294736  165.57667145
  454.91168814  186.63043616  801.51106959 2247.89694984 1618.01922779
  374.9272155   386.59161776  414.91945182 1951.2878638  1163.10753965
  239.95341792  466.5760904   293.27639968  293.27639968 2622.82416534
 2031.27233644  161.63528846  279.94565424  266.6149088   736.52368557
  601.54988798 1446.38588025 3132.72517843  281.61199742  269.03849251
  253.21269883 1887.22589598  348.16746089  221.56111148  142.43214309
  158.25793677  142.43214309  221.56111148  395.64484192 2081.09186852
  474.77381031  269.03849251  680.50912811 1956.46374331  284.86428619
  253.21269883  221.56111148  221.56111148  174.08373045  284.86428619
  205.7353178  1190.89097419  316.51587354  203.81159393  957.91449149
  326.09855029  183.43043454  244.57391272  224.19275333  224.19275333
  203.81159393  264.95507211  163.04927515  448.38550665  509.52898483
  285.33623151 2945.07753234  244.57391272  203.81159393  142.66811575
   81.52463757  122.28695636  224.19275333  122.28695636  183.43043454
  183.43043454  917.1521727   239.03242204  239.03242204  149.39526378
  149.39526378  119.51621102  149.39526378  179.27431653  268.9114748
  119.51621102  179.27431653  119.51621102   89.63715827   89.63715827
  119.51621102   89.63715827  149.39526378   77.88437555    0.
   77.88437555    0.            0.           77.88437555   77.88437555
    0.            0.            0.           77.88437555   77.88437555]
