[ 122.46763921  406.09768801  134.9334171   103.79493623  145.31291073
  124.55392348  124.55392348  333.44123265  249.10784696  317.39112501
  108.97549357  108.97549357   98.07794421   76.2828455    87.18039485
   76.2828455    54.48774678  152.56569099   76.2828455   163.46324035
 1379.90218728 2067.80999042 2308.91826993  689.26999681  359.61912877
  272.01881738  130.09595614   82.78833573  106.44214593  236.53810207
  248.36500718  236.53810207  118.26905104   82.78833573  165.57667145
  273.49718052  153.74976635  342.980248   1317.22155592  641.60960187
 1425.14206499 1459.14441716 1544.88947916 1661.68016706  106.44214593
  348.26572462  119.97670896  106.64596352  199.9611816   213.29192704
  186.63043616  213.29192704  199.9611816   253.28416336  279.94565424
   93.31521808  173.29969072  226.62267248  226.62267248 2072.93091594
  613.21429024   66.6537272   106.64596352  106.64596352  656.53921293
  228.28901566  749.85443101 1486.37811657  254.95050654  189.90952412
   94.95476206  174.08373045  189.90952412  110.78055574   63.30317471
   63.30317471   63.30317471  126.60634942  205.7353178   269.03849251
  142.43214309  189.90952412  680.50912811 1527.18908983   94.95476206
   63.30317471   63.30317471   79.12896838   79.12896838   79.12896838
   79.12896838 1016.80724374  253.21269883  183.43043454  101.90579697
  163.04927515   81.52463757  142.66811575  142.66811575  163.04927515
  122.28695636  183.43043454   81.52463757  224.19275333  122.28695636
  183.43043454 1882.70959896   81.52463757   81.52463757   61.14347818
   40.76231879   61.14347818   81.52463757   40.76231879   40.76231879
   81.52463757  815.24637573  119.51621102  119.51621102   89.63715827
   89.63715827   59.75810551   89.63715827  119.51621102  149.39526378
   59.75810551   59.75810551   29.87905276   29.87905276   29.87905276
   59.75810551   29.87905276   59.75810551    0.            0.
   77.88437555    0.            0.            0.            0.
    0.            0.            0.            0.            0.        ]
