[ 142.87891241  437.23616888  186.83088522  134.9334171   186.83088522
  145.31291073  166.07189797  416.47718164  301.00531508  382.77642115
  152.56569099  141.66814164  119.87304292  108.97549357  108.97549357
   98.07794421   65.38529614  174.36078971   98.07794421  228.84853649
 3316.94158542 2789.77263529 2833.36283272  777.81258533  414.10687555
  307.49953269  165.57667145   94.61524083  130.09595614  307.49953269
  319.3264378   285.32408562  141.92286124  106.44214593  212.88429187
  320.80480094  189.23048166  366.63405821 3836.35234299 1164.95015271
 5376.80673273 1876.04282206 3766.8692755  2374.25119955  130.09595614
  361.59647006  133.3074544   133.3074544   266.6149088   279.94565424
  253.28416336  266.6149088   253.28416336  333.268636    346.59938144
  119.97670896  199.9611816   266.6149088   266.6149088  3652.62425059
 1443.05319389  119.97670896  146.63819984  159.96894528  951.48195579
  281.61199742  858.16673771 2302.88627478  239.95341792  237.38690515
   94.95476206  237.38690515  237.38690515  142.43214309   79.12896838
   94.95476206   63.30317471  158.25793677  269.03849251  332.34166722
  158.25793677  221.56111148  696.33492179 3815.99450035  158.25793677
   94.95476206   94.95476206  110.78055574  174.08373045  110.78055574
  110.78055574 1159.23938684  253.21269883  163.04927515  122.28695636
  224.19275333  101.90579697  183.43043454  183.43043454  183.43043454
  163.04927515  224.19275333  101.90579697  264.95507211  142.66811575
  203.81159393 2988.38749605  142.66811575  122.28695636   81.52463757
   61.14347818   81.52463757  264.95507211   61.14347818   81.52463757
  101.90579697  774.48405695  179.27431653  209.15336929  119.51621102
  119.51621102   89.63715827  119.51621102  149.39526378  179.27431653
   89.63715827   89.63715827   59.75810551   29.87905276   29.87905276
   89.63715827   59.75810551   89.63715827   77.88437555    0.
   77.88437555    0.            0.           77.88437555    0.
    0.            0.            0.            0.           77.88437555]
