[ 142.87891241  426.85667526  186.83088522  134.9334171   176.4513916
  145.31291073  166.07189797  448.91309921  301.00531508  393.67397051
  152.56569099  130.77059228  108.97549357   98.07794421   98.07794421
   98.07794421   54.48774678  174.36078971   98.07794421  217.95098713
 2540.49119376 2713.4897898  2419.25595717  843.19788147  414.10687555
  295.67262759  153.74976635   94.61524083  118.26905104  272.01881738
  283.84572249  272.01881738  130.09595614   94.61524083  224.71119697
  308.97789583  177.40357655  354.80715311 2600.44075966 1865.6942801
 2517.65242393 2743.84198404 4302.03673144 2529.47932904  118.26905104
  361.59647006  133.3074544   119.97670896  239.95341792  253.28416336
  226.62267248  239.95341792  226.62267248  306.60714512  333.268636
  106.64596352  226.62267248  253.28416336  266.6149088  2596.16267446
 1871.30339115  108.3123067   146.63819984  146.63819984 1366.40140761
  281.61199742  844.83599227 1981.28204104  226.62267248  205.7353178
   94.95476206  221.56111148  205.7353178   126.60634942   63.30317471
   79.12896838   79.12896838  158.25793677  253.21269883  316.51587354
  174.08373045  205.7353178   680.50912811 3273.96106692  126.60634942
   94.95476206   94.95476206  110.78055574  332.34166722  110.78055574
   94.95476206 1570.71002244  269.03849251  163.04927515  122.28695636
  203.81159393  101.90579697  163.04927515  163.04927515  183.43043454
  163.04927515  203.81159393  101.90579697  264.95507211  163.04927515
  203.81159393 2968.00633665  122.28695636  101.90579697   81.52463757
   61.14347818   81.52463757  285.33623151   40.76231879   61.14347818
  101.90579697  774.48405695  149.39526378  179.27431653  119.51621102
  119.51621102   89.63715827  119.51621102  149.39526378  179.27431653
   89.63715827   89.63715827   59.75810551   29.87905276   29.87905276
   59.75810551   59.75810551   59.75810551   77.88437555    0.
   77.88437555    0.            0.           77.88437555    0.
    0.            0.            0.            0.           77.88437555]
