[ 246.210983   1104.11863418  373.66177044  167.36933468  385.33870077
  301.00531508  228.34885971  583.84651631  550.11316204  908.58317761
  197.51808209  185.25833906  283.33628327  196.15588842  143.03033531
  152.56569099  108.97549357  337.82403005  152.56569099  359.61912877
 2223.10006875 2462.84615459 2013.32224363  777.81258533  666.11270442
  805.70791018  201.05738676  297.15099073  783.53246311 2301.81140579
 2455.56117214 1092.51035895  260.19191228  177.40357655  332.63170604
  653.43650697  307.49953269  484.90310925 2505.82551883 1379.31280771
 1923.35044248 1734.11996082 2316.59503717 2706.88290559  189.23048166
  896.49263085  186.63043616  721.52659695 2061.26651368 1081.45672383
  334.93497918  373.26087232  359.93012688 1229.76126685 2514.51185864
  253.28416336  666.53727201  386.59161776  333.268636   2609.4934199
 1951.2878638   161.63528846  266.6149088   266.6149088   803.17741277
  334.93497918 1794.65160487 2262.89403846  428.25019726  553.90277869
  237.38690515 1554.88422876  332.34166722  205.7353178   126.60634942
  142.43214309  126.60634942  221.56111148  363.99325457 2589.49549039
  650.83576496  316.51587354  714.13893967 1972.28953699  284.86428619
  284.86428619  221.56111148  221.56111148  269.03849251  269.03849251
  205.7353178  1730.94618342  284.86428619  346.47970969  774.48405695
  305.7173909   163.04927515  224.19275333  224.19275333  224.19275333
  203.81159393  264.95507211  163.04927515  387.24202847  652.19710059
  305.7173909  3067.3644887   244.57391272  224.19275333  142.66811575
  101.90579697  122.28695636  366.86086908  122.28695636  183.43043454
  183.43043454 1123.51141156  239.03242204  239.03242204  149.39526378
  149.39526378  119.51621102  149.39526378  179.27431653  268.9114748
  149.39526378  209.15336929  119.51621102   89.63715827   89.63715827
  119.51621102   89.63715827  149.39526378   77.88437555    0.
   77.88437555    0.            0.           77.88437555   77.88437555
    0.            0.            0.           77.88437555   77.88437555]
