[ 142.87891241  447.61566251  207.58987247  155.69240435  197.21037884
  155.69240435  166.07189797  448.91309921  342.52328957  404.57151986
  163.46324035  163.46324035  152.56569099  130.77059228  119.87304292
  119.87304292   65.38529614  185.25833906  108.97549357  217.95098713
 2003.78688795 3404.12198027 4235.06011871  986.22821677  501.2872704
  319.3264378   177.40357655  118.26905104  165.57667145  366.63405821
  378.46096332  332.63170604  165.57667145  118.26905104  212.88429187
  320.80480094  189.23048166  378.46096332 3122.30294736 1295.04610885
 2421.55881997 2553.13313924 3624.94641426 2826.63031976  153.74976635
  388.25796094  159.96894528  159.96894528  319.93789056  333.268636
  279.94565424  306.60714512  268.28125198  359.93012688  399.9223632
  119.97670896  213.29192704  266.6149088   266.6149088  2609.4934199
 1174.77194191  133.3074544   159.96894528  173.29969072 2304.55261796
  561.55765166 1727.99787767 2382.87074742  279.94565424  237.38690515
  126.60634942  284.86428619  269.03849251  158.25793677   79.12896838
  110.78055574   79.12896838  189.90952412  300.69007986  334.31989143
  174.08373045  221.56111148  696.33492179 2367.93437891  142.43214309
  110.78055574  110.78055574  126.60634942  269.03849251  142.43214309
  126.60634942 2049.44028116  318.49409775  183.43043454  163.04927515
  244.57391272  122.28695636  203.81159393  203.81159393  203.81159393
  183.43043454  264.95507211  122.28695636  305.7173909   163.04927515
  224.19275333 2433.00090258  142.66811575  122.28695636   81.52463757
   81.52463757  101.90579697  224.19275333   61.14347818   81.52463757
  122.28695636  957.91449149  179.27431653  239.03242204  149.39526378
  149.39526378  119.51621102  149.39526378  179.27431653  209.15336929
   89.63715827   89.63715827   59.75810551   29.87905276   59.75810551
   89.63715827   59.75810551   89.63715827   77.88437555    0.
   77.88437555    0.            0.           77.88437555    0.
    0.            0.            0.            0.           77.88437555]
