[ 153.08454902  489.133637    217.96936609  166.07189797  207.58987247
  166.07189797  176.4513916   490.4310737   342.52328957  437.26416793
  174.36078971  163.46324035  163.46324035  141.66814164  130.77059228
  119.87304292   76.2828455   196.15588842  108.97549357  217.95098713
 2212.20251939 2046.0148917  2767.97753658 1216.43894693  512.18481976
  366.63405821  189.23048166  130.09595614  212.88429187  449.42239394
  473.07620414  379.93932645  177.40357655  130.09595614  260.19191228
  356.28551625  212.88429187  378.46096332 2801.49814642 2590.09221769
 3752.08564412 2255.98214852 2174.67217593 3503.72063695  153.74976635
  428.25019726  173.29969072  213.29192704  441.5809427   453.24534496
  361.59647006  399.9223632   374.9272155   453.24534496  466.5760904
  146.63819984  279.94565424  293.27639968  279.94565424 2836.11609238
 1523.03766653  146.63819984  186.63043616  186.63043616 1674.67489591
  668.20361519 2209.5710567  2772.79505154  254.95050654  253.21269883
  126.60634942  395.64484192  348.16746089  174.08373045   79.12896838
  110.78055574   94.95476206  205.7353178   379.81904825  508.40362187
  237.38690515  253.21269883  727.98650914 2909.96781235  174.08373045
  110.78055574  126.60634942  142.43214309  221.56111148  158.25793677
  142.43214309 1986.13710646  350.1456851   183.43043454  203.81159393
  285.33623151  142.66811575  224.19275333  224.19275333  224.19275333
  203.81159393  264.95507211  122.28695636  407.62318787  224.19275333
  244.57391272 2596.05017772  163.04927515  142.66811575   81.52463757
   81.52463757  101.90579697  183.43043454   81.52463757  101.90579697
  142.66811575  937.53333209  209.15336929  239.03242204  149.39526378
  149.39526378  119.51621102  149.39526378  179.27431653  239.03242204
   89.63715827  119.51621102   59.75810551   59.75810551   59.75810551
   89.63715827   59.75810551   89.63715827   77.88437555    0.
  155.76875111    0.            0.           77.88437555    0.
    0.            0.            0.            0.           77.88437555]
