[ 236.0053464  1021.08268519  456.69771943  167.36933468  447.61566251
  311.3848087   290.62582145  718.77993341  550.11316204  995.76357246
  252.00582887  174.36078971  152.56569099  141.66814164  141.66814164
  141.66814164  108.97549357  337.82403005  174.36078971  305.13138199
 3318.30377909 3435.45243467 4552.45124372 1138.79390777  709.70290185
  829.36172039  212.88429187  141.92286124  189.23048166  378.46096332
  402.11477352  356.28551625  177.40357655  141.92286124  379.93932645
  736.2248427   402.11477352  520.38382456 3064.64678497 1034.85419657
 2043.09785665 2541.30623414 3539.20135226 2576.78694945  236.53810207
  936.48486717  186.63043616  199.9611816   548.22690622  786.51398097
  561.55765166  359.93012688  481.57317902  506.56832672  453.24534496
  159.96894528  626.54503569  533.2298176   439.91459952 5967.17492763
 2219.56911578  174.9660339   333.268636    293.27639968 1151.44313739
 1231.42761003 2542.8396927  3549.31097343  508.2346699   553.90277869
  158.25793677 1141.43536895  775.46389017  506.42539766  253.21269883
  237.38690515  158.25793677 1254.1941489   854.59285856  429.27465349
  777.44211438  492.57782819  888.22267012 2654.77688931  348.16746089
  189.90952412  269.03849251  284.86428619  253.21269883  316.51587354
  237.38690515 2445.08512309  397.62306613  387.24202847  244.57391272
  937.53333209 1120.96376663 2147.66467107 1923.47191774  346.47970969
  366.86086908  346.47970969  305.7173909  1041.98677398  631.81594119
  448.38550665 3515.74999535  285.33623151  264.95507211  163.04927515
  183.43043454  163.04927515  366.86086908  122.28695636  244.57391272
  285.33623151  957.91449149  298.79052755  448.18579133  478.06484408
  239.03242204  179.27431653  179.27431653  627.46010786  627.46010786
  179.27431653  239.03242204  149.39526378  119.51621102  119.51621102
  209.15336929  119.51621102  209.15336929  155.76875111   77.88437555
  155.76875111    0.            0.          155.76875111   77.88437555
   77.88437555    0.           77.88437555   77.88437555  155.76875111]
