[ 183.70145882  614.98499718  249.10784696  134.9334171   250.40528366
  207.58987247  166.07189797  469.67208645  394.42075769  525.80675646
  152.56569099  185.25833906  414.10687555  446.79952362  185.25833906
  163.46324035   87.18039485  239.74608585  108.97549357  174.36078971
 1401.69728599 1552.90078332 2209.47813205  690.63219048  523.08236912
  591.34525518  165.57667145  557.34290301  974.24130791  912.15005612
  461.24929904  889.97460905  508.55691946  366.63405821  273.49718052
  486.38147239  248.36500718  378.46096332 1293.56774571  629.78269677
 1661.68016706 1425.14206499 1414.79352302 2813.32505152  130.09595614
  574.8883971   226.62267248  976.47710349  319.93789056  306.60714512
  306.60714512  266.6149088   334.93497918  386.59161776  439.91459952
  548.22690622  599.8835448   293.27639968  266.6149088  1912.96197066
  799.84472641  133.3074544   159.96894528  159.96894528  789.84666733
  254.95050654  803.17741277 1433.05513481  348.26572462  395.64484192
  553.90277869  269.03849251  237.38690515  142.43214309   63.30317471
   94.95476206   79.12896838  158.25793677  300.69007986  555.8810029
  635.00997129  284.86428619  743.81230282 1653.79543924  158.25793677
  126.60634942  110.78055574  126.60634942  126.60634942  142.43214309
  126.60634942 1095.93621213  334.31989143  224.19275333  591.05362241
  224.19275333  101.90579697  163.04927515  163.04927515  163.04927515
  142.66811575  203.81159393  101.90579697  305.7173909   550.29130362
  244.57391272 1982.067751    142.66811575  122.28695636   81.52463757
   61.14347818   81.52463757  163.04927515   61.14347818   81.52463757
  122.28695636  794.86521634  149.39526378  149.39526378  119.51621102
  119.51621102   89.63715827  119.51621102  149.39526378  179.27431653
  119.51621102   89.63715827   59.75810551   29.87905276   29.87905276
   89.63715827   59.75810551   89.63715827   77.88437555    0.
   77.88437555    0.            0.           77.88437555    0.
    0.            0.            0.            0.           77.88437555]
