[ 142.87891241  447.61566251  186.83088522  134.9334171   176.4513916
  145.31291073  145.31291073  416.47718164  301.00531508  382.77642115
  141.66814164  130.77059228  119.87304292   98.07794421   98.07794421
   98.07794421   65.38529614  174.36078971   98.07794421  174.36078971
 1784.47370714 3019.98336545 2419.25595717  777.81258533  425.00442491
  307.49953269  153.74976635  106.44214593  118.26905104  272.01881738
  283.84572249  260.19191228  130.09595614   94.61524083  189.23048166
  308.97789583  177.40357655  366.63405821 2848.80576683 1259.56539354
 1793.25448634 1756.29540789 4004.88574071 3515.54754205  130.09595614
  374.9272155   133.3074544   119.97670896  226.62267248  239.95341792
  213.29192704  226.62267248  213.29192704  266.6149088   306.60714512
   93.31521808  186.63043616  266.6149088   253.28416336 2434.527386
  693.19876289   93.31521808  133.3074544   133.3074544   776.51592189
  294.94274286  978.14344667 1901.2975684   294.94274286  221.56111148
  110.78055574  205.7353178   205.7353178   126.60634942   63.30317471
   79.12896838   63.30317471  126.60634942  221.56111148  269.03849251
  142.43214309  221.56111148  712.16071546 1764.57599498  110.78055574
   79.12896838   79.12896838   94.95476206  205.7353178   110.78055574
  110.78055574 2797.2090324   286.84251039  163.04927515  122.28695636
  203.81159393  101.90579697  163.04927515  163.04927515  163.04927515
  142.66811575  203.81159393   81.52463757  224.19275333  122.28695636
  224.19275333 3067.3644887   101.90579697  101.90579697   61.14347818
   61.14347818   61.14347818  305.7173909    40.76231879   61.14347818
  101.90579697 1120.96376663  149.39526378  179.27431653  119.51621102
  119.51621102   89.63715827   89.63715827  149.39526378  149.39526378
   89.63715827   89.63715827   59.75810551   29.87905276   29.87905276
   59.75810551   59.75810551   59.75810551   77.88437555    0.
   77.88437555    0.            0.           77.88437555    0.
    0.            0.            0.            0.           77.88437555]
