[ 142.87891241  416.47718164  176.4513916   145.31291073  176.4513916
  155.69240435  176.4513916   480.05158008  321.76430232  393.67397051
  163.46324035  141.66814164  130.77059228  119.87304292  108.97549357
  108.97549357   65.38529614  174.36078971  108.97549357  239.74608585
 3088.09304893 3643.86806612 2995.4638794  1062.51106227  446.79952362
  307.49953269  177.40357655  118.26905104  141.92286124  295.67262759
  307.49953269  261.67027542  130.09595614  106.44214593  224.71119697
  308.97789583  189.23048166  366.63405821 3966.44829913 2233.80670145
 6377.65857713 4832.76909797 3339.62232863 2921.24556059  141.92286124
  361.59647006  146.63819984  133.3074544   266.6149088   279.94565424
  239.95341792  253.28416336  228.28901566  306.60714512  319.93789056
  119.97670896  213.29192704  253.28416336  279.94565424 3532.64754163
 1616.35288461  146.63819984  186.63043616  186.63043616  884.82822859
  508.2346699  1339.73991673 2852.77952418  253.28416336  221.56111148
  110.78055574  237.38690515  237.38690515  142.43214309   79.12896838
   94.95476206   63.30317471  158.25793677  253.21269883  316.51587354
  174.08373045  205.7353178   696.33492179 2338.26101577  158.25793677
  110.78055574  110.78055574  126.60634942  174.08373045  126.60634942
  126.60634942 1301.67152993  397.62306613  163.04927515  122.28695636
  224.19275333  101.90579697  203.81159393  203.81159393  203.81159393
  183.43043454  224.19275333  101.90579697  264.95507211  163.04927515
  224.19275333 2537.45434447  142.66811575  122.28695636   81.52463757
   81.52463757  101.90579697  203.81159393   61.14347818   81.52463757
  122.28695636 1080.20144785  179.27431653  239.03242204  149.39526378
  149.39526378  119.51621102  149.39526378  149.39526378  209.15336929
   89.63715827   89.63715827   59.75810551   29.87905276   59.75810551
   89.63715827   59.75810551   89.63715827   77.88437555    0.
   77.88437555    0.            0.           77.88437555    0.
    0.            0.            0.            0.           77.88437555]
