[ 132.67327581  416.47718164  176.4513916   134.9334171   176.4513916
  134.9334171   155.69240435  428.15411196  269.86683421  382.77642115
  141.66814164  130.77059228  119.87304292   98.07794421   98.07794421
   98.07794421   65.38529614  163.46324035   98.07794421  196.15588842
 1806.26880586 2232.63542444 2702.59224044  668.83709176  403.20932619
  307.49953269  153.74976635  106.44214593  130.09595614  283.84572249
  295.67262759  272.01881738  130.09595614  106.44214593  224.71119697
  297.15099073  177.40357655  331.1533429  4228.11857454  808.66463646
 1887.86972717 2397.90500976 3528.85281029 3324.83869725  130.09595614
  361.59647006  133.3074544   133.3074544   239.95341792  253.28416336
  226.62267248  239.95341792  226.62267248  293.27639968  319.93789056
  106.64596352  226.62267248  239.95341792  253.28416336 2581.16558584
 1991.28010012  106.64596352  133.3074544   133.3074544  1554.69818695
  281.61199742  789.84666733 2022.94062054  226.62267248  205.7353178
   94.95476206  221.56111148  221.56111148  126.60634942   63.30317471
   79.12896838   63.30317471  142.43214309  237.38690515  316.51587354
  189.90952412  221.56111148  664.68333443 2528.17053989  142.43214309
   79.12896838   79.12896838   94.95476206  126.60634942  110.78055574
   94.95476206 1238.36835522  284.86428619  163.04927515  122.28695636
  203.81159393  101.90579697  163.04927515  163.04927515  163.04927515
  142.66811575  203.81159393  101.90579697  244.57391272  163.04927515
  203.81159393 3128.50796688  122.28695636  101.90579697   61.14347818
   61.14347818   81.52463757  183.43043454   40.76231879   61.14347818
  101.90579697  774.48405695  149.39526378  149.39526378  119.51621102
  119.51621102   89.63715827  119.51621102  149.39526378  179.27431653
   89.63715827   89.63715827   59.75810551   29.87905276   29.87905276
   59.75810551   59.75810551   59.75810551   77.88437555    0.
   77.88437555    0.            0.           77.88437555    0.
    0.            0.            0.            0.           77.88437555]
