[ 142.87891241  447.61566251  207.58987247  155.69240435  197.21037884
  155.69240435  176.4513916   490.4310737   321.76430232  393.67397051
  163.46324035  152.56569099  141.66814164  130.77059228  119.87304292
  119.87304292   65.38529614  174.36078971  108.97549357  228.84853649
 2364.76821038 4365.83071099 3598.91567502 1172.84874951  468.59462233
  319.3264378   177.40357655  130.09595614  153.74976635  354.80715311
  366.63405821  320.80480094  153.74976635  118.26905104  212.88429187
  320.80480094  201.05738676  378.46096332 3182.91583601 1033.37583343
 2683.22909538 3645.64349819 3446.06447457 2801.49814642  141.92286124
  374.9272155   159.96894528  146.63819984  306.60714512  319.93789056
  293.27639968  306.60714512  268.28125198  346.59938144  373.26087232
  119.97670896  199.9611816   253.28416336  266.6149088  2782.79311062
 1844.64190027  133.3074544   159.96894528  173.29969072 2196.24031126
  481.57317902 1646.34706185 2637.82125396  254.95050654  221.56111148
  110.78055574  253.21269883  269.03849251  174.08373045   94.95476206
  110.78055574   79.12896838  189.90952412  300.69007986  318.49409775
  174.08373045  205.7353178   696.33492179 2813.03482608  142.43214309
   94.95476206  110.78055574  126.60634942  221.56111148  142.43214309
  126.60634942 1823.92272127  334.31989143  183.43043454  142.66811575
  244.57391272  122.28695636  224.19275333  224.19275333  224.19275333
  203.81159393  264.95507211  122.28695636  285.33623151  163.04927515
  224.19275333 2412.61974318  142.66811575  122.28695636   81.52463757
   81.52463757  101.90579697  224.19275333   61.14347818   81.52463757
  122.28695636 1039.43912906  179.27431653  209.15336929  149.39526378
  149.39526378  119.51621102  149.39526378  179.27431653  209.15336929
   89.63715827   89.63715827   59.75810551   59.75810551   59.75810551
   89.63715827   59.75810551   89.63715827   77.88437555    0.
   77.88437555    0.            0.           77.88437555    0.
    0.            0.            0.            0.           77.88437555]
