[ 153.08454902  489.133637    197.21037884  145.31291073  186.83088522
  145.31291073  155.69240435  583.84651631  301.00531508  404.57151986
  152.56569099  141.66814164  119.87304292  108.97549357  108.97549357
  108.97549357   65.38529614  174.36078971   98.07794421  196.15588842
 1894.81139438 3961.25919113 1860.75655264  766.91503597  435.90197426
  331.1533429   165.57667145  118.26905104  165.57667145  354.80715311
  354.80715311  308.97789583  141.92286124   94.61524083  189.23048166
  332.63170604  189.23048166  390.28786842 1791.7761232   915.10678239
 1852.38901185 1805.08139144 3339.62232863 3088.30059518  130.09595614
  388.25796094  146.63819984  159.96894528  319.93789056  293.27639968
  253.28416336  253.28416336  228.28901566  319.93789056  346.59938144
  106.64596352  186.63043616  266.6149088   253.28416336 3009.4157831
  988.14150575  106.64596352  133.3074544   146.63819984  964.81270123
  281.61199742 1832.97749801 1996.27912966  279.94565424  237.38690515
  110.78055574  269.03849251  253.21269883  158.25793677   79.12896838
   94.95476206   79.12896838  158.25793677  253.21269883  332.34166722
  158.25793677  237.38690515  696.33492179 1875.35655072  126.60634942
   94.95476206   94.95476206  110.78055574  237.38690515  110.78055574
  110.78055574 2176.04663058  269.03849251  203.81159393  163.04927515
  224.19275333  101.90579697  183.43043454  183.43043454  183.43043454
  163.04927515  203.81159393  101.90579697  244.57391272  142.66811575
  224.19275333 3046.9833293   122.28695636  101.90579697   61.14347818
   61.14347818   81.52463757  285.33623151   61.14347818   81.52463757
  101.90579697 1141.34492603  149.39526378  149.39526378  119.51621102
  119.51621102   89.63715827  119.51621102  149.39526378  179.27431653
   89.63715827   89.63715827   59.75810551   29.87905276   29.87905276
   89.63715827   59.75810551   89.63715827   77.88437555    0.
   77.88437555    0.            0.           77.88437555    0.
    0.            0.            0.            0.           77.88437555]
