[ 246.210983   1052.22116606  332.14379595  166.07189797  354.2002199
  280.24632783  238.72835334  490.4310737   570.87214928  821.40278275
  185.25833906  163.46324035  283.33628327  370.51667812  164.82543402
  152.56569099   98.07794421  359.61912877  130.77059228  217.95098713
 1631.90801615 1772.21396412 2165.88793463  756.01748661  666.11270442
  758.40028977  189.23048166  462.72766218 1352.70227123 3134.12985246
 2752.71216287 3123.78131049  437.59548883  272.01881738  344.45861114
  759.87865291  366.63405821  461.24929904 1590.71873644  796.83773136
 1602.54564154 2053.44639862 1794.73284947 2029.79258841  165.57667145
  843.16964909  213.29192704 1258.08910091 1459.71662569  293.27639968
  253.28416336  266.6149088   253.28416336  319.93789056 2407.86589512
  654.87286975  719.86025377  546.56056304  373.26087232 2556.17043814
  693.19876289  148.30454302  226.62267248  226.62267248  776.51592189
  294.94274286  804.84375595 1593.02408009  454.91168814  490.59960399
  490.59960399  363.99325457  237.38690515  142.43214309   94.95476206
   94.95476206   94.95476206  205.7353178   269.03849251 2286.82718632
  761.6163207   508.40362187  856.57108276 1924.81215596  253.21269883
  284.86428619  189.90952412  189.90952412  205.7353178   237.38690515
  189.90952412 1190.89097419  316.51587354  346.47970969 1263.63188239
  264.95507211  101.90579697  163.04927515  163.04927515  163.04927515
  142.66811575  203.81159393  122.28695636  285.33623151  733.72173816
  366.86086908 2371.8574244   224.19275333  183.43043454  101.90579697
   61.14347818   81.52463757  387.24202847  101.90579697  142.66811575
  183.43043454 1003.77210012  209.15336929  209.15336929  119.51621102
  119.51621102   89.63715827  119.51621102  149.39526378  209.15336929
  149.39526378  179.27431653   89.63715827   89.63715827   59.75810551
  119.51621102   89.63715827  149.39526378   77.88437555    0.
   77.88437555    0.            0.           77.88437555   77.88437555
    0.            0.            0.            0.           77.88437555]
