[ 266.6222562  1114.4981278   363.28227682  176.4513916   385.33870077
  301.00531508  249.10784696  552.70803544  612.39012378  832.30033211
  186.62053273  174.36078971  283.33628327  228.84853649  163.46324035
  141.66814164   98.07794421  359.61912877  141.66814164  283.33628327
 1751.78105907 1881.18945768 2308.91826993  734.2223879   687.90780314
  841.18862549  201.05738676  415.42004176 1317.22155592 3168.13220463
 3215.43982505 2019.44404644  758.40028977  248.36500718  332.63170604
  795.35936822  378.46096332  496.73001435 1708.98778747  796.83773136
 1614.37254664 1710.46615061 1533.06257406 1874.56445892  177.40357655
  923.15412173  186.63043616 1204.76611915 2034.6050228   333.268636
  279.94565424  306.60714512  268.28125198  346.59938144 2956.09280134
  414.91945182  679.86801745  573.22205392  399.9223632  2796.12385606
  799.84472641  161.63528846  239.95341792  239.95341792  789.84666733
  294.94274286  909.82337629 1621.35191415  441.5809427   585.55436605
  363.99325457  585.55436605  284.86428619  189.90952412  110.78055574
  110.78055574  110.78055574  253.21269883  300.69007986 2652.7986651
  761.6163207   524.22941555  904.0484638  1940.63794964  269.03849251
  300.69007986  189.90952412  205.7353178   332.34166722  253.21269883
  189.90952412 1301.67152993  318.49409775  366.86086908 1284.01304178
  428.00434726  122.28695636  203.81159393  203.81159393  203.81159393
  163.04927515  224.19275333  122.28695636  305.7173909   733.72173816
  387.24202847 3087.74564809  244.57391272  203.81159393  122.28695636
   81.52463757  101.90579697  346.47970969  101.90579697  163.04927515
  203.81159393 1059.82028845  239.03242204  239.03242204  149.39526378
  149.39526378  119.51621102  119.51621102  179.27431653  209.15336929
  179.27431653  179.27431653   89.63715827   89.63715827   89.63715827
  119.51621102   89.63715827  149.39526378   77.88437555    0.
   77.88437555    0.            0.           77.88437555   77.88437555
    0.            0.            0.           77.88437555   77.88437555]
