[ 236.0053464  1062.60065969  425.55923856  198.50781555  447.61566251
  269.86683421  280.24632783  646.12347805  550.11316204  995.76357246
  219.3131808   217.95098713  207.05343778  196.15588842  164.82543402
  163.46324035  119.87304292  326.9264807   185.25833906  337.82403005
 2912.37006555 2725.74953282 2428.79131285 1686.39576294  698.80535249
  711.09266936  248.36500718  190.7088448   592.82361832 1020.07056519
 1553.75965799  594.30198146  295.67262759  177.40357655  391.76623156
  641.60960187  378.46096332  437.59548883 2017.9656833  2304.76813207
 4939.2112439  2185.02071789 2792.62796759 3444.58611143  224.71119697
  669.86995837  226.62267248  361.59647006 2289.55552934 2501.1811132
 2316.21702022 2419.53029738 1994.61278648 1644.68071867  666.53727201
  226.62267248  653.20652657  439.91459952  413.25310864 3437.66598037
 1469.71468477  214.95827022  386.59161776  359.93012688 1379.73215305
  588.21914254 1659.67780729 3147.72226705  454.91168814  395.64484192
  205.7353178  1952.50729489 2221.5457874   363.99325457  189.90952412
  221.56111148  205.7353178   413.44885981  854.59285856 2447.0633473
  698.313146    460.92624084  838.76706488 4435.17867796  363.99325457
  253.21269883  300.69007986  316.51587354  300.69007986  363.99325457
  269.03849251 1810.0751518   365.97147878  285.33623151  794.86521634
 1347.70416488  244.57391272  346.47970969  326.09855029  326.09855029
  285.33623151  366.86086908  244.57391272 2231.73695357  754.10289755
  428.00434726 2657.1936559   346.47970969  305.7173909   224.19275333
  163.04927515  203.81159393  224.19275333  163.04927515  264.95507211
  285.33623151  998.67681027  298.79052755  388.42768582  239.03242204
  209.15336929  179.27431653  209.15336929  268.9114748   956.12968817
  179.27431653  268.9114748   179.27431653  149.39526378  149.39526378
  179.27431653  149.39526378  209.15336929  155.76875111   77.88437555
  155.76875111   77.88437555   77.88437555  155.76875111   77.88437555
   77.88437555    0.           77.88437555   77.88437555  155.76875111]
