[ 183.70145882  635.74398443  269.86683421  155.69240435  250.40528366
  207.58987247  207.58987247  531.94904819  404.80025131  591.1920526
  185.25833906  141.66814164  130.77059228  108.97549357  108.97549357
  108.97549357   76.2828455   228.84853649  119.87304292  261.54118456
 2759.80437456 3239.29654625 2517.33390138 1205.54139757  533.97991847
  484.90310925  177.40357655  106.44214593  153.74976635  342.980248
  354.80715311  297.15099073  141.92286124  106.44214593  248.36500718
  439.07385197  236.53810207  449.42239394 4701.19477869 1771.07903927
 2303.28976893 1899.69663227 1985.44169427 2921.24556059  177.40357655
  534.89616078  159.96894528  173.29969072  348.26572462  453.24534496
  319.93789056  319.93789056  268.28125198  413.25310864  386.59161776
  119.97670896  293.27639968  319.93789056  319.93789056 4080.87444785
 1014.80299663  134.97379758  199.9611816   186.63043616  884.82822859
  334.93497918 1044.79717387 4285.83465899  348.26572462  427.29642928
  126.60634942  474.77381031  474.77381031  411.4706356   205.7353178
  142.43214309   94.95476206  221.56111148  379.81904825  334.31989143
  284.86428619  300.69007986  761.6163207  4118.66280443  174.08373045
  126.60634942  142.43214309  142.43214309  158.25793677  158.25793677
  142.43214309 1254.1941489   365.97147878  264.95507211  163.04927515
  570.67246301  305.7173909   489.14782544  285.33623151  244.57391272
  224.19275333  305.7173909   264.95507211  491.69547036  264.95507211
  285.33623151 2741.2659384   183.43043454  163.04927515  101.90579697
   81.52463757  101.90579697  142.66811575   61.14347818  122.28695636
  142.66811575 1143.89257095  209.15336929  239.03242204  179.27431653
  149.39526378  119.51621102  149.39526378  179.27431653  388.42768582
  119.51621102  149.39526378   89.63715827   59.75810551   59.75810551
  119.51621102   59.75810551  119.51621102   77.88437555    0.
   77.88437555    0.            0.           77.88437555    0.
    0.            0.            0.            0.           77.88437555]
