[ 244.93527842  666.8824653   373.66177044  374.95920714  416.47718164
  301.00531508  352.90278319  823.87230635  487.8362003   689.26999681
  393.67397051  415.46906922  425.00442491  305.13138199  230.21073016
  250.6436352   141.66814164  664.75051075  228.84853649  544.87746783
 6151.66661181 6805.5195732  5076.89580651 1873.01629567  655.21515507
  354.80715311  461.24929904  332.63170604  297.15099073  579.51835008
  662.3066858   533.6890928   366.63405821  366.63405821  604.65052342
  700.74412739  378.46096332  603.17216028 8929.31335323 4847.55272935
 9479.26444055 7329.72443797 5597.08284029 3883.6599634   272.01881738
  588.21914254  399.9223632   414.91945182  534.89616078  559.89130848
  454.91168814  506.56832672  481.57317902  773.18323553 1001.47225119
  348.26572462  626.54503569  359.93012688  493.23758128 9874.74968476
 4265.83854083  334.93497918  348.26572462  386.59161776 3695.94917327
 1029.80008525 2852.77952418 4017.55340701  388.25796094  395.64484192
  284.86428619  585.55436605  490.59960399  316.51587354  158.25793677
  189.90952412  174.08373045  334.31989143  838.76706488  985.15565639
  492.57782819  318.49409775  888.22267012 8041.4814121   350.1456851
  269.03849251  269.03849251  284.86428619  348.16746089  284.86428619
  237.38690515 2447.0633473   524.22941555  285.33623151  428.00434726
  448.38550665  244.57391272  407.62318787  407.62318787  387.24202847
  366.86086908  468.76666605  244.57391272  817.79402066  428.00434726
  387.24202847 4132.280067    366.86086908  285.33623151  183.43043454
  183.43043454  203.81159393  285.33623151  142.66811575  203.81159393
  224.19275333 1327.32300549  388.42768582  507.94389684  328.66958031
  298.79052755  268.9114748   328.66958031  328.66958031  597.58105511
  209.15336929  239.03242204  179.27431653  149.39526378  149.39526378
  179.27431653  149.39526378  149.39526378  233.65312666  155.76875111
  233.65312666  155.76875111   77.88437555  233.65312666  155.76875111
   77.88437555   77.88437555  155.76875111   77.88437555  155.76875111]
