[  214.31836862   583.84651631   311.3848087    302.30275178
   333.44123265   259.48734058   311.3848087    720.07737012
   446.3182258    580.29450324   317.39112501   348.72157941
   337.82403005   261.54118456   197.51808209   207.05343778
   119.87304292   544.87746783   207.05343778   501.2872704
  6053.5886676   6707.44162899  5109.58845458  1916.60649309
   611.62495764   319.3264378    378.46096332   261.67027542
   285.32408562   508.55691946   544.03763477   521.8621877
   331.1533429    295.67262759   486.38147239   629.78269677
   354.80715311   567.69144497  7838.28135742  4038.88809289
  7548.52218238  6021.37306088  5595.60447715  4132.02497058
   248.36500718   508.2346699    333.268636     334.93497918
   468.24243358   573.22205392   454.91168814   533.2298176
   441.5809427    773.18323553   826.50621729   306.60714512
   506.56832672   319.93789056   453.24534496 10541.28695676
  4052.54661379   281.61199742   308.2734883    333.268636
  3254.36823057   843.16964909  2729.47012886  3869.24886399
   348.26572462   348.16746089   237.38690515   538.07698502
   474.77381031   284.86428619   142.43214309   174.08373045
   158.25793677   413.44885981   696.33492179   763.59454491
   397.62306613   286.84251039   840.74528909  7390.64564713
   363.99325457   237.38690515   237.38690515   253.21269883
   348.16746089   253.21269883   221.56111148  2350.13036103
   413.44885981   244.57391272   346.47970969   428.00434726
   224.19275333   366.86086908   366.86086908   346.47970969
   346.47970969   448.38550665   285.33623151   654.74474551
   346.47970969   366.86086908  4359.02046525   326.09855029
   264.95507211   183.43043454   183.43043454   183.43043454
   264.95507211   142.66811575   183.43043454   203.81159393
  1263.63188239   358.54863306   448.18579133   268.9114748
   268.9114748    239.03242204   328.66958031   328.66958031
   478.06484408   179.27431653   209.15336929   179.27431653
   119.51621102   119.51621102   149.39526378   119.51621102
   209.15336929   155.76875111    77.88437555   233.65312666
   155.76875111    77.88437555   155.76875111    77.88437555
    77.88437555    77.88437555    77.88437555    77.88437555
   233.65312666]
