[ 173.49582222  499.51313062  249.10784696  240.02579004  271.16427091
  217.96936609  280.24632783  720.07737012  404.80025131  471.31900967
  241.10827951  294.23383263  283.33628327  250.6436352   196.15588842
  185.25833906  108.97549357  305.13138199  196.15588842  446.79952362
 5386.1137695  4826.25217131 4835.787527   1742.24570339  546.2396615
  272.01881738  319.3264378   248.36500718  283.84572249  496.73001435
  496.73001435  569.16980811  283.84572249  260.19191228  403.59313666
  795.35936822  331.1533429   496.73001435 7341.55134307 3373.62468081
 7122.75359865 5557.16703556 4454.30813465 3718.08329195  224.71119697
  428.25019726  279.94565424  293.27639968  534.89616078  426.58385408
  361.59647006  533.2298176   534.89616078  666.53727201  693.19876289
  253.28416336  413.25310864  266.6149088   413.25310864 7705.17086438
 9121.56256739  281.61199742  308.2734883   333.268636   2652.81834258
  789.84666733 2169.57882038 2986.08697858  294.94274286  284.86428619
  205.7353178   490.59960399  443.12222295  237.38690515  126.60634942
  205.7353178   174.08373045  365.97147878  585.55436605  635.00997129
  348.16746089  269.03849251  696.33492179 5673.54703319  363.99325457
  221.56111148  237.38690515  253.21269883  269.03849251  253.21269883
  205.7353178  1999.98467592  429.27465349  203.81159393  285.33623151
  489.14782544  203.81159393  428.00434726  346.47970969  448.38550665
  448.38550665  550.29130362  264.95507211  552.83894854  285.33623151
  326.09855029 3678.79927049  285.33623151  264.95507211  163.04927515
  163.04927515  183.43043454  203.81159393  122.28695636  183.43043454
  203.81159393  817.79402066  478.06484408  597.58105511  268.9114748
  268.9114748   328.66958031  388.42768582  358.54863306  388.42768582
  149.39526378  209.15336929  179.27431653  119.51621102  119.51621102
  149.39526378  119.51621102  179.27431653  155.76875111   77.88437555
  233.65312666  155.76875111   77.88437555  155.76875111   77.88437555
    0.            0.           77.88437555   77.88437555  155.76875111]
