[ 234.72964182  656.50297167  342.52328957  385.33870077  437.23616888
  321.76430232  373.66177044  875.76977447  487.8362003   700.16754616
  404.57151986  459.05926665  479.49217169  381.41422748  252.00582887
  261.54118456  152.56569099  731.49800056  261.54118456  566.67256654
 5748.45728561 6543.97838864 5493.7270694  2003.78688795  677.01025378
  402.11477352  508.55691946  368.11242135  462.72766218  544.03763477
  567.69144497  960.93603967  484.90310925  437.59548883  665.26341208
 1009.72202322  425.76858373  614.99906539 7841.2380837  4062.54190309
 8142.82416384 6569.84578506 5489.16233122 4537.09647038  295.67262759
  601.54988798  439.91459952  481.57317902  789.84666733  519.89907216
  668.20361519  493.23758128  896.49263085 1134.77970559 1188.10268735
  401.58870638  706.52950833  373.26087232  546.56056304 9661.45775772
 6393.75878171  361.59647006  453.24534496  439.91459952 3187.71450337
  963.14635805 2742.8008743  3922.57184575  401.58870638  348.16746089
  316.51587354  838.76706488  569.72857237  316.51587354  221.56111148
  253.21269883  269.03849251  666.66155864 1044.50238268 1127.58779948
  571.70679658  334.31989143  888.22267012 7501.42620287  460.92624084
  300.69007986  348.16746089  348.16746089  332.34166722  348.16746089
  284.86428619 2510.36652201  492.57782819  285.33623151  489.14782544
  570.67246301  428.00434726  407.62318787  512.07662976  407.62318787
  835.62753513 1019.05796967  468.76666605  960.46213641  468.76666605
  428.00434726 4868.54945008  369.408514    366.86086908  224.19275333
  244.57391272  244.57391272  264.95507211  183.43043454  264.95507211
  264.95507211 1243.25072299  418.30673857  776.85537164  478.06484408
  298.79052755  298.79052755  746.97631888  597.58105511  657.33916062
  209.15336929  298.79052755  239.03242204  179.27431653  179.27431653
  209.15336929  149.39526378  179.27431653  233.65312666  155.76875111
  233.65312666  155.76875111  233.65312666  311.53750222  155.76875111
   77.88437555   77.88437555  155.76875111  155.76875111  233.65312666]
