[  246.210983     708.40043979   363.28227682   447.61566251
   511.19006095   363.28227682   435.93873218   938.04673621
   529.35417479   799.60768404   448.16171729   578.93230957
   621.16031333   523.08236912   328.28867437   316.02893134
   196.15588842   512.18481976   326.9264807    632.05786268
  6919.94384145  5634.03301737  6312.40546482  2048.73927904
   720.60045121   437.59548883   626.82597049   474.55456728
   582.47507635   722.91957446   816.05645215  1235.91158333
   638.6528756    591.34525518   878.14770394  1852.38901185
   555.86453987   663.78504894  8290.66047764  3932.44594695
  7477.56075176  6424.96619754  5560.12376184  4276.9045581
   366.63405821   668.20361519   546.56056304   601.54988798
  1189.76903053   546.56056304   548.22690622   866.49845361
  1271.41984635  1469.71468477  1536.36841197   534.89616078
   906.49068993   453.24534496   641.54212431 12497.5738501
 10154.695339     468.24243358   599.8835448    546.56056304
  3749.27215503  1029.80008525  2504.51379956  3534.31388481
   481.57317902   411.4706356    395.64484192  1062.30640057
   587.53259026   363.99325457   253.21269883   348.16746089
   395.64484192   921.85248168  1378.8222741   1430.25610355
   761.6163207    427.29642928   951.52584483 10330.28682263
   666.66155864   411.4706356    445.10044716   474.77381031
   411.4706356    458.94801663   348.16746089  2302.65298
   540.05520923   387.24202847   611.4347818   1080.20144785
   468.76666605   983.39094073   532.45778915   815.24637573
  1161.72608542  1345.15651996   631.81594119  1248.34601284
   611.4347818    509.52898483  5502.9130362    491.69547036
   509.52898483   305.7173909    326.09855029   326.09855029
   305.7173909    244.57391272   346.47970969   326.09855029
  1100.58260724   959.86456976  1553.71074327   537.8229496
   746.97631888   720.83214772  1015.88779368   776.85537164
   866.4925299    239.03242204   358.54863306   328.66958031
   268.9114748    239.03242204   268.9114748    209.15336929
   328.66958031   311.53750222   233.65312666   389.42187777
   389.42187777   311.53750222   389.42187777   233.65312666
   155.76875111   155.76875111   155.76875111   155.76875111
   233.65312666]
