[ 214.31836862  563.08752906  290.62582145  291.92325816  323.06173903
  249.10784696  311.3848087   761.59534461  456.69771943  558.49940453
  295.5960263   359.61912877  348.72157941  294.23383263  208.41563145
  217.95098713  130.77059228  370.51667812  228.84853649  512.18481976
 5759.35483497 5305.744343   5985.47898412 2037.84172969  633.42005635
  342.980248    390.28786842  273.49718052  332.63170604  520.38382456
  520.38382456  677.09031718  354.80715311  307.49953269  498.20837749
  819.01317843  366.63405821  555.86453987 8530.15530598 3956.09975716
 7858.97844135 6223.90881078 5418.20090059 4395.17360913  260.19191228
  494.90392446  333.268636    348.26572462  654.87286975  453.24534496
  388.25796094  453.24534496  629.87772205  788.18032415  841.50330591
  306.60714512  519.89907216  306.60714512  466.5760904  8508.34827715
 7221.93134218  334.93497918  386.59161776  373.26087232 3294.36046689
  936.48486717 2611.15976308 3547.64463025  348.26572462  316.51587354
  237.38690515  617.2059534   427.29642928  284.86428619  158.25793677
  205.7353178   221.56111148  460.92624084  743.81230282  779.42033859
  397.62306613  300.69007986  777.44211438 6245.25382976  381.79727246
  253.21269883  284.86428619  284.86428619  348.16746089  300.69007986
  237.38690515 2318.47877367  445.10044716  244.57391272  346.47970969
  550.29130362  285.33623151  387.24202847  512.07662976  387.24202847
  570.67246301  692.95941937  326.09855029  675.1259049   346.47970969
  366.86086908 3908.08731367  326.09855029  305.7173909   183.43043454
  203.81159393  203.81159393  244.57391272  163.04927515  224.19275333
  224.19275333 1222.8695636   537.8229496   567.70200235  418.30673857
  388.42768582  298.79052755  507.94389684  448.18579133  478.06484408
  179.27431653  239.03242204  209.15336929  149.39526378  149.39526378
  179.27431653  149.39526378  209.15336929  155.76875111  155.76875111
  233.65312666  155.76875111  155.76875111  233.65312666  155.76875111
   77.88437555   77.88437555   77.88437555   77.88437555  233.65312666]
