[ 193.90709542  521.56955457  269.86683421  250.40528366  281.54376453
  228.34885971  301.00531508  720.07737012  435.93873218  504.01165774
  262.90337823  305.13138199  294.23383263  250.6436352   207.05343778
  196.15588842  119.87304292  337.82403005  196.15588842  468.59462233
 5451.49906564 5162.71400769 5691.24515149 1873.01629567  600.72740828
  307.49953269  331.1533429   226.18956011  273.49718052  484.90310925
  496.73001435  580.99671322  295.67262759  260.19191228  415.42004176
  665.26341208  331.1533429   532.21072966 7649.05087576 3824.52543788
 7477.56075176 6009.54615578 5262.97277111 4251.77238475  236.53810207
  454.91168814  293.27639968  306.60714512  548.22690622  426.58385408
  361.59647006  426.58385408  534.89616078  666.53727201  719.86025377
  253.28416336  426.58385408  279.94565424  426.58385408 8185.07770023
 6845.33778349  319.93789056  321.60423374  346.59938144 3134.39152161
  883.16188541 2489.51671094 3507.65239393  321.60423374  316.51587354
  205.7353178   522.25119134  395.64484192  253.21269883  142.43214309
  189.90952412  174.08373045  365.97147878  601.38015972  666.66155864
  379.81904825  284.86428619  775.46389017 6403.51176653  363.99325457
  221.56111148  237.38690515  253.21269883  300.69007986  253.21269883
  221.56111148 2271.00139264  413.44885981  224.19275333  305.7173909
  468.76666605  244.57391272  366.86086908  410.17083279  346.47970969
  448.38550665  550.29130362  264.95507211  552.83894854  285.33623151
  326.09855029 4030.37427003  305.7173909   264.95507211  163.04927515
  163.04927515  183.43043454  224.19275333  142.66811575  183.43043454
  203.81159393 1202.48840421  448.18579133  567.70200235  328.66958031
  328.66958031  268.9114748   418.30673857  358.54863306  418.30673857
  149.39526378  209.15336929  179.27431653  149.39526378  119.51621102
  149.39526378  119.51621102  179.27431653  155.76875111   77.88437555
  233.65312666  155.76875111  155.76875111  155.76875111   77.88437555
   77.88437555   77.88437555   77.88437555   77.88437555  155.76875111]
