[  224.52400522   614.98499718   332.14379595   333.44123265
   385.33870077   280.24632783   321.76430232   699.31838287
   477.45670667   623.88470067   360.98132244   403.20932619
   392.31177684   305.13138199   219.3131808    228.84853649
   130.77059228   642.95541204   217.95098713   523.08236912
  5890.12542725  6225.22506996  4835.787527    1894.81139438
   633.42005635   331.1533429    425.76858373   308.97789583
   332.63170604   520.38382456   555.86453987   570.64817125
   402.11477352   354.80715311   569.16980811   724.3979376
   366.63405821   579.51835008  7696.35849618  3991.58047247
  7717.05558011  5938.58472515  5323.58565977  4179.33259099
   260.19191228   534.89616078   373.26087232   361.59647006
   481.57317902   639.87578113   614.88063342   706.52950833
   481.57317902   908.15703311   974.81076031   334.93497918
   599.8835448    346.59938144   479.90683584 10864.55753369
  4305.83077715   294.94274286   334.93497918   359.93012688
  3254.36823057   896.49263085  2584.4982722   3882.57960943
   361.59647006   363.99325457   269.03849251   633.03174708
   585.55436605   300.69007986   142.43214309   189.90952412
   174.08373045   508.40362187   838.76706488   921.85248168
   476.75203452   348.16746089   856.57108276  7279.8650914
   365.97147878   253.21269883   269.03849251   269.03849251
   316.51587354   269.03849251   237.38690515  2383.76017259
   445.10044716   264.95507211   407.62318787   448.38550665
   224.19275333   468.76666605   387.24202847   366.86086908
   346.47970969   468.76666605   346.47970969   797.41286126
   407.62318787   366.86086908  4743.7148488    346.47970969
   285.33623151   183.43043454   183.43043454   183.43043454
   264.95507211   142.66811575   203.81159393   224.19275333
  1225.41720852   388.42768582   507.94389684   298.79052755
   268.9114748    268.9114748    328.66958031   388.42768582
   567.70200235   179.27431653   268.9114748    179.27431653
   149.39526378   149.39526378   179.27431653   119.51621102
   209.15336929   155.76875111    77.88437555   233.65312666
   155.76875111    77.88437555   233.65312666   155.76875111
    77.88437555    77.88437555    77.88437555    77.88437555
   233.65312666]
