[ 224.52400522  594.22600993  321.76430232  323.06173903  364.57971352
  269.86683421  332.14379595  688.93888925  477.45670667  612.98715131
  350.08377308  392.31177684  392.31177684  305.13138199  219.3131808
  228.84853649  130.77059228  610.26276397  217.95098713  577.5701159
 6140.76906245 5338.43699107 5789.3230957  1916.60649309  644.31760571
  342.980248    425.76858373  297.15099073  368.11242135  508.55691946
  532.21072966  677.09031718  390.28786842  342.980248    557.34290301
  759.87865291  366.63405821  567.69144497 7838.28135742 4015.23428268
 7953.59368218 6389.48548223 5335.41256487 4049.23663485  260.19191228
  534.89616078  373.26087232  388.25796094  561.55765166  533.2298176
  668.20361519  519.89907216  588.21914254  919.82143537  948.14926943
  321.60423374  573.22205392  333.268636    479.90683584 9044.91078111
 4775.73955392  308.2734883   386.59161776  373.26087232 3322.68830095
  936.48486717 2702.80863798 3762.60290047  361.59647006  348.16746089
  269.03849251  680.50912811  601.38015972  284.86428619  158.25793677
  189.90952412  189.90952412  508.40362187  822.9412712   890.20089433
  490.59960399  332.34166722  824.91949541 6929.71940629  395.64484192
  253.21269883  284.86428619  284.86428619  332.34166722  284.86428619
  237.38690515 2478.71493465  445.10044716  264.95507211  387.24202847
  468.76666605  305.7173909   366.86086908  366.86086908  366.86086908
  509.52898483  754.10289755  346.47970969  756.65054248  387.24202847
  366.86086908 4437.9974579   346.47970969  305.7173909   183.43043454
  183.43043454  203.81159393  244.57391272  142.66811575  203.81159393
  224.19275333 1222.8695636   358.54863306  478.06484408  418.30673857
  268.9114748   268.9114748   478.06484408  418.30673857  537.8229496
  179.27431653  268.9114748   209.15336929  149.39526378  149.39526378
  179.27431653  149.39526378  149.39526378  233.65312666   77.88437555
  233.65312666  155.76875111  155.76875111  233.65312666  155.76875111
   77.88437555   77.88437555   77.88437555   77.88437555  233.65312666]
