[ 214.31836862  573.46702269  290.62582145  312.6822454   354.2002199
  259.48734058  332.14379595  761.59534461  446.3182258   591.1920526
  317.39112501  392.31177684  392.31177684  326.9264807   230.21073016
  228.84853649  141.66814164  381.41422748  239.74608585  523.08236912
 5802.94503239 5316.64189236 5548.21481618 1751.78105907  600.72740828
  342.980248    413.94167863  297.15099073  368.11242135  555.86453987
  591.34525518  783.53246311  402.11477352  354.80715311  557.34290301
  986.06821301  390.28786842  567.69144497 8432.58333888 3741.73710216
 7264.6764599  6058.33213933 5168.35753028 4098.0226184   272.01881738
  521.56541534  359.93012688  388.25796094  723.19294013  466.5760904
  414.91945182  533.2298176   749.85443101  933.15218081  961.48001487
  321.60423374  573.22205392  333.268636    506.56832672 8428.36380451
 6832.00703805  346.59938144  388.25796094  399.9223632  3362.68053727
  909.82337629 2531.17529044 3387.67568497  361.59647006  348.16746089
  269.03849251  696.33492179  443.12222295  300.69007986  189.90952412
  237.38690515  253.21269883  555.8810029   854.59285856  890.20089433
  460.92624084  302.66830407  824.91949541 8249.19495411  429.27465349
  269.03849251  300.69007986  300.69007986  332.34166722  316.51587354
  253.21269883 2144.39504323  397.62306613  305.7173909   387.24202847
  652.19710059  305.7173909   570.67246301  491.69547036  448.38550665
  672.57825998  794.86521634  387.24202847  777.03170187  407.62318787
  387.24202847 4743.7148488   366.86086908  326.09855029  203.81159393
  224.19275333  224.19275333  285.33623151  163.04927515  244.57391272
  224.19275333 1059.82028845  687.21821337  776.85537164  388.42768582
  478.06484408  388.42768582  597.58105511  478.06484408  537.8229496
  179.27431653  268.9114748   209.15336929  179.27431653  149.39526378
  179.27431653  149.39526378  239.03242204  233.65312666  155.76875111
  233.65312666  233.65312666  155.76875111  233.65312666  155.76875111
   77.88437555   77.88437555  155.76875111   77.88437555  233.65312666]
