[  214.31836862   604.60550356   321.76430232   323.06173903
   354.2002199    259.48734058   311.3848087    740.83635736
   456.69771943   612.98715131   339.18622372   381.41422748
   370.51667812   283.33628327   208.41563145   217.95098713
   130.77059228   566.67256654   207.05343778   490.38972105
  6129.87151309  6840.93660861  5165.43839503  1938.40159181
   622.522507     331.1533429    402.11477352   285.32408562
   297.15099073   508.55691946   579.51835008   521.8621877
   366.63405821   319.3264378    521.8621877    653.43650697
   354.80715311   567.69144497  7530.78182473  3790.52308571
  7453.90694156  6342.17786182  5607.43138225  4108.37116037
   248.36500718   534.89616078   359.93012688   361.59647006
   494.90392446   599.8835448    441.5809427    546.56056304
   454.91168814   828.17256047   894.82628767   308.2734883
   559.89130848   333.268636     466.5760904  10407.97950236
  4079.20810467   294.94274286   346.59938144   346.59938144
  3121.06077616   856.50039453  2729.47012886  3829.25662767
   348.26572462   348.16746089   253.21269883   601.38015972
   474.77381031   300.69007986   142.43214309   189.90952412
   142.43214309   460.92624084   775.46389017   888.22267012
   429.27465349   302.66830407   840.74528909  7564.72937758
   363.99325457   237.38690515   237.38690515   253.21269883
   332.34166722   269.03849251   221.56111148  2571.6914725
   476.75203452   244.57391272   366.86086908   448.38550665
   224.19275333   366.86086908   366.86086908   346.47970969
   346.47970969   448.38550665   285.33623151   736.26938308
   387.24202847   366.86086908  4458.37861729   346.47970969
   264.95507211   183.43043454   163.04927515   183.43043454
   264.95507211   142.66811575   183.43043454   224.19275333
  1245.79836792   358.54863306   478.06484408   298.79052755
   268.9114748    239.03242204   298.79052755   328.66958031
   507.94389684   179.27431653   209.15336929   179.27431653
   119.51621102   119.51621102   149.39526378   119.51621102
   209.15336929   155.76875111    77.88437555   233.65312666
   155.76875111    77.88437555   233.65312666   155.76875111
    77.88437555    77.88437555    77.88437555    77.88437555
   155.76875111]
