[  265.34655163   698.02094617   352.90278319   447.61566251
   500.81056732   363.28227682   435.93873218   979.5647107
   539.73366841   798.24549037   437.26416793   557.13721086
   610.26276397   501.2872704    317.39112501   316.02893134
   196.15588842   501.2872704    326.9264807    632.05786268
  7260.49225884  5732.11096158  6489.49064186  1785.83590081
   731.49800056   425.76858373   603.17216028   474.55456728
   580.99671322   722.91957446   816.05645215  1210.77940998
   614.99906539   579.51835008   854.49389374  1828.73520165
   544.03763477   663.78504894  9047.58240427  4086.1957133
  7669.7479597   6377.65857713  5595.60447715  4324.21217851
   354.80715311   668.20361519   533.2298176    588.21914254
  1111.45090107   559.89130848   534.89616078   893.15994449
  1218.09686459  1416.39170301  1483.04543021   521.56541534
   866.49845361   439.91459952   641.54212431 12684.20428626
 10221.3490662    493.23758128   586.55279936   533.2298176
  3535.98022799  1043.13083069  2582.83192902  3494.32164849
   468.24243358   411.4706356    395.64484192  1030.65481321
   603.35838393   363.99325457   253.21269883   348.16746089
   334.31989143   874.37510065  1315.5190994   1382.77872252
   745.79052703   381.79727246   919.87425747 10682.41073194
   650.83576496   411.4706356    429.27465349   458.94801663
   411.4706356    443.12222295   348.16746089  2302.65298
   555.8810029    387.24202847   611.4347818   1059.82028845
   448.38550665   980.8432958    491.69547036   856.00869452
  1100.58260724  1284.01304178   611.4347818   1187.20253466
   591.05362241   509.52898483  5299.10144226   509.52898483
   509.52898483   305.7173909    326.09855029   326.09855029
   285.33623151   244.57391272   346.47970969   346.47970969
  1100.58260724   690.95309497  1523.83169052   507.94389684
   687.21821337   720.83214772   956.12968817   746.97631888
   836.61347715   239.03242204   388.42768582   328.66958031
   268.9114748    239.03242204   268.9114748    209.15336929
   328.66958031   389.42187777   233.65312666   389.42187777
   389.42187777   311.53750222   389.42187777   233.65312666
   155.76875111   155.76875111    77.88437555   155.76875111
   233.65312666]
