[  234.72964182   646.12347805   363.28227682   343.82072627
   385.33870077   290.62582145   342.52328957   730.45686374
   467.07721305   656.57734874   360.98132244   392.31177684
   370.51667812   272.43873392   219.3131808    228.84853649
   130.77059228   555.77501719   217.95098713   523.08236912
  6075.38376631  6642.05633285  4835.787527    1894.81139438
   633.42005635   342.980248     425.76858373   285.32408562
   273.49718052   567.69144497   603.17216028   545.5159979
   331.1533429    319.3264378    545.5159979    629.78269677
   366.63405821   591.34525518  8290.66047764  3660.42712957
  7740.70939032  7341.55134307  5274.79967621  3966.44829913
   260.19191228   548.22690622   373.26087232   348.26572462
   508.2346699    546.56056304   454.91168814   506.56832672
   481.57317902   639.87578113   828.17256047   308.2734883
   573.22205392   346.59938144   479.90683584 10864.55753369
  3770.93461637   306.60714512   346.59938144   359.93012688
  3669.28768239   949.81561261  2517.844545    3722.61066415
   374.9272155    395.64484192   253.21269883   506.42539766
   474.77381031   300.69007986   158.25793677   189.90952412
   174.08373045   348.16746089   585.55436605   858.54930697
   460.92624084   363.99325457   919.87425747  7788.26871327
   363.99325457   237.38690515   253.21269883   269.03849251
   332.34166722   269.03849251   221.56111148  2747.75342716
   492.57782819   264.95507211   346.47970969   448.38550665
   224.19275333   407.62318787   407.62318787   387.24202847
   366.86086908   468.76666605   244.57391272   593.60126733
   387.24202847   387.24202847  5215.02915977   346.47970969
   264.95507211   183.43043454   163.04927515   183.43043454
   305.7173909    142.66811575   183.43043454   224.19275333
  1284.01304178   388.42768582   507.94389684   298.79052755
   298.79052755   268.9114748    328.66958031   328.66958031
   507.94389684   179.27431653   239.03242204   179.27431653
   119.51621102   119.51621102   179.27431653   119.51621102
   209.15336929   233.65312666    77.88437555   233.65312666
   155.76875111    77.88437555   155.76875111   155.76875111
    77.88437555    77.88437555    77.88437555    77.88437555
   233.65312666]
