[ 224.52400522  614.98499718  332.14379595  323.06173903  354.2002199
  269.86683421  332.14379595  792.73382548  467.07721305  612.98715131
  339.18622372  370.51667812  348.72157941  272.43873392  219.3131808
  217.95098713  130.77059228  523.08236912  217.95098713  501.2872704
 6108.07641438 6840.93660861 5044.20315844 1894.81139438  622.522507
  331.1533429   402.11477352  273.49718052  273.49718052  555.86453987
  614.99906539  510.03528259  331.1533429   307.49953269  510.03528259
  606.12888656  354.80715311  579.51835008 9023.92859406 4906.68725486
 9216.11580199 7684.53159108 5703.52498622 3860.00615319  260.19191228
  521.56541534  346.59938144  348.26572462  494.90392446  533.2298176
  441.5809427   479.90683584  454.91168814  706.52950833  853.16770817
  306.60714512  533.2298176   333.268636    453.24534496 9631.46358048
 4105.86959555  308.2734883   334.93497918  373.26087232 3575.97246431
 1003.13859437 2769.46236518 3964.23042525  361.59647006  363.99325457
  253.21269883  538.07698502  474.77381031  300.69007986  142.43214309
  189.90952412  158.25793677  332.34166722  696.33492179  795.24613227
  413.44885981  302.66830407  840.74528909 7930.70085636  363.99325457
  237.38690515  253.21269883  269.03849251  348.16746089  269.03849251
  221.56111148 2698.29782192  492.57782819  264.95507211  346.47970969
  428.00434726  224.19275333  387.24202847  387.24202847  366.86086908
  346.47970969  448.38550665  244.57391272  675.1259049   346.47970969
  366.86086908 4193.42354518  326.09855029  285.33623151  183.43043454
  163.04927515  183.43043454  305.7173909   142.66811575  183.43043454
  224.19275333 1327.32300549  358.54863306  448.18579133  298.79052755
  298.79052755  268.9114748   298.79052755  328.66958031  478.06484408
  179.27431653  209.15336929  179.27431653  149.39526378  149.39526378
  179.27431653  119.51621102  209.15336929  155.76875111   77.88437555
  233.65312666  155.76875111   77.88437555  155.76875111  155.76875111
   77.88437555   77.88437555   77.88437555   77.88437555  155.76875111]
