[  234.72964182   646.12347805   352.90278319   364.57971352
   395.71819439   301.00531508   342.52328957   823.87230635
   477.45670667   656.57734874   382.77642115   425.00442491
   414.10687555   305.13138199   219.3131808    239.74608585
   141.66814164   664.75051075   217.95098713   512.18481976
  6064.48621695  6830.03905925  5033.30560908  1916.60649309
   644.31760571   354.80715311   449.42239394   320.80480094
   308.97789583   567.69144497   733.26811642   521.8621877
   378.46096332   366.63405821   592.82361832   688.91722229
   366.63405821   591.34525518  8929.31335323  4645.01697945
  8932.27007951  7495.30110942  5774.48641684  3824.52543788
   260.19191228   561.55765166   399.9223632    414.91945182
   521.56541534   586.55279936   441.5809427    493.23758128
   468.24243358   906.49068993  1001.47225119   348.26572462
   613.21429024   346.59938144   479.90683584 10301.33353884
  3932.56990483   321.60423374   373.26087232   386.59161776
  3884.24595261  1003.13859437  2759.4643061   3990.89191613
   374.9272155    363.99325457   284.86428619   617.2059534
   506.42539766   300.69007986   142.43214309   189.90952412
   174.08373045   350.1456851    854.59285856   969.32986271
   492.57782819   348.16746089   872.39687644  7867.39768165
   379.81904825   253.21269883   269.03849251   284.86428619
   379.81904825   284.86428619   237.38690515  2682.47202824
   524.22941555   285.33623151   407.62318787   448.38550665
   224.19275333   387.24202847   387.24202847   387.24202847
   366.86086908   468.76666605   264.95507211   817.79402066
   428.00434726   387.24202847  4580.66557365   346.47970969
   285.33623151   183.43043454   183.43043454   203.81159393
   305.7173909    142.66811575   203.81159393   224.19275333
  1327.32300549   388.42768582   478.06484408   298.79052755
   298.79052755   268.9114748    328.66958031   328.66958031
   567.70200235   179.27431653   268.9114748    179.27431653
   149.39526378   149.39526378   179.27431653   149.39526378
   209.15336929   233.65312666    77.88437555   233.65312666
   155.76875111   155.76875111   233.65312666   155.76875111
    77.88437555    77.88437555    77.88437555    77.88437555
   233.65312666]
