[  255.14091503   677.26195892   373.66177044   374.95920714
   406.09768801   311.3848087    352.90278319   948.42622983
   498.21569392   700.16754616   393.67397051   404.57151986
   403.20932619   294.23383263   230.21073016   239.74608585
   141.66814164   653.8529614    228.84853649   555.77501719
  6176.18609786  7080.68269446  5044.20315844  1938.40159181
   655.21515507   354.80715311   461.24929904   320.80480094
   285.32408562   591.34525518   638.6528756    557.34290301
   354.80715311   354.80715311   592.82361832   688.91722229
   378.46096332   614.99906539  8432.58333888  3802.34999081
  7453.90694156  7223.28229203  5227.4920558   4037.40972975
   272.01881738   614.88063342   386.59161776   401.58870638
   561.55765166   573.22205392   468.24243358   519.89907216
   494.90392446   666.53727201   921.48777855   334.93497918
   613.21429024   373.26087232   506.56832672 11237.81840601
  3919.23915939   308.2734883    334.93497918   373.26087232
  3724.27700733   963.14635805  3201.04524881  3642.62619151
   401.58870638   411.4706356    284.86428619   553.90277869
   506.42539766   316.51587354   158.25793677   205.7353178
   174.08373045   363.99325457   664.68333443   937.67827536
   492.57782819   379.81904825   919.87425747  7899.04926901
   379.81904825   253.21269883   253.21269883   269.03849251
   411.4706356    284.86428619   237.38690515  2729.94940927
   460.92624084   285.33623151   407.62318787   468.76666605
   244.57391272   428.00434726   389.7896734    407.62318787
   387.24202847   489.14782544   264.95507211   736.26938308
   407.62318787   387.24202847  5237.95796408   328.64619522
   285.33623151   183.43043454   183.43043454   183.43043454
   305.7173909    142.66811575   203.81159393   224.19275333
  1286.5606867    388.42768582   507.94389684   328.66958031
   298.79052755   268.9114748    328.66958031   358.54863306
   567.70200235   209.15336929   239.03242204   179.27431653
   149.39526378   149.39526378   179.27431653   149.39526378
   149.39526378   233.65312666   155.76875111   233.65312666
   155.76875111    77.88437555   233.65312666   155.76875111
    77.88437555    77.88437555    77.88437555    77.88437555
   233.65312666]
