[  234.72964182   666.8824653    373.66177044   364.57971352
   406.09768801   301.00531508   342.52328957   761.59534461
   487.8362003    689.26999681   382.77642115   414.10687555
   403.20932619   294.23383263   230.21073016   239.74608585
   141.66814164   687.90780314   228.84853649   544.87746783
  6208.87874593  7146.0679906   5011.51051037  1949.29914116
   655.21515507   354.80715311   449.42239394   320.80480094
   297.15099073   603.17216028   638.6528756    557.34290301
   342.980248     354.80715311   592.82361832   700.74412739
   390.28786842   614.99906539  8432.58333888  3861.48451633
  7548.52218238  6806.38388713  5144.70372007  4072.89044506
   260.19191228   574.8883971    386.59161776   401.58870638
   561.55765166   559.89130848   468.24243358   519.89907216
   494.90392446   706.52950833   948.14926943   334.93497918
   613.21429024   373.26087232   506.56832672 11321.13556501
  4372.48450436   308.2734883    334.93497918   359.93012688
  3669.28768239   989.80784893  2702.80863798  3092.7329421
   388.25796094   379.81904825   284.86428619   569.72857237
   490.59960399   316.51587354   158.25793677   205.7353178
   174.08373045   350.1456851    727.98650914   937.67827536
   492.57782819   379.81904825   919.87425747  8088.95879313
   350.1456851    253.21269883   269.03849251   269.03849251
   348.16746089   269.03849251   237.38690515  2682.47202824
   524.22941555   285.33623151   387.24202847   468.76666605
   244.57391272   428.00434726   407.62318787   407.62318787
   387.24202847   489.14782544   264.95507211   797.41286126
   428.00434726   407.62318787  5462.15071741   366.86086908
   285.33623151   183.43043454   183.43043454   203.81159393
   285.33623151   142.66811575   203.81159393   224.19275333
  1286.5606867    388.42768582   537.8229496    328.66958031
   298.79052755   268.9114748    328.66958031   328.66958031
   567.70200235   209.15336929   268.9114748    179.27431653
   149.39526378   149.39526378   179.27431653   149.39526378
   209.15336929   233.65312666   155.76875111   233.65312666
   155.76875111    77.88437555   233.65312666   155.76875111
    77.88437555    77.88437555    77.88437555    77.88437555
   233.65312666]
