[  244.93527842   666.8824653    332.14379595   406.09768801
   468.37464975   332.14379595   404.80025131   906.90825534
   498.21569392   743.75774359   404.57151986   502.64946407
   544.87746783   457.69707298   295.5960263    283.33628327
   174.36078971   468.59462233   294.23383263   621.16031333
  6699.26846698  5514.15997444  6018.17163219  1992.88933859
   687.90780314   402.11477352   555.86453987   415.42004176
   521.8621877    663.78504894   745.09502153  1080.68345384
   544.03763477   508.55691946   759.87865291  1531.58421092
   496.73001435   628.30433363  8172.3914266   3814.17689592
  7524.86837218  6389.48548223  5406.37399549  4204.46476434
   331.1533429    628.21137887   479.90683584   521.56541534
  1029.80008525   519.89907216   494.90392446   733.19099921
  1084.78941019  1256.42275773  1323.07648493   454.91168814
   799.84472641   399.9223632    613.21429024 11104.51095161
  9094.90107651   414.91945182   533.2298176    493.23758128
  3857.58446173   989.80784893  2557.83678132  3520.98313937
   441.5809427    411.4706356    363.99325457   949.54762062
   538.07698502   348.16746089   237.38690515   300.69007986
   302.66830407   779.42033859  1188.91274998  1270.01994257
   650.83576496   395.64484192   904.0484638   9392.60854727
   587.53259026   363.99325457   411.4706356    411.4706356
   474.77381031   411.4706356    316.51587354  2271.00139264
   492.57782819   366.86086908   550.29130362   937.53333209
   428.00434726   896.77101331   552.83894854   631.81594119
   998.67681027  1141.34492603   550.29130362  1064.9155783
   529.91014423   468.76666605  5339.86376105   468.76666605
   448.38550665   264.95507211   285.33623151   285.33623151
   305.7173909    224.19275333   305.7173909    285.33623151
  1080.20144785   989.74362252  1344.55737399   478.06484408
   657.33916062   627.46010786   866.4925299    687.21821337
   746.97631888   209.15336929   328.66958031   298.79052755
   239.03242204   209.15336929   239.03242204   179.27431653
   298.79052755   311.53750222   233.65312666   311.53750222
   311.53750222   311.53750222   389.42187777   233.65312666
   155.76875111    77.88437555   155.76875111   155.76875111
   233.65312666]
