[  1815.32761041   4415.17710001   2265.32448329   1817.70882078
   2108.33464223   1722.99594147  13052.21323131  15787.20980105
  10610.43735643   7960.659805     2498.26319      1919.33088043
   1938.40159181   1972.45643355   1776.30054513   1622.37266047
   1885.27603869   2103.22702583  11328.0025562   15082.20830955
  17446.97651993  24029.09633132  27374.6439838   26491.94248592
  16831.26498128   9615.27384924   2402.34009917   1867.17264323
   2056.40312489   1926.30716875   1964.74461034   2115.53765041
   1868.65100637   1844.99719616   1688.29070354   2570.8734969
  10372.19577587  13346.66240943  15398.63044491  20507.85344967
  26551.40195762  32831.48856764  31838.02853894  29945.72372236
  20507.85344967   9194.88166731   1997.94547284   2169.57882038
   1794.65160487   2252.89597938   1929.62540246   1972.95032514
   1889.63316614   1543.03378469   1946.28883426   2089.59434774
   1566.36258921   2089.59434774   4394.1469657   11447.77764669
  12950.81919506  15070.40772004  18776.35495239  27154.7284615
  60121.66193488 111285.06293401  27634.63529734  21035.91630449
  18129.81379855   7780.35581643   1843.70496336   1956.46374331
   1780.40178866   2369.91260312   1988.11533067   2118.6781285
   1960.42019173   2276.93606527   2197.80709689   2021.74514223
   1574.66647086   2100.87411061   8814.96707806  10445.02382678
  11560.74228101  12478.63831427  15881.18395482  22860.35896635
  44059.00959662  63556.38740662  20059.19348553  18468.701221
  17289.67959206   6600.94799851   1661.06449056   2275.04691728
   3459.70180702   8330.79890202   6802.21194752   6496.49455662
   7062.07172979   8728.23151019   3378.17716944   2499.23967061
   4812.50126175   5734.7487243    7194.54926584   8710.39799572
  10142.1744431   10063.19745045  11500.06918768  19270.38620639
  26199.98040012  54030.4535517   16967.31519494  14633.67244441
  13736.9014311    4657.39734823   3630.30490977   5467.86665422
  10117.79423926  10722.84505755  10603.32884653   4597.63924272
   6812.4240282    7447.35389925   6607.00554051   6039.30353816
   7895.53969058  11118.74250656  22170.25714442  12440.89059098
   4687.27640098   3037.4906466    2745.42423828   6182.07230959
   4858.03792518   7506.10669401   5481.11292961   5325.3441785
   4614.64925157   2657.80431578   7262.71802041  15265.33760857
   4303.11174936]
