[  1866.35579342   4446.31558088   2360.0373626    1911.12426339
   2222.50907209   1764.51391596  12694.1207013   15538.10195409
  10924.41703853   7895.27450886   2629.03378228   2018.77101831
   2016.04663097   2081.43192711   1843.04803494   1700.01769963
   1973.81862722   2148.17941692  11197.23196392  14183.16048763
  16744.08458643  21528.10875398  26273.99149878  25696.42138288
  18809.17018951   9567.96622883   2522.08751335   1951.4393421
   2140.66982375   1986.92005741   2071.18675627   2189.45580731
   1988.39842055   1952.91770523   1794.73284947   2724.62326325
   9777.89379442  12820.36513232  14280.98791262  18367.18362592
  26835.24768011  29496.30132842  29460.82061311  28372.74534358
  21454.00585796   8984.92242663   2131.25292724   2277.89112708
   1862.97167525   2386.20343378   2022.94062054   2039.60405234
   1996.27912966   1638.01534595   2092.9270341    2211.23739988
   1648.01340503   2262.89403846   3952.56602299  11261.14721053
  13270.75708563  12414.2566911   16763.41239093  22435.6445757
  41791.88695473 103899.82996019  40232.18973824  28701.09493255
  21075.90854081   7572.64227442   1908.98636228   2037.57093591
   1891.1823444    2512.34474622   2085.04831694   2229.45868424
   2087.02654115   2421.34643257   2468.8238136    2150.32971586
   1732.92440763   2261.11027159   8783.31549071  10445.02382678
  10460.84962046  11572.61162627  12601.28821527  20249.10300965
  37000.7056167  128473.79306945  33946.32743705  27885.04845878
  18880.1718566    6580.56683912   1742.58912813   2379.50035917
   3663.51340095   8720.58857542   7276.07390342   6988.19002699
   7533.38604076   9589.33549456   3668.6086908    2746.36122825
   5612.46176794   6697.75850563   7933.36629385   8914.20958965
   8419.96647437   9405.90506002   9390.61919047  16070.54418163
  25333.7811259   56374.28688193  24915.96735834  20213.01482833
  14924.10396576   4989.80181013   3779.70017354   5677.0200235
  10898.38449249  11473.55625803  11298.01682309   5165.34124507
   8164.45116538   8825.52520759   8015.0559016    6521.10326384
   7025.31227908   9889.966462    24508.29302252  17553.94349373
   5378.22949595   3271.14377327   2969.34181799   6269.69223209
   5169.57542739   8284.95044955   6571.49418736   5958.15472988
   5159.83988045   2891.45744244   6561.75864042  20279.14428486
   4536.76487602]
