[  993.77386403  1628.28306216   448.91309921   364.57971352
   478.75414338   845.9287303   7159.25572668  5261.10583031
  3663.96124903  2521.42048239   524.44456279   339.18622372
   305.13138199   305.13138199   262.90337823   326.9264807
   514.9092071   1028.45622053  9418.20703145  6244.29578134
  4360.38193631  3551.23889659  3233.84777157  3461.33411439
  4391.71239071  2630.00802242   557.34290301   307.49953269
   295.67262759   260.19191228   238.01646521   260.19191228
   238.01646521   285.32408562   413.94167863  1129.4694374
 13464.93146047  7374.07533211  4380.38997775  3175.52402032
  2498.43370314  2284.07104814  2307.72485834  2616.70275418
  3565.81188874  2384.5370906    468.24243358   333.268636
   239.95341792   319.93789056   253.28416336   188.29677934
   213.29192704   161.63528846   214.95827022   333.268636
   373.26087232   774.84957871 22348.99473034 10268.00667524
  4769.0741812   3069.40413758  2346.21119746  1837.97652755
  1649.67974821  1621.35191415  1847.97458663  4342.49032711
  3416.00351903  2128.56924955   332.34166722   284.86428619
   253.21269883   300.69007986   221.56111148   205.7353178
   144.4103673    237.38690515   207.71354201   271.01671672
   332.34166722   716.11716388 12854.5009141   6494.51008018
  3471.78348788  2369.91260312  1780.40178866  1402.56096462
  1319.47554782  1303.64975414  1353.10535938  1827.87916969
  2722.03651243  1742.58912813   305.7173909    287.88387643
   407.62318787   754.10289755   593.60126733   573.22010794
   631.81594119   634.36358612   326.09855029   326.09855029
   591.05362241   815.24637573  3622.75108216  3976.87372662
  2517.07318508  1819.01847585  1312.03713595  1108.22554201
  1100.58260724  1062.36793338  1245.79836792  1513.30108495
  2827.88586582   900.10646425   657.33916062   601.3159367
   836.61347715   840.34835874   780.59025323   388.42768582
   776.85537164   956.12968817  1135.4040047    870.2274115
  1195.16211021   840.34835874   866.4925299    903.84134585
   840.34835874   545.19062888   311.53750222   545.19062888
   389.42187777   545.19062888   389.42187777   545.19062888
   545.19062888   311.53750222   545.19062888   856.72813109
   623.07500443]
