[  2862.68106659   4904.31073701   3425.23289569   2789.48891126
   3246.18663069   2767.43248731  13342.83905276  18335.37548557
  11069.72994926   7148.79237794   3583.93154465   2896.02374152
   3266.54041964   3474.95605109   2983.20413637   2498.26319
   2861.96889978   3003.63704142  11415.18295105  16003.05123018
  25565.65079061  43143.39790282  31766.35637452  25173.33901377
  17626.78608432   8997.31805758   3438.67265888   2724.62326325
   3091.25732146   2986.29353866   3083.86550577   3295.2714345
   2773.4092468    2786.71451504   2544.26296042   3415.01884867
  10280.53726132  15516.89949595  28940.43678855  33789.46788104
 117985.20531369  34073.31360352  16179.20618175  14275.07446007
  16746.89762672   8498.35021807   3139.39055115   3082.73488302
   2639.48759714   3392.67471451   3016.08115582   3046.07533306
   2854.44586736   2267.893068     2831.11706284   3176.05010111
   2156.24807494   2679.47983346   5695.56098929  14910.43877476
  16410.14763677  13870.64063043  42365.10900866 157036.18128446
  34286.67727195  13837.31376683  11501.10062845   8341.71395915
  12840.84054518   7113.69425779   2514.32297042   2850.62108606
   2593.45193881   3578.6075952    3230.44013431   3726.97441092
   3058.33462807   3376.82872582   2995.03145336   3137.46359645
   2067.24429905   2692.36314929   9610.21321033  14357.95131341
   8629.01400236  10627.02045407  17819.84368024  36430.97704433
  26231.25301954  10476.67541414   9902.99039335   7782.33404064
  10983.1008118    6170.39600633   2234.28459849   3426.582423
   5857.03568066  13930.52244534  10761.25215967  10185.48440681
  10486.10650786  13257.94418536   5041.78930492   3339.96249558
   5429.0313334    6348.73115102   8035.27209082  11255.49527496
   8053.10560529  10409.67716014  11520.45034708  16192.83113799
  37429.99922584  10735.77571043   8646.70687262   8093.86792407
  11133.2083186    6730.25663313   6905.79606806   8799.38103643
  16433.4790154   17785.50615258  17008.65078094   6308.21501296
   7118.68431895   7029.04716068   7238.20052997   8683.599707
  10692.9660048   19533.43073876  17344.79012444   8261.55808683
   5770.39206336   4137.6074513    6269.69223209  11195.87898588
   7905.26411873  11974.72274142   6337.8410607    6736.99848542
   5315.60863156   3913.68987159  38358.05496032   9005.38092343
   5948.41918293]
