[ 1271.8774614   2807.6530251   1410.31369607  1191.04689327
  1409.01625936  1450.53423386 14697.3629706  18293.85751108
  9772.29324634  3869.99221527  1554.26297699  1163.31339382
  1172.84874951  1236.87185198  1096.56590401  1040.71596356
  1294.0839861   1829.42609824 15605.29067866 15474.52008639
 28366.32097525 17534.15691478 11140.01982979  8156.81569342
  8919.64414838  4069.93371878  1367.48590261  1116.16416915
  1198.95250488  1117.64253229  1142.77470564  1246.26012529
  1082.16181698  1095.46708522  1116.16416915  1986.92005741
 16273.82142258 23222.12817095 31979.95140018 57313.18213213
 18887.56745048 13464.93146047  9662.58146966  8258.1364886
  7513.04146707  3202.71159199  1071.45866475  1206.43246233
  1031.46642843  1299.74768041  1111.45090107  1113.11724425
  1069.79232157   844.83599227  1059.79426249  1258.08910091
  1003.13859437  1364.73506443  4112.53496827 14503.85103884
 18982.98150671 33846.76267243 33046.91794602 21415.84254953
 14863.78116572 11287.80870141  9834.75744844  7348.57342386
  5640.57166435  2862.49043132   953.50406904  1082.08864266
  1048.4588311   1364.97470464  1082.08864266  1068.24107319
   939.65649957  1194.84742261  1084.06686687  1099.89266055
   953.50406904  1289.80218467  7285.79976402 12605.24466369
 14516.20925018 18492.43991151 19354.94566691 17194.72483
 13463.79397066 11010.79595074  9471.73751565  7285.79976402
  5331.31424492  2708.14655439   901.86630315  1271.27481716
  1903.09075835  3910.63495859  3176.91322043  3054.62626407
  3151.43677119  3485.17825626  1393.56177352  1207.58369405
  1943.85307714  2351.476265    4157.75651624 10475.91592817
 11459.3068689  14017.14237276 14266.81157533 11729.35723086
 11087.35070997  9546.02553085  8419.96647437  6802.21194752
  5248.14854378  2853.44953813  2457.55208912  3301.63532946
  4683.54151939  4956.18787578  4747.03450649  1863.70591561
  2726.46356392  2819.83560378  3208.2632896   3634.03979136
  9340.93886762  8567.81837758  7959.03267769  5471.60153581
  2524.77995782  1791.34063774  1645.30743358  2969.34181799
  2268.38243801  3193.25939771  1878.96056024  1956.84493579
  2024.9937644   1723.19180913  3660.56565104  3835.80549603
  2268.38243801]
