[  830.48367841  2472.91435575   897.82619842   752.51328769
   927.66724258  1012.00062827  9351.9237546   6598.76307102
  4875.76712955  3946.27506076   984.8660231    713.78948286
   764.19064863   743.75774359   679.73464112   687.90780314
   866.35517385  1336.31198985 11763.90453046 11219.02706263
 13981.55582453 15436.37866364 10987.4541388  10082.9575422
  7799.92095199  4009.32083013   937.28222946   699.26576425
   758.40028977   700.74412739   690.39558542   748.0517478
   654.91487011   678.56868032   770.22719487  1475.40641168
 11179.38204919 40365.22711865 31802.54782363 16037.28332051
 12708.00953384 11229.64639589  9396.47610482  8258.1364886
  7823.49772604  3364.34688045   763.18517645   801.51106959
   641.54212431   816.50815821   708.19585151   669.86995837
   654.87286975   509.90101308   643.20846749   801.51106959
   693.19876289  1041.46448751  3482.65724623 19782.82623312
 40592.11986512 23382.12750195 14190.57852099 11937.68254162
 10084.70892544 10241.34518436  8378.37350911  7415.22715106
  7741.83041434  2591.4737146    666.66155864   714.13893967
   666.66155864   840.74528909   682.48735232   668.63978285
   573.68502079   747.76875124   668.63978285   716.11716388
   635.00997129   923.83070589  6680.46315588 11525.13424524
 19489.46491316 13432.14238331 11264.00864957  9760.55825026
  9147.30874528  8324.36747407  6320.42634973  7016.76127152
  6286.79653817  2173.14112031   654.74474551   820.34166558
  1225.41720852  2598.59782265  2109.44999721  2027.92535964
  2066.1400335   2254.66575789  1019.05796967   797.41286126
  1370.6329692   1717.11267889  3459.70180702  8463.27643808
 10389.29600075 11520.45034708  8547.34872057  6580.56683912
  6761.44962873  6639.16267237  5265.98205825  3401.10597376
  4980.64582674  2162.49644316  1826.35709967  2192.37549592
  3088.74707858  3245.61210554  3092.48196017  1202.6318734
  1945.87331069  2099.00345606  2457.55208912  3062.60290742
  5942.19661671  4687.27640098  5523.88987813  3637.77467296
  1923.46402112  1324.03438442  1100.1168047   1956.84493579
  1489.53868247  2102.87813996  1401.91875997  1333.76993136
  1479.80313552  1168.26563331  2414.41564217  3047.22619355
  1645.30743358]
