[  2041.12732021   4738.23883904   2631.20163351   2120.01157256
   2422.31432434   1921.50375701  13052.21323131  16036.31764801
  11194.28387274   8442.87636403   2893.29935418   2248.98174847
   2268.05245984   2323.9024003    2062.36121574   1928.86623612
   2171.3367093    2333.43775598  11480.56824719  15234.77400054
  17757.55667659  23593.19435706  28638.75970917  28507.98911689
  18454.99983542  10209.5758307    2771.93088366   2211.63125438
   2414.16700428   2248.59033283   2356.5108419    2544.26296042
   2238.24179086   2190.93417045   1985.44169427   2998.12044377
  10182.96529422  13133.77811757  15564.20711636  18467.7123193
  28266.30319765  33647.54501979  33269.08405648  29472.64751822
  21838.38027383   9704.7826804    2346.21119746   2559.5031245
   2091.26069092   2707.80766752   2304.55261796   2361.20828608
   2264.56038164   1866.30436161   2361.20828608   2452.85716098
   1821.31309575   2437.86007236   4422.47479976  11611.07927833
  13354.07424463  14377.20895716  19069.63135207  26288.23000789
  58895.23335439 132614.25563818  30993.98314825  24461.9178826
  19949.46055112   8197.76112466   2085.04831694   2306.60942841
   2114.72168008   2862.49043132   2356.06503366   2563.77857567
   2421.34643257   2739.84053032   2771.49211768   2421.34643257
   1877.33477493   2437.17222625   8973.22501483  10377.76420366
  11861.43236087  11699.21797568  15691.27443069  21752.55340896
  46860.17507744  91283.17792863  26112.55956696  24379.63515934
  18468.701221     7217.47807016   1908.1860482    2647.00307621
   4134.82771192  10195.67498651   8381.7518005    7971.58096771
   8639.06393784  10944.68259421   4218.89999442   3052.07861915
   5999.70379641   7148.69165721   8198.32136596   9303.99926305
   9752.3847697   10267.00904439  10766.34744952  19433.43548153
  28401.14561459  71007.95932634  23112.23475203  17543.0829478
  15622.15867498   5437.98760146   4201.74179371   6427.73122398
  12493.1789333   13217.74596262  13128.10880435   5766.65718177
   8646.25089106   9486.5992498    8373.60453467   7182.17730605
   7746.14442681  11962.82574689  26487.78026755  16650.10214788
   5650.87585234   3514.53244687   3290.61486715   7437.9578654
   6182.07230959   9540.83600536   7272.45356735   6659.11410986
   5636.88168072   3134.84611605   7895.52857178  19344.53177821
   5247.45980295]
