[  1528.29408101   2818.03251873   1681.47796698   1389.55470882
   1649.0420494    1555.62660679  11235.80184723  10483.28855954
   6705.15288066   4275.9259288    1796.73345017   1404.42167333
   1576.0580757    1555.62517066   1381.26438095   1227.33649629
   1458.90942012   1785.83590081   9265.64134046  15125.79850697
  22405.36147719  24595.76889787  24519.48605237  18329.67801782
   9818.6919703    5116.61482045   1735.59832396   1308.35137709
   1462.10114343   1391.13971281   1392.61807595   1544.88947916
   1284.69756688   1309.82974023   1293.56774571   1963.2662472
   8491.7178644   13447.19110281  18036.03028302  44587.43224064
 107766.75930417  33552.92977896  19088.62483724  14422.91077386
  12654.78846087   5000.69588322   1488.04445975   1474.71371431
   1258.08910091   1634.68265959   1404.72730075   1368.06775079
   1338.07357355   1019.80202617   1288.08327815   1499.70886201
   1123.11530333   1471.38102795   3885.91229579  10321.329657
  16996.70043614  22368.9908485   48857.18203799  73345.76141147
  19849.47996032   9064.90689927  12654.21010902   7751.82847342
   8681.64796787   4532.11166424   1240.34657943   1337.2795657
   1254.1941489    1635.99142135   1446.08189723   1465.86413933
   1273.97639099   1497.51572668   1368.93115306   1432.23432776
   1048.4588311    1448.06012144   7904.98394163  10919.79763709
  14009.78385252  17479.58911619  17345.06986993  18405.39804629
  12478.63831427   5792.24048576   4919.84360932   5266.032846
   7147.32406935   3895.34908905   1108.22554201   1661.06449056
   2557.83550386   5897.79799944   4651.99963153   4384.49691449
   4565.3797041    5431.57897832   2129.8311566    1536.22988927
   2537.45434447   3049.53097423   5161.52861636   9225.0222704
  10613.48875407   7395.81321485   7912.98513446   8363.91828603
  14017.14237276   4692.76195031   3933.56376291   3913.18260352
   6784.37843305   3574.28168585   3421.15154048   4052.34652993
   7055.19133184   7540.72593911   7182.17730605   2674.1752216
   3391.27248772   3480.90964599   3779.70017354   4537.88113721
   5344.6155616    6943.14488401   5912.31756395   3876.807095
   3185.85400003   2180.76251551   2891.45744244   4692.53362713
   3524.26799382   5150.1043335    2657.80431578   2901.19298938
   2725.95314439   2112.6136869   16823.02511965   5004.07112934
   2901.19298938]
