[  1703.0656078    3579.62786334   2235.48343912   1848.84730165
   2170.61160397   1619.20100524  10587.08349577  12445.01285435
   9126.16976829   6227.9494573    2498.26319      1909.79552475
   1938.40159181   2026.94418033   1798.09564384   1678.22260092
   1941.12597915   2103.22702583   9660.67750463  11616.78761415
  12929.94231162  14379.31637605  17457.87406929  19163.3405436
  14771.62815288   8187.17505798   2461.47462469   1890.82645344
   2069.70839313   1949.96097896   2012.05223075   2020.92240958
   1856.82410127   2083.01366137   1806.55975458   2938.98591825
   8896.7893642   10517.07536339  11448.4441403   12158.05844652
  14038.53635799  20224.00772719  27982.45747516  30217.74253974
  17030.74334921   8661.65184971   2077.92994548   2277.89112708
   1849.64092981   2331.21410884   1942.9561479    1946.28883426
   1929.62540246   1731.33056403   2254.56232256   2184.575909
   1714.66713223   2544.50603588   3967.56311161   9974.73027556
   9328.18912171   9868.08431204  11427.78152853  14383.87432988
  21675.79208561  28541.12598727  38832.46146703  32247.07321962
  21129.23152257   8051.37253315   1956.46374331   2067.24429905
   1829.8573939    2464.86736518   2021.74514223   2134.50392218
   1944.59439805   2419.36820836   2373.86905154   2213.63289056
   1893.1605686    2405.5206389    8098.84991418   8961.35566957
   7960.3742195    8245.23850569   9637.90834926  13467.75041908
  20375.70935907  42856.24927717 135911.91609762  36288.54490124
  24965.18952538   7319.38386713   1762.97028752   2338.73804038
   3561.60760398   7102.83404857   6394.58875965   6845.52191123
   7451.86140318   9609.71665395   3953.9449223    3153.98441612
   7495.17136689   9013.5677417    8977.90071276   7808.53169257
   6761.44962873   6697.75850563   7811.07933749  11708.97607146
  22633.27750628  35412.2644459   75124.95352379  29848.20793152
  21818.03113055   5139.19707391   3271.7562767    5527.62475973
  10390.44059565  11055.24951945  10935.73330843   5796.53623452
  10692.9660048   11077.65880902  10659.35207045   7058.92621343
   5972.07566946   8597.69743033  22700.61033082  42667.28733454
   6849.77284415   3271.14377327   2268.38243801   5714.76605627
   4935.92230073   7739.75982067   7905.26411873   6581.22973431
   6104.18793404   2901.19298938   4916.45120684  15031.68448191
   5247.45980295]
