[ 1774.50506401  3475.8329271   1931.88325064  1838.46780803
  2253.64755296  2662.34011438 13633.46487421 10234.18071258
  6985.39920849  5075.53361284  2103.22702583  1623.73485413
  1751.78105907  1983.3539829   1700.01769963  1644.16775918
  2521.42048239  3934.01531774 22045.74234842 16705.94316368
 18978.08220454 18803.72141483 14651.75510996  8764.35407005
  8919.64414838  5424.11435315  1830.21356478  1473.92804854
  1604.02400468  1688.29070354  1677.94216158  1830.21356478
  1630.63454116  1772.5574024   2210.15289124  4639.10352689
 24789.19309718 76993.15222455 29283.41703656 15605.60128422
 14275.07446007  9136.28419254  9062.36603565  8734.16941902
  8988.44787875  4679.09164948  1528.03669607  1634.68265959
  1419.72438937  1849.64092981  1606.35482553  1543.03378469
  1459.71662569  1288.08327815  1623.01825733  1927.95905928
  2034.6050228   3134.39152161 10341.32577516 52496.47554314
 46177.70220453 20276.0638144  11721.05792821  9231.54121727
  8824.95348135  6835.33972441  5147.33408306  6931.98762886
  7048.63165146  3786.32113721  1351.12713517  1622.14385189
  1511.36329615  1812.05337601  1572.68824665  1529.16731403
  1355.08358359  1719.07683816  1608.29628242  1734.90263184
  1717.09861395  2611.2559567  12217.5127186  26864.28476662
 20921.69924092 15180.89258461 11260.05220115 10077.0741238
  7780.35581643  8213.58691834  5651.78656688  7285.79976402
  7560.77292916  3199.84202475  1434.32409231  1864.87608449
  2680.12246022  5693.98640551  4835.43006607  4529.71267517
  4629.07082721  4899.12118917  2231.73695357  1903.09075835
  2825.3382209   3663.51340095  7107.92933842 13074.51375082
 17013.17280358 12992.98911324 10190.57969666  7584.33893924
  7416.19437425  8027.62915604  5757.67752861  4855.81122546
  5946.203253    5647.14097075  4803.05773041  4866.55071752
  6636.88459327  7327.83768823  6521.10326384  2763.81237986
  3775.96529195  4384.75099184  6184.96392034  9557.56200009
  8855.40426035  8115.89770465  7055.19133184  5049.55991564
  5079.4389684   3514.53244687  2979.07736494  4935.92230073
  3835.80549603  4838.56683129  2424.15118912  4546.50042296
  3280.87932021  3047.22619355  3972.10315325  4225.2273738
  4780.15354962]
