[  2791.24161038   4570.86950436   3320.14052276   2736.29400644
   3152.77118808   2684.39653833  12678.55146087  16249.09726729
  10047.34982736   6535.80522663   3451.79875871   2787.04824795
   3221.58802855   3364.61836385   2872.86644914   2421.98034451
   2785.68605428   2936.88955161  10494.34003041  16133.82182246
  25652.83118546  41650.43364096  27592.59497093  25881.67972195
  15959.46103275   8355.70845571   3330.75214981   2618.18111731
   2984.81517553   2868.02448763   3035.07952222   3224.31000387
   2643.31329066   2714.27472128   2461.47462469   3355.88432315
   9706.93236379  14990.60221884  25652.55716975  52298.5743682
 146275.16232155  34357.15932601  15942.66807968  15759.35105057
  16362.52321086   8018.44338222   3232.70576923   2974.42257632
   2519.51088818   3324.35464413   2934.43034      2951.0937718
   2761.13064928   2161.24710448   2724.47109932   3069.40413758
   2102.92509318   2572.83386994   5533.92570082  13567.36617167
  21395.84643137  15363.68411972  47204.16960342 136666.80225197
  30367.43811256  12764.1887589   10694.59052933   8395.03694091
  11551.09092385   6890.1549221    2387.71662101   2755.666324
   2514.32297042   3452.00124578   3133.50714804   3519.26086891
   2884.25089762   3248.24415219   2898.09846709   3040.53061018
   1988.11533067   2642.90754405   9167.09098737  13404.44724437
   9902.99039335  10599.32531513  18207.57562533  35149.0877565
  22662.53654539  10029.59674276   8660.66558971   7396.58031976
  10282.8094416    6088.87136876   2152.75996092   3444.41593747
   5612.46176794  13252.84889551  10307.77136317   9754.93241463
  10032.62571136  12626.12824416   4756.45307342   3197.29437983
   5161.52861636   6081.22843398   7665.86357681  11912.7876654
   7276.07390342   8236.53603983  11561.21266586  15413.2517912
  37358.66516796   8807.20850284   7436.57553364   6351.27879594
  10740.87100028   6550.98231659   6846.03796255   8407.21846902
  15738.79103884  17090.81817602  16201.91635655   5979.54543265
   6786.27985704   6666.76364602   6935.67512082   8474.44633772
   9370.81792037  19055.36589468  16149.62801423   8440.83240337
   5561.23869408   4059.72307575   6036.03910543  10572.80398145
   7437.9578654   11575.56531671   5558.99730516   6269.69223209
   4926.18675379   3757.92112048  31465.28772379   8304.42154344
   5636.88168072]
