[  1784.71070061   4361.98219519   2213.42701517   1765.81135267
   2046.05768049   1712.61644785  13197.52614204  16119.353597
  10337.97564881   7720.91371916   2442.41324955   1864.84313365
   1873.01629567   1907.07113741   1721.81279834   1578.78246304
   1841.68584127   2081.43192711  11349.79765491  15016.82301341
  17888.32726887  25740.01158031  26884.25426276  25652.83118546
  15736.06127094   9091.93329841   2319.55176345   1819.86502282
   1997.26859937   1855.34573813   1917.43698992   2032.74931468
   1809.51648085   1809.51648085   1651.33162509   2427.47227252
  10561.42625753  13441.27765026  16492.619167    19892.85438429
  26031.01813306  33742.16026062  32985.23833399  27036.30506687
  19650.40282966   8448.35992267   1931.29174564   2064.59920004
   1727.99787767   2211.23739988   1901.2975684    1932.95808882
   1861.30533207   1476.38005749   1891.29950932   2022.94062054
   1499.70886201   1994.61278648   4354.15472937  11771.04822361
  13863.97525771  15556.9799286   22368.9908485   25808.32317205
  72145.99432186 108965.51322743  28701.09493255  21035.91630449
  16516.79360029   7303.60378191   1764.57599498   1893.1605686
   1732.92440763   2290.78363474   1954.4855191    2039.54916012
   1881.29122335   2213.63289056   2055.37495379   1942.61617385
   1495.53750247   2005.91934855   8894.09604644  10330.28682263
  11734.82601146  13657.6599432   16965.25082169  24585.37047714
  43362.67467483  52035.2096098   18595.30757041  16205.61272519
  15438.06173186   6091.41901368   1599.92101238   2193.52227971
   3317.03369126   7966.48567786   6493.9469117    6249.37299898
   6753.80669396   8216.15488043   3153.98441612   2336.19039546
   4443.09274774   5304.19673211   6988.19002699   9079.80650973
   9897.60053038  10720.48984089  12264.36266493  22633.27750628
  25089.20721318  47141.62167676  17130.36447009  11189.25650693
  13201.89599702   4444.50909735   3510.78869875   5404.37366711
   9725.63167184  10270.92438463  10035.62684418   4324.99288633
   6065.44770932   6696.64269878   5975.81055106   5710.63395785
   9217.687775    12440.89059098  20004.02581966  11029.10534829
   4418.36492619   2881.7218955    2745.42423828   5870.53480738
   4702.26917407   7038.80044069   5159.83988045   4858.03792518
   4303.11174936   2424.15118912   7106.9492693   14486.49385303
   3913.68987159]
