[ 0.          0.          0.          0.          0.          0.
 20.75898725 10.37949362  0.          0.          0.          0.
  0.          0.          0.          0.          0.          0.
 54.48774678 21.79509871 10.89754936  0.         10.89754936 10.89754936
 10.89754936  0.          0.          0.          0.          0.
  0.          0.          0.          0.          0.          0.
 35.48071531 23.65381021 11.8269051   0.          0.          0.
  0.          0.         11.8269051   0.          0.          0.
  0.          0.          0.          0.          0.          0.
  0.          0.          0.          0.         13.33074544 26.66149088
 13.33074544  0.          0.          0.          0.          0.
  0.          0.          0.          0.          0.          0.
  0.          0.          0.          0.          0.          0.
  0.          0.          0.          0.         47.47738103  0.
  0.          0.          0.          0.          0.          0.
  0.          0.          0.          0.          0.          0.
  0.          0.          0.          0.          0.          0.
  0.          0.          0.          0.          0.          0.
  0.          0.          0.          0.          0.          0.
  0.          0.          0.          0.          0.          0.
  0.          0.          0.          0.          0.          0.
  0.          0.          0.          0.          0.          0.
  0.          0.          0.          0.          0.          0.
  0.          0.          0.          0.          0.          0.
  0.        ]
