[  1701.78990322   2462.53486213   1534.86761955   1493.34964505
   1940.96530756   2223.80650879   9624.38546221   6891.98376588
   4864.09019922   3464.05850173   1510.67277956   1152.41584446
   1193.28165455   1225.97430262   1270.92669371   1522.93252259
   2466.9327356    4281.37470348  14510.08696833   9489.04110227
   6290.6103661    4942.03863322   4331.77586925   4525.20737033
   5595.89159462   3698.86457116   1485.75495364   1224.08467822
   1188.60396291   1176.77705781   1249.21685157   1711.94451375
   1642.46144626   1867.17264323   3756.52073354  14653.53542338
  38023.49990813  16563.58059762   7258.76300735   4794.33165638
   3766.8692755    3236.13690898   3162.21875208   3497.80718439
   4778.06966186   3376.01128271   1353.07066217   1218.09686459
   1246.42469865   1299.74768041   1164.77388283   1354.73700535
   1204.76611915   1341.40625991   1394.72924167   2007.94353192
   3549.31097343   9821.426703   335721.49316365  43018.31553522
   9728.11148492   5550.58913262   4197.51847045   2952.76011498
   2507.84648592   2359.5419429    2559.5031245    2976.0889195
   4810.7327607    3260.11349745   1335.30134149   1509.38507194
   1190.89097419   1301.67152993   1159.23938684   1242.32480364
   1115.71845422   1432.23432776   1655.77366345   1990.09355488
   3165.15873539   6237.34093293  32458.70283142  19987.97741398
   7673.53170911   4439.13512638   3341.22069005   3040.53061018
   2225.50223582   2021.74514223   2166.15550953   2927.77183024
   4312.52877697   3260.98550293   1556.61104867   1498.01521541
   2025.37771471   4504.23622592   4180.68532056   3874.96792966
   4032.92191495   3811.27680655   2351.476265     2231.73695357
   3378.17716944   5772.96339816  15372.48947241  14633.67244441
   6392.04111473   3951.39727738   2685.21775007   2438.09619243
   2150.212316     1943.85307714   2272.49927236   3092.84093794
   4221.44763934   7297.95863548   5852.55945844   4205.47667531
   4862.81583592   5378.22949595   4810.5274936    2554.65901058
   3719.94206803   6065.44770932   9281.18076211   5228.83423217
   3238.14234235   2132.61739041   2065.38952171   4324.99288633
   7480.9678336    4449.14495352   2979.07736494   3913.68987159
   3290.61486715   4215.49182686   2190.49806245   7525.5777879
   5948.41918293   1801.07618469   2803.83751994   3680.03674492
   6259.95668515]
