[  1652.03742479   3526.43295852   2171.90904068   1776.19084629
   2097.95514861   1586.76508766  10462.52957229  12237.42298188
   8897.82090858   6140.76906245   2431.51570019   1853.94558429
   1830.78829191   1950.66133483   1732.7103477    1633.27020982
   1875.74068301   2048.73927904   9573.49710978  11529.60721929
  12799.17171934  13987.00459921  16798.57233321  18945.38955647
  14292.13598119   8116.21362736   2366.85938386   1785.86267065
   1997.26859937   1867.17264323   1929.26389503   1938.13407386
   1774.03576554   2201.28271241   1735.59832396   2712.79635814
   8849.48174378  10375.15250215  11232.60312216  11992.48177507
  13985.31528503  19555.78758883  27036.30506687  29224.28251104
  17083.96442218   8661.65184971   2011.27621828   2184.575909
   1794.65160487   2237.89889076   1887.96682296   1891.29950932
   1874.63607752   1638.01534595   2161.24710448   2104.59143636
   1634.68265959   2451.1908178    4020.88609337   9814.76133028
   9358.18329895   9544.81373512  11157.83393337  13977.28659395
  21562.48074937  27134.73234334  37805.99406814  31860.48160186
  21989.06460346   7972.24356476   1877.33477493   1972.28953699
   1764.57599498   2354.08680945   1940.63794964   2039.54916012
   1849.63963599   2324.4134463    2292.76185895   2134.50392218
   1843.70496336   2371.89082733   7956.41777108   8818.92352648
   7752.66067749   7958.39599529   9321.39247572  13629.96480427
  20628.9220579   40434.9028446  129613.25021419  37253.91831553
  25598.22127246   7135.95343259   1701.82680934   2275.04691728
   3439.32064762   6794.56901275   6045.56140504   6496.49455662
   7102.83404857   9097.64002419   3729.75216898   3011.31630036
   7148.69165721   8644.15922769   8710.39799572   7520.64781614
   6761.44962873   6430.25578859   7214.93042524  11051.68368103
  23081.66301294  34270.91951987  82095.3100363   30418.88039453
  21899.55576813   4930.04370462   3208.2632896    5314.73650885
   9878.76181721  10513.69168826  10394.17547724   5497.74570697
  10300.80343738  10629.47301769  10270.92438463   6760.13568588
   5822.68040568   7753.61418999  22947.11251605  42069.70627943
   6670.49852762   3115.37502216   2190.49806245   5325.3441785
   4624.38479852   7272.45356735   7661.87544512   6415.72543626
   5870.53480738   2745.42423828   4682.79808018  13707.65009749
   5247.45980295]
