[  30.6169098    93.41544261   20.75898725   10.37949362   20.75898725
   31.13848087  574.76445939  459.29259283  312.6822454   110.33768724
   32.69264807    0.            0.           21.79509871   10.89754936
   21.79509871   21.79509871   65.38529614  776.45039166  578.93230957
  414.10687555  337.82403005  295.5960263   337.82403005  381.41422748
  130.09595614   35.48071531   11.8269051     0.            0.
    0.           11.8269051    11.8269051     0.           11.8269051
   47.30762041  857.45062001  628.30433363  402.11477352  285.32408562
  236.53810207  190.7088448   236.53810207  236.53810207  319.3264378
  133.3074544    26.66149088   26.66149088    0.           26.66149088
   13.33074544    0.           13.33074544    0.            0.
   26.66149088   26.66149088   39.99223632  333.268636    669.86995837
  439.91459952  279.94565424  213.29192704  148.30454302  146.63819984
  146.63819984  186.63043616  199.9611816   266.6149088    94.95476206
   15.82579368   15.82579368   15.82579368   15.82579368    0.
    0.            0.            0.            0.            0.
   15.82579368   31.65158735 1014.82901953  555.8810029   302.66830407
  205.7353178   174.08373045  126.60634942  126.60634942  126.60634942
  126.60634942  174.08373045  205.7353178    61.14347818    0.
    0.           20.38115939   61.14347818   20.38115939   20.38115939
   40.76231879   20.38115939   20.38115939   20.38115939   20.38115939
   40.76231879  366.86086908  369.408514    224.19275333  163.04927515
  101.90579697  101.90579697   81.52463757  101.90579697  122.28695636
  142.66811575  163.04927515   29.87905276    0.           29.87905276
   59.75810551   59.75810551   29.87905276    0.           29.87905276
   59.75810551   89.63715827   29.87905276   59.75810551   29.87905276
   89.63715827   59.75810551   29.87905276    0.            0.
    0.            0.            0.            0.            0.
    0.            0.            0.            0.            0.        ]
