[ 1219.57357382  2681.80166492  1346.73929762  1191.04689327
  1407.71882266  1502.43170197  9144.33388213  9209.20571728
  5680.17788535  3934.01531774  1379.90218728  1107.46345337
  1236.87185198  1149.69145712  1051.61351291   997.12576613
  1359.46928224  1994.25153226 10995.62730082 20601.81705867
 18504.03880752 16793.12355853 13333.15163781  9884.07726644
  9491.76548961  4009.32083013  1259.56539354   952.06586084
  1092.51035895  1068.85654874  1011.20038636  1105.81562719
   987.54657615  1048.15946481  1187.12559978  2260.41723793
 10990.15156754 42919.83862103 71836.62159938 28077.07271599
 16037.28332051 13654.16194213 11900.82326052  8494.67459067
  8562.67929502  3577.63880749  1004.80493755  1123.11530333
   936.48486717  1218.09686459  1003.13859437   939.81755353
   923.15412173   751.52077419   966.47904441  1178.10462827
  1029.80008525  1524.70400971  4030.88415245 21235.87748609
 55829.16190317 37712.67885006 23122.17796587 10251.34324344
  7778.4899643   5295.63862608  5535.592044    6328.77139769
  8118.42397302  3038.55238597   919.87425747   985.15565639
   937.67827536  1222.54256154   953.50406904   939.65649957
   828.87594383  1034.61126163   987.1338806   1050.43705531
   969.32986271  1416.40853409  8081.04589629 13242.23285918
 17827.75657708 22156.11114772 12059.25478183  7084.02089464
  5950.49842253  6174.03775822  5125.57892712  5740.80665631
  6126.56037719  2705.59890946   881.48514376  1148.9878608
  1737.49383828  3683.89456034  2970.55398158  2766.74238764
  2866.10053969  3075.00742347  1429.22880246  1105.67789709
  1862.32843956  2331.09510561  5551.31828976  9612.26429888
 14959.7709947  14409.47969108  7194.54926584  5615.00941286
  4649.4519866   4488.95035638  5059.62281939  6043.01376012
  5841.74981111  3275.4911583   2730.19844551  2972.96574915
  4381.01611024  4567.76018996  4418.36492619  1740.45482299
  2517.31019463  2845.97977494  3510.78869875  5135.46219231
  5796.53623452  4567.76018996  3327.77950062  3846.92804224
  2913.20764364  2024.9937644   1723.19180913  2901.19298938
  2268.38243801  3037.4906466   1645.30743358  2190.49806245
  2024.9937644   1723.19180913  2803.83751994  3134.84611605
  2735.68869133]
