[  1641.83178819   3662.66381232   2130.39106618   1724.29337817
   2025.29869325   1577.68303074  11381.11475796  13451.82373581
   9857.92406874   6336.92495087   2387.92550277   1832.15048558
   1818.52854888   1885.27603869   1678.22260092   1567.88491368
   1830.78829191   1972.45643355   9856.83339305  12782.8253953
  13589.24404769  16831.26498128  20307.58322604  21222.977372
  17185.43533537   7782.10355818   2307.72485834   1772.5574024
   1961.78788406   1819.86502282   1880.47791148   1902.65335854
   1750.38195534   1809.51648085   1674.9854353    2511.73897138
   9159.93800275  11445.48741403  12066.39993197  13204.73954819
  18461.79886675  27935.14985475  28798.51392731  28514.66820482
  20454.63237671   7641.84982354   1931.29174564   2129.58658406
   1741.32862311   2184.575909     1847.97458663   1851.30727299
   1861.30533207   1543.03378469   1944.62249108   2049.60211142
   1553.03184377   2222.90180214   3779.26633227  10884.55365185
  10374.65263876  11127.83975613  13167.44380847  18376.43258919
  22908.88603882  48643.89011095  44204.75187939  30154.14618552
  17583.2532355    6745.7445548    1796.22758233   1893.1605686
   1701.27282027   2304.63120421   1893.1605686    1992.07177909
   2087.02654115   2229.45868424   2118.6781285    1976.24598541
   1653.79543924   2166.15550953   8209.63046992   9997.94515541
   9155.22164211  10029.59674276  11485.56976104  17226.37641736
  22599.23337068 116414.53828762  59109.33938339  28272.78040386
  17004.81530588   5986.96557179   1620.30217177   2193.52227971
   3296.65253187   7189.45397599   6476.11339723   6333.44528147
   6855.71249093   8585.56339444   3604.91756769   2723.43242393
   6063.39491951   7309.19328743   8073.48676468   8751.16031451
   8216.15488043   8236.53603983   9000.82951708  13242.65831581
  19963.34562576  37307.71226948  35503.97966317  24763.10866289
  16483.26265935   4866.55071752   3297.90044786   5314.73650885
   9819.0037117   10390.44059565  10155.1430552    4986.06692854
   8526.73468004   9098.17156398   8347.46036351   6338.09406571
   6965.55417357   9045.88322166  22110.49903891  23074.09849026
   5617.26191799   3193.25939771   2424.15118912   5558.99730516
   4692.53362713   7272.45356735   6649.37856292   5948.41918293
   5091.69105184   2735.68869133   5383.75746017  84309.83653715
   4536.76487602]
