[  0.          10.37949362   0.           0.           0.
   0.         105.09237294  83.03594899  62.27696174  10.89754936
   0.           0.           0.           0.           0.
   0.           0.          10.89754936 196.15588842 119.87304292
  76.2828455   43.59019743  54.48774678  54.48774678  65.38529614
  11.8269051    0.           0.           0.           0.
   0.           0.           0.           0.           0.
   0.         202.5357499  141.92286124  82.78833573  47.30762041
  35.48071531  11.8269051   35.48071531  23.65381021  47.30762041
  13.33074544   0.           0.           0.           0.
   0.           0.           0.           0.           0.
   0.           0.           0.          79.98447264 146.63819984
  79.98447264  39.99223632  26.66149088  13.33074544   0.
   0.          26.66149088  13.33074544  39.99223632   0.
   0.           0.           0.           0.           0.
   0.           0.           0.           0.           0.
   0.           0.         269.03849251 110.78055574  47.47738103
  15.82579368  31.65158735   0.          15.82579368  15.82579368
   0.          15.82579368  15.82579368   0.           0.
   0.           0.           0.           0.           0.
   0.           0.           0.           0.           0.
   0.          61.14347818  61.14347818  20.38115939   0.
   0.           0.           0.          20.38115939  20.38115939
  20.38115939   0.           0.           0.           0.
   0.           0.           0.           0.           0.
   0.           0.           0.           0.           0.
   0.           0.           0.           0.           0.
   0.           0.           0.           0.           0.
   0.           0.           0.           0.           0.        ]
