[ 1475.99019343  2672.719608    1681.47796698  1410.31369607
  1669.80103665  1597.14458129 14116.1113277  12782.3463971
  6474.20914754  3804.60691913  1795.3712565   1469.80696947
  1479.34232516  1488.87768085  1381.26438095  1238.23404564
  1502.49961754  1916.60649309 16259.14364006 13458.47345541
 18454.99983542 19855.33492774 14913.29629452 10761.32998965
  7778.12585328  3891.05177909  1806.55975458  1330.52682416
  1450.27423833  1426.62042812  1439.92569637  1615.85090978
  1321.65664533  1345.31045554  1295.04610885  2130.32128179
 10777.26727567 16468.96535679 21844.29372638 99346.00287039
 48561.27235546 22222.7546897  16800.11869969 10020.34534904
  7252.84955479  3699.28185963  1328.07551447  1554.69818695
  1284.75059179  1648.01340503  1419.72438937  1409.72633029
  1378.06580987  1073.12500793  1341.40625991  1553.03184377
  1176.43828509  1553.03184377  4007.55534793 15763.60648293
 18016.5024623  29820.87754952 73852.32973819 38539.18506735
 21349.18882233 16656.76642741 13027.47098134  9441.50045796
  8868.27840403  3643.88899412  1206.71676787  1384.75694673
  1287.82396046  1685.44702659  1461.90769091  1434.21255197
  1258.15059732  1560.81890139  1386.73517094  1418.3867583
  1159.23938684  1497.51572668  8047.41608473 12957.368573
 18563.65598306 21016.65400298 29483.45362015 25408.31174834
 18365.8335621  12126.51440496 10413.37223943  9657.69059136
  8498.45120452  3322.12898111  1108.22554201  1620.30217177
  2517.07318508  5426.48368847  4425.25923328  4180.68532056
  4259.6623132   4899.12118917  1946.40072206  1515.84872988
  2415.16738811  2906.86285847  5385.72136969  8465.824083
 12070.7416507  14389.09853169 18042.42135294 16116.40179027
 13354.75469247  8437.79998884  7620.00596818  6496.49455662
  6313.06412208  3604.16073861  3268.02139511  4235.35572806
  6547.247435    6939.41000241  6640.61947486  2521.04507623
  3327.77950062  3391.27248772  3779.70017354  4478.1230317
 10961.87747959  9710.69214547  7238.20052997  5471.60153581
  3155.97494728  2180.76251551  2424.15118912  4147.34299825
  3212.7304916   4527.02932907  2502.03556467  2657.80431578
  2424.15118912  2346.26681356  5695.29496238  4935.92230073
  2969.34181799]
