[  2205.6932104    3735.32026769   2694.77603195   2297.76040086
   2629.90419681   2757.05299369  12486.53082884  14494.96284495
   9229.96470453   5305.744343     2509.16073936   2183.59645233
   3045.86504517   2159.07696628   2039.20392336   1927.50404245
   2575.90822917   3583.93154465  14858.80854774  33934.96869648
  29641.33424998  18286.08782039  13905.27297903  11600.44129011
  11791.14840385   5126.96336242   2248.59033283   1855.34573813
   2282.592685     1985.44169427   1952.91770523   2164.32363396
   1939.61243699   2094.84056648   2235.28506458   4068.45535564
  14511.61256214  54734.91681954 285548.79682175  45178.77749582
  20649.77631092  18840.25983006  13133.77811757  10999.02174636
  10939.88722085   4812.39910388   1782.98720261   2062.93285686
   1782.98720261   2304.55261796   1942.9561479    1891.29950932
   1794.65160487   1489.71080293   1904.63025476   2277.89112708
   1887.96682296   2759.4643061    7141.94686954  21555.81537665
 103499.90759699  57935.4196827   23502.10421091  12474.24504558
  10541.28695676  11234.48571965  11311.13750593  10757.91157017
   9381.51210348   4391.65774535   1606.31805821   1877.33477493
   1843.70496336   2338.26101577   1859.53075704   1847.66141178
   1641.92609398   2023.72336644   1990.09355488   1958.44196752
   1907.00813807   2500.47540096  12660.63494156  18880.1718566
  24514.15440559  17376.72145729  14223.43206716  13436.09883173
   8779.35904229   8917.83473696   9618.12610716   9099.83136424
   8613.18820868   4081.32716851   1620.30217177   2213.9034391
   3337.41485066   7087.54817903   5800.98749232   5451.96013771
   5632.84292733   6086.32372383   2723.43242393   2129.8311566
   3378.17716944   4155.20887131   7890.05633014  13629.90034428
  13099.99020006  11230.01882572   8916.75723458   8445.44292361
   8236.53603983   8417.41882944   9056.87770541   7724.45941007
   7439.12317856   5979.54543265   5400.63878552   5617.26191799
   8799.38103643   9255.03659095   9105.64132717   3454.76547483
   4470.65326851   4892.69488868   6095.32676208   8564.08349598
   9337.20398602   6644.35435646   7477.23295201   7182.17730605
   5378.22949595   4137.6074513    3835.80549603   6347.57660765
   4780.15354962   6250.2211382    3680.03674492   4380.99612491
   3826.06994909   3524.26799382   4760.68245573   5558.99730516
   5169.57542739]
