[  2266.92703001   3547.19194577   2370.41685622   2328.89888173
   2995.78134703   3330.52001638  13612.70588697  10023.99596671
   6871.22477863   4845.32288268   2563.64848614   2105.95141316
   2092.32947647   2179.50987132   2543.2155811    2366.13040405
   3781.44962674   7317.70439296  22492.54187204  16662.35296626
  10434.40350895   7827.16482538   6579.39542405   6949.91210218
   7799.92095199   5329.49911232   2223.45815948   1771.07903927
   2068.23003      1890.82645344   2332.85703169   2378.68628897
   2201.28271241   2439.29917762   3565.81188874   8586.33310523
  47674.25447268  69542.20200927  17279.10835639  18083.33790343
  11611.06408548  10753.61346546  11492.79503444   8065.94928067
   8633.64072564   4810.7327607    1849.64092981   2009.6098751
   1782.98720261   2117.9221818    2036.27136598   1957.95323652
   1754.65936855   1663.01049365   2092.9270341    2531.17529044
   3121.06077616   5638.90532117  22888.88992066 244219.25646276
  35606.42107053  22955.54364786  12794.18293614   8021.77606858
   8408.36768635   6610.38339511   6165.46976605   5898.85485725
   6767.01965403   4344.18036432   1812.05337601   2387.71662101
   1875.35655072   2114.72168008   1908.98636228   1847.66141178
   1705.22926869   2150.32971586   2053.39672958   2356.06503366
   2718.08006402   4617.17530525  18547.83018938  37048.18299773
  27323.23278325  13400.49079595   8747.70745493   8407.45289088
   7574.62049863   5695.30749949   5604.30918585   5901.04281729
   6621.11642959   4060.94600912   1885.25724388   2359.11919978
   3317.03369126   7209.83513539   6313.06412208   5841.74981111
   6002.25144133   6147.46720201   3049.53097423   2621.52662697
   4053.30307435   5569.15180423  10903.92027543  20860.11663907
  17048.83983251   8891.28078534   6109.25252815   6231.53948451
   5757.67752861   3933.56376291   4259.6623132    5265.98205825
   7296.45506281   8590.22766714   7114.94943735   6188.69880194
   7925.41874334   8982.39023456   7843.25134826   3574.28168585
   4769.44379606   6397.85217122   9819.0037117    9822.7385933
   6636.88459327   4537.88113721   3391.27248772   5680.7549051
   8082.2837703    5004.07112934   3991.57424714   6269.69223209
   4692.53362713   6328.10551376   2969.34181799   6970.65161208
   4770.41800268   3368.49924271   4527.02932907   4926.18675379
   7204.30473874]
