[  1898.24840779   4477.45406175   2443.07331159   1983.78071875
   2275.70397691   1786.57033991  12673.36171406  15496.5839796
  10945.17602578   7851.68431144   2716.21417713   2084.15631445
   2092.32947647   2148.17941692   1919.33088043   1785.83590081
   2039.20392336   2191.76961435  11197.23196392  14074.18499406
  16656.90419158  21397.3381617   26186.81110393  25173.33901377
  18939.94078179   9520.65860841   2616.70275418   2022.40077272
   2223.45815948   2069.70839313   2153.975092     2284.07104814
   2071.18675627   2023.87913586   1865.6942801    2700.96945304
   9872.50903525  12796.71132211  14115.41124117  18414.49124633
  26551.40195762  29508.12823353  30371.49230609  29094.1865549
  21554.53455134   9061.57421291   2186.24225218   2384.5370906
   1942.9561479    2479.51865186   2102.92509318   2132.91927042
   2089.59434774   1717.99981859   2186.24225218   2291.22187252
   1701.33638679   2342.8785111    4315.82883623  11234.48571965
  13004.14217682  12630.8813045   16123.53660981  22808.90544802
  42058.50186354 106406.01010293  41565.26428225  29074.35580487
  21395.84643137   7572.64227442   1972.28953699   2116.69990429
   1924.81215596   2623.12530195   2148.35149165   2324.4134463
   2181.98130321   2532.12698831   2595.43016302   2245.28447792
   1796.22758233   2356.06503366   8751.66390335  10555.80438252
  10077.0741238   11588.43741994  12601.28821527  19995.89031082
  37317.22149024 142875.26531547  35797.94529725  28336.08357857
  19070.08138072   6662.09147669   1803.73260631   2461.02499674
   3747.58568345   9110.37824882   7642.9347725    7296.45506281
   7841.65107658  10060.64980553   3890.2537992    2868.64818461
   5877.41684005   7006.02354145   8157.55904718   8916.75723458
   8646.70687262   9365.14274123   9533.28730623  16442.50034056
  26199.98040012  54499.22021774  26149.02750163  20748.0202624
  14883.34164697   5198.95517942   3839.45827905   5886.17339279
  11410.06327092  11985.23503646  11779.81654877   5378.22949595
   8556.61373279   9217.687775     8403.48358742   6790.01473864
   7234.46564837  10158.87793679  25651.16679041  18390.55697087
   5587.38286524   3349.02814882   3047.22619355   6581.22973431
   5403.22855406   8674.37232732   6960.91606513   6415.72543626
   5471.37738266   3047.22619355   6571.49418736  21846.56734288
   4624.38479852]
