[  2441.6985568    3818.35621667   2610.44264626   2579.30416539
   3215.04814982   3653.5817554   14427.4961364   10737.58615331
   7320.13787784   5206.30420512   2750.26901887   2522.78267606
   2344.33530534   2520.05828872   2522.78267606   2453.31079891
   3946.27506076   6650.22949487  24497.69095366  18896.35058436
  12319.67954765  13551.10262494   8641.75663979   7298.63368159
   8481.01778678   5614.82319794   2437.82081448   1939.61243699
   2140.66982375   2117.01601355   2393.46992034   2579.74367573
   2368.337747     2559.0465918    3626.4247774    8397.10262357
  42399.45479647  93834.6650921   37313.88560191  19419.77818014
  14629.88161318  12873.58620529   9086.01984585   9020.97186778
   9464.48080917   5012.36028548   2011.27621828   2184.575909
   1942.9561479    2439.52641554   2224.56814532   2079.59628866
   1929.62540246   1784.65354579   2294.55455888   2639.48759714
   3041.07630352   5358.95966692  19002.97762487 101660.26472625
  66280.46632821  18936.32389767  12337.60490482  10274.67204796
   8838.28422679   6462.07885209   6353.76654539   7495.2116237
   7251.92551942   4518.26409477   1814.03160022   2419.36820836
   2083.07009273   2338.26101577   2021.74514223   1976.24598541
   1847.66141178   2308.58765262   2195.82887268   2514.32297042
   2688.40670087   4361.98438221  17178.89903633  33550.68259513
  25851.43397129  14290.69169028  11707.13087252   8534.05924029
   4993.03790508   5360.98760807   5078.10154609   6075.12654774
   7129.52005146   4244.37644366   1948.94836699   2501.78731553
   3581.98876338   7818.72227226   6682.47263609   6231.53948451
   6409.8746292    6659.54383177   3156.53206104   2662.28894575
   4055.85071927   5508.00832605  10455.53476877  21074.1188127
  17339.27135387  10720.48984089   7890.05633014   5821.36865172
   6761.44962873   3953.9449223    3625.29872709   4978.09818182
   7360.14618591   8773.23686527   7327.83768823   6577.12648776
   8526.73468004   9673.34332952   8354.93012669   3783.43505514
   4892.69488868   6457.61027673   9699.48750068  11447.41208687
   7835.78158507   4900.16465187   5012.2110997    5919.78732714
   8082.2837703    5159.83988045   4225.2273738    6892.76723652
   5013.80667629   6493.60981181   3125.1105691    8138.91724539
   4692.53362713   3913.68987159   4527.02932907   5159.83988045
   7827.37974317]
