[ 132.67327581  374.95920714   93.41544261   83.03594899  103.79493623
  156.98984105 1890.36527614 1472.59065781 1023.6775586   558.49940453
  119.87304292   65.38529614   65.38529614   76.2828455    65.38529614
   76.2828455   108.97549357  228.84853649 2420.61815084 1731.34815403
 1280.4620494  1072.04641796  964.43311806 1050.25131924 1268.20230638
  546.99436104  106.44214593   59.13452552   70.96143062   59.13452552
   59.13452552   59.13452552   59.13452552   70.96143062   94.61524083
  214.362655   2856.19758252 1889.3480903  1247.73848843  904.75824043
  748.0517478   666.74177522  712.57103249  795.35936822 1033.37583343
  546.56056304   93.31521808   79.98447264   39.99223632   79.98447264
   66.6537272    39.99223632   53.32298176   39.99223632   39.99223632
   93.31521808   93.31521808  173.29969072 1163.10753965 2091.26069092
 1311.41208267  883.16188541  708.19585151  536.56250396  469.90877676
  494.90392446  574.8883971   668.20361519  896.49263085  458.94801663
   79.12896838   63.30317471   63.30317471   63.30317471   47.47738103
   47.47738103   31.65158735   63.30317471   47.47738103   79.12896838
   79.12896838  189.90952412 3469.80526367 1750.72842551  987.1338806
  698.313146    553.90277869  413.44885981  427.29642928  427.29642928
  413.44885981  585.55436605  716.11716388  328.64619522   40.76231879
   81.52463757   81.52463757  203.81159393  142.66811575  122.28695636
  163.04927515  163.04927515   81.52463757   81.52463757  142.66811575
  203.81159393 1184.65488974 1169.36902019  794.86521634  550.29130362
  369.408514    366.86086908  305.7173909   346.47970969  387.24202847
  591.05362241  593.60126733  209.15336929  149.39526378  149.39526378
  239.03242204  209.15336929  209.15336929   59.75810551  179.27431653
  239.03242204  298.79052755  239.03242204  328.66958031  268.9114748
  268.9114748   268.9114748   209.15336929  155.76875111    0.
  155.76875111    0.          155.76875111   77.88437555   77.88437555
   77.88437555    0.          155.76875111  155.76875111   77.88437555]
