[  2852.47542999   5542.64959485   3488.80729413   2820.62739213
   3257.86356102   2632.49907021  13742.44955726  22139.45989851
  15584.8096754    8816.1174295    3714.70213693   2983.20413637
   3188.89538048   3540.34134723   3037.69188315   2510.52293303
   2872.86644914   3003.63704142  11589.54374075  21484.51855656
  16880.30395339  21135.79697714  19076.16014874  19866.2324771
  20732.58765095   9996.69153883   3545.11480481   2842.89231428
   3128.21639991   3271.61762429   3166.65384149   3344.05741805
   2928.63737628   2869.50285077   2581.22203886   3474.15337419
  10800.92108588  17255.45454618  22039.43766059  22938.28244847
  66136.05333943  52582.42009069  27272.84316894  21282.51573396
  16557.66714507   9814.76133028   3031.07824444   3206.04427835
   2721.13841296   3512.65142347   3404.33911677   3152.72129659
   2962.75817406   2589.49730174   2886.10638778   3257.70091693
   2224.56814532   2706.14132434   5802.20695281  15496.99157412
  12657.54279538  17483.2726447   25155.11664548 165514.53538437
  99394.03800144  25968.29211733  24668.54443692  13277.42245835
  15203.71517444   7210.62724406   2959.42341759   2991.07500494
   2751.70987558   3691.36637515   3198.78854695   3932.70972872
   3473.76171209   3600.36806151   3169.11518381   3232.41835852
   2098.89588641   2803.14370503   8973.22501483  11940.56132926
  10441.06737837  11267.96509799  16355.95776512  37570.43418907
  83117.06839132  18975.12661866  18468.701221    11157.18454225
  10793.19128768   6254.46828883   2397.33387364   3505.55941565
   5877.41684005  14873.15106728  11291.1623039   10720.48984089
  11143.3988983   14363.62208244   5187.0050656    3505.55941565
   5696.53405043   6860.80778078   7974.12861264  11872.02534661
   8809.75614776   9074.71121988  13487.23222853  24110.9115623
  33200.90865172  15448.91882014  12029.97933191   7951.19980832
   9143.49763283   6491.22421108   6453.87539514   8889.0181947
  17240.2134398   18622.11962973  17912.49212679   6879.6518969
   7839.51646667   7929.15362493   7716.26537405   8832.99497078
   9579.97128966  16679.98120063  24635.27899673  10666.82183363
   5740.51301061   4293.37620241   6814.88286097  11205.61453282
   8460.19029455  12909.33524807   6883.03168958   6736.99848542
   5948.41918293   3835.80549603  16122.06573967  12295.99579058
   6104.18793404]
