[   3210.9484156     4957.50564183    4312.67960048    3331.81745308
    3831.3305837     4102.49485461   16243.90752048   19383.70434153
   11593.89437723    6315.12985216    3879.52757095    4266.39057311
    3551.23889659    3222.95022222    3037.69188315    2815.65431501
    3750.11917234    4995.16418634   18885.453035     44592.77196725
   46009.4533836    18939.94078179   12548.52808414   11665.82658625
   13763.6048374     6578.71596389    3318.9252447     2854.71921939
    3401.71358043    2950.81282335    2989.25026494    3344.05741805
    2903.50520294    3131.17312618    3234.65854584    5233.40550835
   17746.27110798   45261.56583155 1043038.41489827   51352.42195991
   22459.29279177   18177.95314426   16043.19677306   14996.51567139
   12914.98037315    6207.12834555    2589.49730174    3042.7426467
    2747.79990384    3379.34396907    3002.75041038    2924.43228092
    2761.13064928    2307.88530432    2924.43228092    3552.64365979
    2719.47206978    3790.93073453   10907.88245637   28794.41015063
   57802.1122283    86409.89194277   36326.28132429   20662.65543217
   17249.9845995    13650.68333067   11714.39255549    9251.53733543
   10424.64293416    5507.37619958    2401.56419048    2771.49211768
    2816.9912745     3659.71478779    2882.27267341    2931.72827865
    2629.05997458    3250.2223764     3026.68304072    2977.22743548
    2767.53566926    3519.26086891   16063.1805821    20059.19348553
   28074.9579829    30243.09171664   27948.35163349   29673.36314427
   16933.59923433   12446.98672692    9538.99713878    8704.18652232
    8676.49138339    5044.33694985    2420.26267796    3406.20126361
    5324.57789151   11326.82933284    9260.68929934    8649.25451754
    8865.8043361     9548.57317577    4325.90108123    3156.53206104
    4934.78821811    5897.79799944    9405.90506002   12585.36592538
   16763.50360101   20579.87569741   15622.15867498   14516.48077789
   13324.18295338   11066.96955057    8501.49111194    8687.4691914
    7933.36629385    8922.63212905    8227.94415248    9038.41345847
   14087.97337411   14898.4426801    14663.14513965    5437.98760146
    6334.35918412    6700.37758037    8437.09752177   11865.71882544
   18241.1617071    11238.25871758   10483.81263551    8836.72985237
    7723.73513724    6259.95668515    6269.69223209   10494.91960589
    7593.72661651   10095.76218118    5169.57542739    7282.18911429
    5481.11292961    5714.76605627    7272.45356735    7749.49536762
    7759.23091456]
