[ 1014.18513723  1407.71882266   334.73866935   281.54376453
   394.42075769   803.1133191   6033.08066855  4509.88997933
  3163.1506817   2137.28186756   425.00442491   241.10827951
   239.74608585   250.6436352    208.41563145   261.54118456
   371.87887179   843.19788147  7949.76225565  5312.55531135
  3746.03259133  3078.55769324  2795.22140997  3011.81020343
  3789.62278876  2189.45580731   390.28786842   248.36500718
   236.53810207   212.88429187   201.05738676   212.88429187
   212.88429187   214.362655     331.1533429    879.62606708
 10990.15156754  6067.20231816  3737.30201274  2724.62326325
  2164.32363396  1975.0931523   1998.74696251  2270.76577989
  3089.77895832  2009.6098751    359.93012688   279.94565424
   199.9611816    239.95341792   199.9611816    161.63528846
   186.63043616   146.63819984   186.63043616   266.6149088
   319.93789056   733.19099921  9391.51016256  7828.4802597
  4030.88415245  2614.49244944  2036.27136598  1569.69527557
  1434.72147799  1419.72438937  1619.68557097  3900.90938441
  2732.80281522  1796.22758233   316.51587354   221.56111148
   205.7353178    237.38690515   174.08373045   158.25793677
   142.43214309   205.7353178    176.06195466   207.71354201
   284.86428619   621.16240182 12154.20954389  5491.5504059
  2993.05322915  2035.5927117   1541.03665929  1210.67321629
  1159.23938684  1113.74023002  1179.02162893  3452.00124578
  2371.89082733  1475.08641109   247.12155764   244.57391272
   305.7173909    631.81594119   471.31431097   471.31431097
   529.91014423   532.45778915   285.33623151   264.95507211
   489.14782544   692.95941937  3317.03369126  3444.41593747
  2208.80814925  1554.06340374  1108.22554201   983.39094073
   937.53333209   919.69981762  1041.98677398  1449.60996185
  2295.42807667   750.71120048   567.70200235   537.8229496
   717.09726613   690.95309497   661.07404221   328.66958031
   657.33916062   806.73442439   986.00874092   720.83214772
  1015.88779368   720.83214772   746.97631888   780.59025323
   690.95309497   467.30625332   233.65312666   389.42187777
   311.53750222   467.30625332   389.42187777   467.30625332
   389.42187777   233.65312666   467.30625332   700.95937999
   545.19062888]
