[  1815.32761041   3964.9665641    2360.0373626    1931.88325064
   2234.18600242   1733.37543509  11967.55614767  14116.1113277
  10379.49362331   6753.75621376   2629.03378228   2029.66856767
   2026.94418033   2093.69167014   1864.84313365   1753.14325274
   2006.51127529   2137.28186756  10428.95473428  13502.06365284
  15082.20830955  18672.95082255  22590.61981625  23375.24336993
  18062.68805858   8187.17505798   2533.91441845   1975.0931523
   2164.32363396   2034.22767782   2094.84056648   2140.66982375
   1988.39842055   2012.05223075   1830.21356478   2771.93088366
   9562.05277628  12087.0970159   12873.58620529  13731.0368253
  21223.38120844  27651.30413226  30655.33802858  33552.92977896
  22979.67661633   7885.13592782   2131.25292724   2357.87559972
   1916.29465702   2439.52641554   2062.93285686   2066.26554322
   2076.2636023    1704.66907315   2132.91927042   2277.89112708
   1701.33638679   2411.19858148   4489.12852696  11101.17826525
  10777.90768833  10807.90186557  14163.91703011  21195.88524977
  28274.51107847  64094.22407603  43604.86833459  30260.79214904
  20969.26257729   6856.52511054   1956.46374331   2100.87411061
   1877.33477493   2575.64792092   2116.69990429   2245.28447792
   2118.6781285    2500.47540096   2358.04325787   2229.45868424
   1812.05337601   2371.89082733   8735.83810967  10077.0741238
   8949.48632431   9345.13116624  11869.34525771  18721.91391983
  28589.2962774  200038.0320766   46116.36277462  28082.87087974
  15406.41014451   6129.63368754   1803.73260631   2461.02499674
   3645.67988648   8353.72770634   7357.59854099   7072.26230948
   7614.91067833   9650.47897274   3849.49148041   2950.17282218
   6328.34999163   7556.31484507   8297.67951801   8937.13839397
   7928.271004     8338.44183679   9349.85687169  15071.86737136
  22133.93910115  42229.76226296  30826.5035824   23621.76373686
  14185.28693775   5135.46219231   3600.42585701   5796.53623452
  11047.77975626  11652.83057456  11447.41208687   5467.86665422
   9008.53440572   9695.75261909   8825.52520759   6760.13568588
   7779.75836116   9766.71536938  25583.93892171  22357.00122414
   5800.27111612   3358.76369576   2813.57306689   6347.57660765
   5325.3441785    8518.60357621   7194.5691918    6503.34535875
   5558.99730516   2969.34181799   6016.56801154 181003.28878737
   5091.69105184]
