[2.53482499e+03 5.27148532e+03 3.15406862e+03 2.55854518e+03
 2.90236590e+03 2.32889888e+03 1.40538344e+04 1.93421864e+04
 1.49516606e+04 8.57364696e+03 3.38641346e+03 2.72030076e+03
 2.82791406e+03 2.83881161e+03 2.65355327e+03 2.28031220e+03
 2.58816797e+03 2.76252876e+03 1.18783288e+04 1.86783996e+04
 1.91143016e+04 2.45521787e+04 2.62739915e+04 3.39022760e+04
 1.93758428e+04 9.92573011e+03 3.27161762e+03 2.62852966e+03
 2.90202684e+03 2.83106541e+03 2.84584904e+03 2.99812044e+03
 2.63148639e+03 2.59600567e+03 2.35503248e+03 3.23761527e+03
 1.05377724e+04 1.58953605e+04 1.57061300e+04 2.56998648e+04
 4.23994548e+04 5.58702997e+04 2.79469768e+04 1.52862748e+04
 1.59840622e+04 9.27819883e+03 2.73613550e+03 3.01608116e+03
 2.54617238e+03 3.27103166e+03 2.93443034e+03 2.83111706e+03
 2.90943519e+03 2.32121605e+03 2.69780961e+03 2.94942743e+03
 2.07626360e+03 2.50618014e+03 5.42727974e+03 1.50437462e+04
 1.31374496e+04 1.87763550e+04 2.60149497e+04 6.74802334e+04
 8.20747335e+06 3.55664288e+04 2.03827098e+04 1.16710676e+04
 1.31607784e+04 7.58846807e+03 2.57762615e+03 2.78533969e+03
 2.62510353e+03 3.48365283e+03 2.95942342e+03 3.21857079e+03
 3.08998622e+03 3.34517714e+03 2.96337987e+03 2.93172828e+03
 2.06724430e+03 2.72203651e+03 9.34117472e+03 1.19722129e+04
 1.06982365e+04 1.47061188e+04 2.13252570e+04 3.29967798e+04
 1.69779115e+05 2.35013036e+04 1.77407147e+04 1.05716302e+04
 1.15567858e+04 6.51942336e+03 2.64445543e+03 3.32212898e+03
 5.20229094e+03 1.30694185e+04 9.95874401e+03 9.55112082e+03
 1.00963168e+04 1.26465094e+04 4.79466775e+03 3.36034365e+03
 5.55131829e+03 6.57292390e+03 7.89260398e+03 1.05574406e+04
 9.69124129e+03 1.11688753e+04 1.61164018e+04 2.66177942e+04
 3.13156514e+04 1.95506271e+04 1.15968797e+04 1.03281525e+04
 9.90014818e+03 6.21857785e+03 5.79280135e+03 8.13830699e+03
 1.51972332e+04 1.61645675e+04 1.57462608e+04 6.42773122e+03
 7.56687011e+03 7.77602348e+03 7.35771674e+03 8.05240472e+03
 1.04539336e+04 1.59255351e+04 2.10871415e+04 1.03642964e+04
 5.71063396e+03 5.07221996e+03 6.33784106e+03 1.05728040e+04
 8.30442154e+03 1.18968384e+04 7.59372662e+03 7.82737974e+03
 6.64937856e+03 3.60215237e+03 1.15755653e+04 1.47980314e+04
 6.34757661e+03]
