[1.66096736e+03 2.27570398e+03 1.12747249e+03 1.05481604e+03
 1.37658034e+03 2.03567819e+03 8.72655926e+03 6.32630136e+03
 4.49821305e+03 3.25564287e+03 1.23687185e+03 8.88150273e+02
 9.61708731e+02 1.02845622e+03 1.04071596e+03 1.41123264e+03
 2.19176961e+03 3.74330820e+03 1.28863521e+04 8.39383739e+03
 5.71848902e+03 4.51430982e+03 3.98032990e+03 4.19691870e+03
 5.20085543e+03 3.85557106e+03 1.25956539e+03 9.26933687e+02
 9.49109135e+02 8.89974609e+02 9.28412051e+02 1.12946944e+03
 1.45175260e+03 1.74890359e+03 4.05219336e+03 9.18063509e+03
 3.12112026e+04 1.31337781e+04 6.33035096e+03 4.31829873e+03
 3.43275921e+03 2.98629354e+03 2.92568065e+03 3.28344453e+03
 4.42030578e+03 3.09606563e+03 1.16644023e+03 9.23154122e+02
 8.69831140e+02 9.23154122e+02 8.83161885e+02 9.64812701e+02
 1.09645381e+03 1.08645575e+03 1.23309395e+03 1.94128980e+03
 3.60263396e+03 1.12278203e+04 6.77756427e+06 2.89143869e+04
 8.01511070e+03 4.86572209e+03 3.86091715e+03 2.70947401e+03
 2.30788530e+03 2.15791442e+03 2.37120635e+03 3.63262813e+03
 4.42080846e+03 3.08405154e+03 1.17506518e+03 1.01878547e+03
 8.88222670e+02 9.67351639e+02 1.01482902e+03 1.05043706e+03
 1.00295967e+03 1.22649901e+03 1.51334152e+03 2.02174514e+03
 3.03657416e+03 6.58748662e+03 3.95803100e+04 1.63005675e+04
 6.57363905e+03 3.99403468e+03 3.00690080e+03 2.70621072e+03
 2.06724430e+03 1.92481216e+03 2.06922252e+03 2.51234475e+03
 3.89907992e+03 3.09538858e+03 1.45470525e+03 1.14898786e+03
 1.57444456e+03 4.03292191e+03 3.79089565e+03 3.56670289e+03
 3.64567989e+03 3.40365362e+03 2.20880815e+03 2.10945000e+03
 3.21512789e+03 5.79334456e+03 1.82768047e+04 1.17650243e+04
 5.55131829e+03 3.50046413e+03 2.44064384e+03 2.19352228e+03
 2.00754420e+03 1.88270960e+03 2.10945000e+03 2.74126594e+03
 4.07877952e+03 6.82362867e+03 5.37449461e+03 3.84319316e+03
 4.47065327e+03 4.86655072e+03 4.41836493e+03 2.49490091e+03
 3.59669098e+03 5.94219662e+03 8.82926009e+03 4.56776019e+03
 2.99537504e+03 2.01310118e+03 2.00563142e+03 3.99632331e+03
 7.21205636e+03 4.68279808e+03 3.29061487e+03 3.99157425e+03
 3.36849924e+03 4.21549183e+03 2.73568869e+03 6.59096528e+03
 4.45888050e+03 1.41165431e+03 3.11537502e+03 3.91368987e+03
 6.19180786e+03]
