[ 20.4112732   51.89746812  10.37949362   0.          10.37949362
  10.37949362 365.87715022 281.54376453 188.12832192  76.2828455
  21.79509871   0.           0.          10.89754936   0.
  10.89754936  10.89754936  32.69264807 513.54701343 370.51667812
 250.6436352  196.15588842 164.82543402 207.05343778 217.95098713
  70.96143062  11.8269051    0.           0.           0.
   0.           0.           0.           0.           0.
  23.65381021 582.47507635 413.94167863 260.19191228 167.05503459
 141.92286124 118.26905104 141.92286124 130.09595614 189.23048166
  66.6537272   13.33074544  13.33074544   0.          13.33074544
  13.33074544   0.           0.           0.           0.
  13.33074544  13.33074544  13.33074544 226.62267248 453.24534496
 266.6149088  159.96894528 119.97670896  93.31521808  79.98447264
  79.98447264 106.64596352 106.64596352 159.96894528  47.47738103
  15.82579368   0.           0.          15.82579368   0.
   0.           0.           0.           0.           0.
  15.82579368  15.82579368 696.33492179 334.31989143 205.7353178
 110.78055574  94.95476206  63.30317471  79.12896838  79.12896838
  63.30317471  94.95476206 110.78055574  20.38115939   0.
   0.           0.          20.38115939   0.           0.
  20.38115939  20.38115939   0.           0.           0.
  20.38115939 224.19275333 206.35923886 122.28695636  81.52463757
  61.14347818  40.76231879  40.76231879  61.14347818  61.14347818
  81.52463757  81.52463757   0.           0.           0.
  29.87905276  29.87905276   0.           0.           0.
  29.87905276  29.87905276   0.          29.87905276   0.
  29.87905276   0.           0.           0.           0.
   0.           0.           0.           0.           0.
   0.           0.           0.           0.           0.        ]
