[ 1107.31157121  2348.36043227  1210.50844382   982.15958411
  1198.83151349  1189.74945657 11547.18665593  8791.43109894
  5931.88060572  3661.57658382  1313.15469747   976.69286109
  1039.35376989  1028.45622053   920.84292063   864.99298018
  1063.87325594  1434.38993406 10802.19579974 12973.53250904
 24595.76889787 25260.51940862 18863.65793629 11796.59717853
  7911.6208329   3891.05177909  1247.73848843   938.7605926
  1031.89747029   950.5874977    952.06586084  1057.02964364
   881.10443022   904.75824043   915.10678239  1558.1947474
  8160.5645215  16705.50345886 21223.38120844 38875.03707559
 38792.24873987 23695.2043751  20419.1516614  14665.36232849
 10514.11863712  4180.85503865  1031.46642843  1058.12791931
   883.16188541  1124.78164651   976.47710349   939.81755353
   923.15412173   698.19779243   898.15897403  1056.46157613
   814.84181503  1149.77679421  3657.62328013 13057.46515858
 15816.92946469 21295.86584057 45111.24256932 45831.10282309
 22962.20902058 16656.76642741 13783.99078507  8971.59168119
  9218.21047183  3865.45010559   921.85248168   939.65649957
   904.0484638   1159.23938684  1014.82901953  1002.95967428
   860.52753118  1066.26284898   955.48229325   955.48229325
   793.26790806  1113.74023002  8241.28205727  9772.42759551
 12704.15587417 16775.34129756 22789.1428948  23501.30361027
 17281.76669523 14868.33315949 10923.75408551  6555.83503068
  6207.66756978  3362.8912999    861.10398437  1108.22554201
  1798.63731646  4012.54075556  3258.43785801  3075.00742347
  3192.19908998  3607.46521262  1452.15760677  1085.29673769
  1841.94728017  2290.33278682  4710.59546478  9347.30922676
 10985.444913   11515.35505723 15418.34708105 15994.11483391
  8791.92263329  4672.38079092  4466.02155206  3892.80144412
  5696.53405043  2763.81237986  2427.67303637  3211.99817119
  4773.17867766  5105.58313956  4806.79261201  1803.9478101
  2577.06830014  2700.31939276  2909.47276205  3365.12831656
  7536.99105752 10610.79860972  3932.83031891  3185.85400003
  2405.2637468   1635.57188663  1801.07618469  2979.07736494
  2268.38243801  3349.02814882  1878.96056024  1956.84493579
  1801.07618469  1489.53868247  5928.94808904  4770.41800268
  2190.49806245]
