[2.34984783e+03 5.08335700e+03 2.89328385e+03 2.34965787e+03
 2.67271961e+03 2.17190904e+03 1.35296699e+04 1.94667403e+04
 1.50814042e+04 8.31210577e+03 3.10171499e+03 2.47919248e+03
 2.56501068e+03 2.58680578e+03 2.40154744e+03 2.08279412e+03
 2.36885479e+03 2.58680578e+03 1.15459535e+04 1.84114096e+04
 1.82370488e+04 2.12175286e+04 2.69714347e+04 3.26708530e+04
 1.84985900e+04 9.56796623e+03 3.02177425e+03 2.36833775e+03
 2.62852966e+03 2.58122204e+03 2.58270040e+03 2.71279636e+03
 2.39346992e+03 2.35798921e+03 2.16284527e+03 2.91533211e+03
 1.05614263e+04 1.63743501e+04 1.51384385e+04 2.26544367e+04
 4.12167643e+04 5.37178030e+04 2.67997670e+04 1.78054056e+04
 1.58894470e+04 8.98492243e+03 2.49451574e+03 2.72113841e+03
 2.30455262e+03 2.94942743e+03 2.67947983e+03 2.56283581e+03
 2.58616462e+03 2.15958076e+03 2.46785425e+03 2.69447692e+03
 1.91462831e+03 2.31788336e+03 5.32063377e+03 1.49904232e+04
 1.26008871e+04 1.77032299e+04 2.51017937e+04 6.95331682e+04
 5.16678364e+06 2.95009397e+04 1.76499070e+04 1.08878863e+04
 1.30274710e+04 7.28975621e+03 2.33826102e+03 2.53014876e+03
 2.36991260e+03 3.13350715e+03 2.62708175e+03 2.93172828e+03
 2.72401474e+03 2.99503145e+03 2.66071156e+03 2.64290754e+03
 1.84568319e+03 2.45299802e+03 8.86244446e+03 1.31156265e+04
 1.11097072e+04 1.51848490e+04 2.19266371e+04 3.10739459e+04
 1.48319338e+05 2.12065635e+04 1.78040179e+04 1.00928999e+04
 1.11413587e+04 6.19332481e+03 2.37695271e+03 2.99348279e+03
 4.73097662e+03 1.17752148e+04 8.95497191e+03 8.60594455e+03
 9.04923477e+03 1.13319246e+04 4.24437644e+03 3.01131630e+03
 4.95771702e+03 5.91817916e+03 7.48243314e+03 9.51035850e+03
 8.70785035e+03 1.12096377e+04 1.45572431e+04 2.31224253e+04
 2.83603833e+04 1.69673152e+04 1.12911623e+04 8.93459075e+03
 9.55112082e+03 5.59111775e+03 5.22509935e+03 7.35771674e+03
 1.36621969e+04 1.45398940e+04 1.41514664e+04 5.73677813e+03
 6.90206119e+03 6.96928906e+03 6.69664270e+03 7.33157257e+03
 1.01215291e+04 1.49059124e+04 1.88611521e+04 9.61358522e+03
 5.37822950e+03 4.37126058e+03 5.40322855e+03 9.47268718e+03
 7.36007349e+03 1.04851841e+04 6.57149419e+03 6.73699849e+03
 5.86079926e+03 3.13484612e+03 1.07869860e+04 1.30748395e+04
 5.63688168e+03]
