[1.67117299e+03 2.35873993e+03 1.34673930e+03 1.05481604e+03
 1.49075477e+03 2.10833464e+03 9.10281591e+03 6.55724510e+03
 4.66558238e+03 3.34282327e+03 1.40169729e+03 9.53535569e+02
 9.72606280e+02 1.02845622e+03 1.07340861e+03 1.44528748e+03
 2.25715491e+03 3.95172384e+03 1.35020637e+04 8.81066865e+03
 5.91736930e+03 4.67913525e+03 4.14515534e+03 4.36038194e+03
 5.37657841e+03 3.74765055e+03 1.37931281e+03 9.99373481e+02
 9.49109135e+02 9.25455324e+02 9.87546576e+02 1.28174084e+03
 1.49906022e+03 1.78438431e+03 3.81417690e+03 1.08718825e+04
 3.38840831e+04 1.43756032e+04 6.73246573e+03 4.50900757e+03
 3.57616043e+03 3.08090878e+03 3.02177425e+03 3.43719430e+03
 4.59918772e+03 3.20271159e+03 1.29974768e+03 9.89807849e+02
 9.36484867e+02 9.63146358e+02 9.63146358e+02 1.04646352e+03
 1.14977679e+03 1.12644799e+03 1.28808328e+03 1.94128980e+03
 3.52264948e+03 1.05846119e+04 6.99256254e+06 3.38467627e+04
 8.70830946e+03 5.14733408e+03 4.00922169e+03 2.81778632e+03
 2.40120052e+03 2.21123740e+03 2.39953418e+03 3.13605786e+03
 4.60910524e+03 3.13350715e+03 1.27199817e+03 1.14539182e+03
 9.67351639e+02 1.06230640e+03 1.06428462e+03 1.09791444e+03
 1.06626285e+03 1.32145377e+03 1.56081890e+03 2.00591935e+03
 3.05239996e+03 6.41340289e+03 3.61461128e+04 1.78277566e+04
 6.98708791e+03 4.21559579e+03 3.16515874e+03 2.85062109e+03
 2.13054747e+03 2.03559271e+03 2.37189083e+03 2.64092932e+03
 4.05931608e+03 3.11831739e+03 1.51839637e+03 1.29165598e+03
 1.71711268e+03 4.19851884e+03 3.93611141e+03 3.69153750e+03
 3.80872916e+03 3.56670289e+03 2.29033279e+03 2.17059348e+03
 3.29665253e+03 5.77296340e+03 1.68857906e+04 1.25446036e+04
 5.92327445e+03 3.70427572e+03 2.56293079e+03 2.29542808e+03
 2.06868768e+03 1.94385308e+03 2.12983116e+03 2.96800634e+03
 4.36666340e+03 7.03278204e+03 5.67328514e+03 3.96644425e+03
 4.62378341e+03 5.10558314e+03 4.59763924e+03 2.52477996e+03
 3.66018396e+03 5.97581055e+03 9.09817156e+03 4.89642977e+03
 3.17464936e+03 2.10273834e+03 2.03551047e+03 4.08596046e+03
 7.45108878e+03 4.68279808e+03 3.13484612e+03 3.99157425e+03
 3.44638362e+03 4.29337620e+03 2.57991994e+03 7.52557779e+03
 5.23772426e+03 1.72319181e+03 2.89145744e+03 3.91368987e+03
 6.19180786e+03]
