[ 1363.72819081  2588.38622231  1576.38559404  1315.60081675
  1554.32917009  1482.97015143 13991.55740422 12844.62335884
  6391.17319855  3694.26923189  1675.49821358  1328.13882784
  1358.10708857  1358.10708857  1250.49378867  1140.15610144
  1413.95702902  1807.63099953 16564.27502205 13104.30310132
 17185.43533537 18237.04884829 14166.81416359 10279.11343062
  7647.355261    3794.95817512  1629.15617802  1201.90923116
  1354.18063436  1296.52447198  1309.82974023  1462.10114343
  1237.38994647  1227.0414045   1222.60631509  2034.22767782
 10585.08006774 15871.70664906 21034.15072678 95135.6246535
 42695.12742406 21838.38027383 16226.51380216  9973.03772863
  7039.96526293  3604.30029837  1246.42469865  1446.38588025
  1191.43537371  1514.70595063  1324.74282811  1301.41402359
  1258.08910091   979.80978985  1234.76029639  1419.72438937
  1083.12306701  1458.05028251  3589.30320975 15763.60648293
 17376.62668118 27567.98157014 67000.32658198 35806.38225213
 20222.74083264 16143.53272797 13027.47098134  9544.81373512
  8441.69454995  3531.13021417  1111.76200581  1287.82396046
  1206.71676787  1572.68824665  1319.47554782  1337.2795657
  1131.5442479   1448.06012144  1289.80218467  1321.45377203
  1064.28462477  1416.40853409  7794.2033859  12925.71698565
 17511.24070354 20209.53852546 26611.07206779 24522.06730243
 18500.35280835 12320.3803775   9871.338806    9182.91678105
  8561.75437923  3179.46086536  1064.9155783   1477.63405602
  2272.49927236  4894.02589932  3994.70724109  3811.27680655
  3869.87263981  4427.8068782   1801.18496138  1431.77644738
  2231.73695357  2720.88477901  5222.67209454  8774.08911883
 11805.78657858 14633.67244441 17553.2735275  15785.20795013
 12784.08222946  8335.89419187  8172.84491672  7622.5536131
  6397.13640458  3331.51438221  2909.47276205  3932.83031891
  5886.17339279  6248.45690745  5979.54543265  2282.01265418
  3088.74707858  3182.11911844  3510.78869875  4145.71856979
 10211.16627912  9467.92484183  7297.95863548  5109.31802115
  2972.96574915  2024.9937644   2112.6136869   3757.92112048
  2969.34181799  4059.72307575  2268.38243801  2424.15118912
  2414.41564217  2112.6136869   5150.1043335   4770.41800268
  2657.80431578]
