[  2832.06415679   5271.48532394   3456.37137656   2789.48891126
   3215.04814982   2651.96062075  13597.13664653  19466.74029051
  13872.19322755   8268.51557433   3627.52174208   2917.81884023
   3167.10028176   3552.60109025   3015.89678444   2477.83028496
   2829.27625171   2960.04684399  11703.968009    20296.68567668
  21789.64993854  21179.38717457  19740.9106595   20258.54425394
  20345.72464879   9922.77338194   3509.6340895    2783.75778876
   3069.08187439   3092.7356846    3083.86550577   3296.74979763
   2879.85139273   2810.36832525   2591.57058083   3475.63173733
  10729.95965526  18988.09614386  15374.9766347   21081.4583472
  74840.65549569  51352.42195991  19898.76783684  16191.03308685
  15700.21652505   9544.81373512   2977.75526268   3191.04718973
   2681.14617664   3419.33620539   3202.71159199   3086.06756938
   2907.76884912   2549.50506542   2884.4400446    3204.37793517
   2196.24031126   2679.47983346   5548.92278944  16550.12046389
  16270.17480965  24775.19040044  31380.57476601 193295.80888155
  65507.28309268  23975.34567403  23002.2012569   14297.22448451
  14290.55911179   7321.4077998    2880.2944492    2911.94603656
   2688.40670087   3628.06320044   3262.09172166   3853.58076034
   3313.52555111   3487.60928156   3105.8120091    3184.94097749
   2067.24429905   2803.14370503   9341.17471782  13020.67174771
   9428.21658304  13080.018474    21705.07602793  35528.90680474
  53237.96992925  17321.33117942  15952.40002636  10836.71222029
  11014.75239915   6231.53948451   2336.19039546   3485.17825626
   5816.27336187  14506.2901982   11087.35070997  10409.67716014
  10837.6815074   13935.61773518   5225.21973946   3482.63061133
   5673.60524612   6799.6643026    8035.27209082  10496.29708756
   9691.24129152   8358.82299619  11973.93114358  17955.80142552
  26801.22460222  14302.47860426  11617.26085419   9551.1208207
   9347.30922676   6521.10326384   6603.27065892   8709.74387816
  16881.66480673  18121.64549608  17576.35278329   6640.61947486
   7802.16765072   7690.12120289   7626.62821578   8803.11591802
   9281.18076211  16433.4790154   20362.57445272  10543.57074102
   5770.39206336   4215.49182686   6113.92348098  11127.73015727
   8148.65279233  12597.79774585   6571.49418736   6425.4609832
   5792.65043182   3680.03674492  18001.02629991  11351.64773699
   6104.18793404]
