[ 1774.50506401  2671.4221713   1650.33948611  1660.71897973
  2232.88856571  2422.31432434 10584.48862237  7600.38420567
  5262.40326702  3748.75697867  1686.39576294  1261.39133803
  1400.33509232  1358.10708857  1479.34232516  1731.34815403
  3157.56492608  4710.46570939 16302.73383749 10739.53489094
  7012.57301098  5447.41248464  4758.14248783  4887.55088644
  6001.82530815  4044.80154544  1629.15617802  1247.73848843
  1366.00753947  1271.39229864  1380.79117085  1973.61478917
  1725.24978199  1915.95862679  3707.73474998 13677.81575233
 44670.22057636 21655.06324472  8450.32369654  5412.28744804
  4183.7676804   3545.11480481  3459.36974281  3771.30436492
  5814.40222157  3670.95402557  1421.39073255  1353.07066217
  1486.37811657  1459.71662569  1284.75059179  1516.37229381
  1231.42761003  1248.09104183  1554.69818695  2116.25583862
  3376.01128271  8441.69454995 93075.26466283 67800.17130838
 12064.3246233   6488.74034297  4720.75022898  3301.02583961
  2776.1277379   2801.1228856   3497.65433485  3177.71644429
  5212.32146708  3483.65283314  1493.55927826  1543.0148835
  1319.47554782  1414.43030988  1303.64975414  1337.2795657
  1242.32480364  1497.51572668  1543.0148835   2005.91934855
  2894.14201867  5762.56712262 27426.10044215 24901.88635068
  9008.8330506   4981.16855982  3817.97272456  3471.78348788
  2449.04157151  2387.71662101  2850.62108606  3418.37143422
  5123.60070291  3403.65361868  1536.22988927  1599.92101238
  2310.71394622  4955.1693775   4590.85615335  4262.20995813
  4341.18695078  4201.06647995  2394.78622872  2190.97463478
  3500.4641258   5691.43876059 14037.52353215 38122.95864521
  7311.74093235  4402.33042896  3054.62626407  2911.95814832
  2557.83550386  2723.43242393  3401.10597376  5225.21973946
  4715.69075463  7566.87011027  6065.44770932  4474.3881501
  5314.73650885  5919.78732714  5288.59233768  2644.29616884
  3899.21638456  6125.20581483  9187.80872225  6009.42448541
  3749.82112079  2524.77995782  2308.15682535  5650.87585234
  7663.97703173  4371.26057797  3125.1105691   4069.45862269
  3290.61486715  4059.72307575  2034.72931135  6892.76723652
  5237.724256    1956.84493579  2959.60627105  3602.15236937
  6337.8410607 ]
