[  993.77386403  2755.75555699  1065.19553309   949.72366653
  1136.55455175  1293.5443928  11235.80184723  8059.6767985
  5835.8702897   4363.10632365  1171.48655584   866.35517385
   918.11853329   941.27582568   833.66252578   852.73323715
  1129.25855208  1762.67860843 14771.62815288 10257.31833191
 14466.4967709  16351.77280959 13398.53693395  8461.94707541
  8064.18652389  4591.79590648  1068.85654874   796.83773136
   889.97460905   867.79916198   845.62371491   926.9336875
   821.9699047    857.45062001   996.41675498  2057.88148803
 16699.59000631 45438.9694081  19467.08580056 15753.43759802
 10608.73387795  9514.74515586  7492.34438314  7850.10826253
  7657.92105459  3792.59707771   871.49748315   936.48486717
   788.18032415   991.47419211   843.16964909   818.17450139
   814.84181503   644.87481067   804.84375595   976.47710349
   881.49554223  1351.40431899  5090.67841494 27661.29678822
 27781.27349718 17703.22994446 12874.16740878 10114.70310268
  8341.71395915  8551.67319983  5992.17007533  7188.60447858
  6658.70734733  2704.23249455   793.26790806   872.39687644
   809.09370173  1030.65481321   856.57108276   813.05015015
   702.26959441   908.00491221   828.87594383   860.52753118
   824.91949541  1179.02162893  8878.27025277 14516.20925018
 17163.07324265 15980.0951653  12280.81589331  8676.49138339
  8245.23850569  8308.5416804   6083.03944458  5790.26226155
  6668.59381062  2315.80923607   738.81702801  1003.77210012
  1431.77644738  3049.53097423  2499.23967061  2397.33387364
  2455.9297069   2664.83659068  1146.44021587   980.8432958
  1633.04039639  2002.44891039  4157.75651624  7767.76937378
 14103.76230018 11250.39998511  8547.34872057  9696.33658137
  8338.44183679  6394.58875965  5306.74437704  6412.42227412
  5350.05434075  2554.65901058  2128.88250881  2584.53806333
  3570.54680426  3813.31410789  3574.28168585  1441.66429544
  2214.78478549  2371.64981245  2939.3518148   3876.807095
  6547.247435    6674.23340921  5643.40608915  4026.20235877
  2371.64981245  1635.57188663  1333.76993136  2346.26681356
  1723.19180913  2414.41564217  1557.68751108  1801.07618469
  1713.45626219  1178.00118025  2725.95314439  2979.07736494
  2112.6136869 ]
