[ 1282.08309801  2661.04267768  1377.87777849  1137.85198846
  1355.82135454  1294.84182951 10524.80653403 10737.58615331
  6557.24509652  4210.54063266  1488.87768085  1129.25855208
  1215.07675326  1215.07675326  1063.87325594   975.33066742
  1205.54139757  1533.83007194  8611.78837906 14684.44775803
 19157.89176892 21702.46954369 21974.9082776  19648.28148997
 10322.70362805  4998.34576942  1414.79352302  1080.68345384
  1163.47178957  1092.51035895  1071.81327502  1176.77705781
   999.37348126  1024.5056546   1033.37583343  1642.46144626
  7992.03112377 11182.33877547 15848.05283885 35114.08125264
 96767.7375578  33884.08312187 19183.24007807 13707.38301509
 12891.32656294  5040.68811954  1246.42469865  1191.43537371
   989.80784893  1258.08910091  1083.12306701  1046.46351705
  1029.80008525   791.51301051  1006.47128073  1178.10462827
   921.48777855  1229.76126685  3482.65724623 10694.59052933
 17263.31534494 21829.09565817 39112.40712127 59508.44764464
 16796.73925453  7321.91193298  7441.88864194  6718.69570181
  8521.67902259  4484.6342832   1016.80724374  1050.43705531
   999.00322586  1254.1941489   1066.26284898  1113.74023002
   971.30808692  1161.21761105  1066.26284898  1084.06686687
   856.57108276  1179.02162893  7378.77630188 10662.62848984
 14262.99655135 11889.12749981 10789.23483926 12799.11063623
  8704.18652232  5111.73135765  4793.23725991  5105.79668502
  7974.22178897  3793.44329208   922.24746255  1291.65597655
  1923.47191774  4320.80579138  3441.86829255  3238.05669861
  3378.17716944  3976.87372662  1617.75452684  1227.96485345
  2066.1400335   2517.07318508  4669.833146    8855.6137564
  7704.07825068  4998.47934121  5268.52970317  6190.77716572
  9711.62245092  3974.3260817   3831.65796594  3688.98985019
  6804.75959245  2853.44953813  2610.68223449  3032.72385466
  5161.60636347  5527.62475973  5228.83423217  2013.10117939
  2845.97977494  2939.3518148   3208.2632896   3604.16073861
  3873.0722134   5049.55991564  4590.16947953  3395.00736932
  2554.65901058  1713.45626219  2034.72931135  3368.49924271
  2579.91994022  3748.18557353  2112.6136869   2346.26681356
  2180.76251551  1567.42305802 10806.45710811  3913.68987159
  2346.26681356]
