[2.31795521e+03 4.97048001e+03 2.91404283e+03 2.37041686e+03
 2.68309910e+03 2.16152955e+03 1.48063477e+04 1.77956418e+04
 1.27200694e+04 8.46467146e+03 3.15620273e+03 2.49009003e+03
 2.56364849e+03 2.61949843e+03 2.34705969e+03 2.11548677e+03
 2.41244499e+03 2.60860088e+03 1.22706406e+04 1.62427973e+04
 2.11303482e+04 2.61759136e+04 2.46066664e+04 2.38220429e+04
 1.69674843e+04 9.85181195e+03 2.99812044e+03 2.41416700e+03
 2.66401037e+03 2.54574132e+03 3.34553578e+03 2.71131800e+03
 2.41712373e+03 2.41712373e+03 2.17615054e+03 3.04690643e+03
 1.05880368e+04 1.40621902e+04 1.76575693e+04 2.63148639e+04
 3.25949505e+04 5.01933853e+04 3.23702393e+04 2.50375581e+04
 1.55109860e+04 8.98492243e+03 2.49451574e+03 2.76113065e+03
 2.31788336e+03 3.00275041e+03 2.54617238e+03 2.62948954e+03
 2.53284163e+03 1.95961958e+03 2.53617432e+03 2.73446916e+03
 1.98294838e+03 2.45119082e+03 4.78407127e+03 1.33540742e+04
 1.42638976e+04 1.74832726e+04 2.39286881e+04 3.74060717e+04
 6.08479209e+06 6.39609166e+04 2.47285328e+04 2.00627719e+04
 1.57636065e+04 7.97224356e+03 2.22748046e+03 2.53014876e+03
 2.35408681e+03 3.13350715e+03 2.61125596e+03 2.86644688e+03
 2.66071156e+03 3.15328939e+03 2.78731791e+03 2.67653736e+03
 1.97228954e+03 2.53212699e+03 9.23039416e+03 1.14934827e+04
 1.20988193e+04 1.44845577e+04 2.08109187e+04 2.78929614e+04
 6.51389668e+04 3.61144612e+04 2.22273272e+04 1.39069162e+04
 1.37209631e+04 6.50158985e+03 2.13237880e+03 2.99348279e+03
 4.60868967e+03 1.15510221e+04 8.99573423e+03 8.62632571e+03
 9.21483169e+03 1.15408315e+04 4.40487807e+03 3.13615090e+03
 5.55131829e+03 6.65699619e+03 7.83146050e+03 1.04555348e+04
 1.06593464e+04 1.12300188e+04 1.34668511e+04 2.60369311e+04
 3.02558311e+04 2.77897108e+04 1.82819000e+04 1.15204503e+04
 1.16834996e+04 5.65087585e+03 4.83293678e+03 7.17844242e+03
 1.35762946e+04 1.44801359e+04 1.42112245e+04 5.94966638e+03
 7.41747485e+03 7.60048404e+03 7.20832148e+03 7.63036310e+03
 9.18780872e+03 1.41850803e+04 2.28873544e+04 1.33708761e+04
 5.31847139e+03 4.05972308e+03 4.53676488e+03 8.77172780e+03
 7.12642036e+03 1.04072997e+04 7.27245357e+03 7.20430474e+03
 6.25995669e+03 3.21273049e+03 9.77448913e+03 2.05906818e+04
 5.16957543e+03]
