[  2728.7320862    4393.12067606   3205.9660929    2653.25805746
   3078.81729601   2631.20163351  12258.18196913  15413.54803061
   9588.05723453   6271.53965473   3341.46107147   2742.09585686
   3134.40763369   3266.54041964   2774.78850493   2334.79994965
   2718.93856447   2860.60670611  10121.09896495  15915.87083533
  24900.90027985  39765.15760227  25663.72873481  25740.01158031
  15256.56909925   8045.25219674   3224.31000387   2523.56587648
   2890.1999347    2795.58469387   2904.98356608   3094.21404773
   2570.8734969    2619.65948045   2378.68628897   3247.96381408
   9325.5146742   14133.15159882  23890.34830931  53575.88011939
 156966.68453522  33458.31453814  16131.89856133  16185.1196343
  16031.36986795   7748.49578706   3179.38278747   2842.7814651
   2426.1956701    3217.70868061   2841.11512192   2844.44780828
   2679.47983346   2106.25777954   2642.8202835    2962.75817406
   2062.93285686   2517.844545     5547.25644626  13354.07424463
  21982.39923074  16683.42791829  48590.56712919 127281.95746214
  28874.39462327  12254.28774582  10264.67398888   8368.37545003
  11074.51677437   6716.07119165   2306.60942841   2706.21071876
   2464.86736518   3341.22069005   3038.55238597   3345.17713846
   2789.29613556   3121.63780278   2787.31791135   2913.92426077
   1924.81215596   2563.77857567   9068.17977689  13242.23285918
  11113.66360964  10278.85299318  17819.84368024  33883.02426234
  21388.56015439   9586.47451981   8150.28374363   7000.93547784
  10061.24833012   5905.44093422   2050.85416395   3342.5101405
   5467.24600726  12738.22462083   9917.98168978   9385.52390063
   9642.83603797  12091.12281009   4631.61847213   3113.22209733
   4957.71702243   5857.03568066   7479.88549735  11953.54998418
   7133.40578766   8195.77372104  11398.16339072  14883.34164697
  36461.89415465   8381.7518005    7151.23930213   5839.20216619
  10208.41321113   6341.82894731   6663.02876443   8078.54888871
  15107.59604939  16433.4790154   15566.9864855    5796.53623452
   6573.39160616   6397.85217122   6696.64269878   8261.55808683
   9012.26928731  17972.2502323   14924.58685126   7510.84688636
   5437.98760146   3903.95432464   5870.53480738  10183.38210368
   7126.42036319  11030.37468783   5325.3441785    6113.92348098
   4770.41800268   3680.03674492  31689.20530351   8138.91724539
   5403.22855406]
