[  2370.25910059   3744.40232461   2527.40669728   2496.26821641
   3152.77118808   3539.40732555  14240.66525118  10545.56552128
   7195.58395436   5097.32871155   2694.41907842   2457.39737992
   2257.15491049   2400.18524579   2522.78267606   2420.61815084
   3880.88976462   6718.33917835  23756.65759741  18280.63904571
  11529.60721929  10565.17410123   7432.12866121   7146.0679906
   8260.34241231   5508.38105201   2366.85938386   1902.65335854
   2093.36220334   2034.22767782   2357.98920503   2508.7822451
   2285.54941127   2535.39278159   3650.0785876    8015.68493398
  43582.14530683  86809.48346056  31459.56757562  18278.48183764
  13896.61349675  12418.2503588    9230.89943337   9281.16378006
   9298.90413772   4984.03245142   1944.62249108   2131.25292724
   1889.63316614   2319.54970658   2211.23739988   2026.2733069
   1887.96682296   1731.33056403   2294.55455888   2626.1568517
   3041.07630352   5438.94413956  20855.95124105 113897.88904027
  68226.75516247  20222.74083264  12310.94341394   9684.78656224
   8891.60720855   6770.35234039   6635.37854281   7148.61224226
   6968.64717882   4439.13512638   1814.03160022   2369.91260312
   2003.94112434   2288.80541053   1974.2677612    1958.44196752
   1800.18403075   2245.28447792   2132.52569797   2435.19400204
   2672.58090719   4425.28755692  17534.97939406  35908.72585299
  27956.26453033  13527.09714537  10654.715593     9661.64703978
   6108.7563593    4723.99941257   4775.43324202   6282.84008975
   6779.37436636   4183.23296548   1966.78188146   2420.26267796
   3500.4641258    7655.67299712   6598.40035359   6127.08604262
   6246.82535405   6516.87571601   3153.98441612   2703.05126454
   4015.08840048   5487.62716665  10557.44056574  21807.84055086
  16269.26048572   9199.54582116   7665.86357681   5841.74981111
   4753.90542849   4035.46955988   4035.46955988   5265.98205825
   7337.2173816    8803.11591802   7294.22375388   6427.73122398
   8287.702258     9434.31090748   8175.65581016   3693.79789687
   4918.83905984   6427.73122398   9669.60844793  10846.09615017
   7895.53969058   4657.39734823   4351.13705749   5706.89907626
   8082.2837703    5159.83988045   3991.57424714   6503.34535875
   4780.15354962   6561.75864042   3125.1105691    7827.37974317
   4614.64925157   3913.68987159   4527.02932907   5081.9555049
   7593.72661651]
