[2.21589885e+03 4.92636716e+03 2.70515553e+03 2.20434496e+03
 2.49497078e+03 2.04735512e+03 1.45935680e+04 1.78786778e+04
 1.29691773e+04 8.39928617e+03 2.91509445e+03 2.30346950e+03
 2.35659505e+03 2.41108280e+03 2.18223426e+03 1.96155888e+03
 2.24761955e+03 2.48736564e+03 1.19873043e+04 1.69238942e+04
 2.17896499e+04 2.39419159e+04 2.35169115e+04 2.74182342e+04
 1.84114096e+04 9.66258147e+03 2.80741160e+03 2.22493652e+03
 2.44964772e+03 2.33137867e+03 3.17995911e+03 2.53391442e+03
 2.19093417e+03 2.22641489e+03 2.03274931e+03 2.83254377e+03
 1.06323877e+04 1.40385364e+04 1.80419437e+04 2.51203464e+04
 3.26422581e+04 4.62550259e+04 2.71309203e+04 1.60905044e+04
 1.50319964e+04 8.84828229e+03 2.34621120e+03 2.55950312e+03
 2.17124516e+03 2.76113065e+03 2.38453709e+03 2.38786978e+03
 2.38453709e+03 1.82464578e+03 2.30788530e+03 2.54617238e+03
 1.83464384e+03 2.27622478e+03 4.94570656e+03 1.35673662e+04
 1.31641111e+04 1.73233037e+04 2.37687191e+04 4.39914600e+04
 5.91586489e+06 4.09920422e+04 1.78098759e+04 1.56169683e+04
 1.43172206e+04 7.36690696e+03 2.14835149e+03 2.34023924e+03
 2.21165467e+03 2.92579361e+03 2.48267138e+03 2.64290754e+03
 2.64488577e+03 2.81896950e+03 2.53212699e+03 2.48464961e+03
 1.82787917e+03 2.38969485e+03 9.24621996e+03 1.20988193e+04
 1.17783469e+04 1.43539949e+04 2.11353475e+04 2.98632727e+04
 8.59024081e+04 2.89137250e+04 1.41086951e+04 1.38119614e+04
 1.17466954e+04 6.15256249e+03 2.15275996e+03 2.81005235e+03
 4.30042463e+03 1.05880123e+04 8.19577372e+03 7.86967517e+03
 8.39449003e+03 1.03892960e+04 3.93611141e+03 2.90941050e+03
 4.87619238e+03 5.83665452e+03 7.23531158e+03 1.01472697e+04
 1.02262467e+04 1.05574406e+04 1.36757580e+04 2.55477833e+04
 2.77897108e+04 2.39376717e+04 1.22134098e+04 1.12554953e+04
 1.10313025e+04 5.34835044e+03 4.77317868e+03 6.81615891e+03
 1.23736627e+04 1.32177460e+04 1.28591973e+04 5.37822950e+03
 6.72278687e+03 6.81615891e+03 6.54724744e+03 6.97302394e+03
 9.28118076e+03 1.44539918e+04 2.02430582e+04 1.04240545e+04
 4.89642977e+03 4.13760745e+03 4.77041800e+03 8.46019029e+03
 6.89276724e+03 9.85237351e+03 6.64937856e+03 6.58122973e+03
 5.87053481e+03 2.97907736e+03 9.77448913e+03 1.44086095e+04
 5.24745980e+03]
