[  2584.57746921   4058.38200671   2788.19147456   2746.67350007
   3361.65849725   3905.28447577  15096.9734751   11256.56083448
   7654.87654719   5514.15997444   3024.06994646   2446.49983056
   2585.44358486   2980.47974903   2599.06552155   2510.52293303
   3978.96770883   6377.79076096  28627.86215981  20999.57761019
  17844.73707145  19114.30157149  14275.78965716   8287.5862857
   9094.00493809   5876.49347336   2569.39513376   2094.84056648
   2284.07104814   2414.16700428   2535.39278159   2689.14254794
   2474.77989293   2689.14254794   3542.15807853   7696.35849618
  38342.82634593 115667.13191338  41843.5902566   16658.19583845
  18012.37647281  13748.77718296  10138.61440008   9162.89472903
   9964.1675498    5213.98781026   2172.91150674   2344.54485428
   2051.2684546    2707.80766752   2359.5419429    2254.56232256
   2129.58658406   1972.95032514   2482.85133822   2787.79214016
   3081.06853984   5130.67065126  16323.49779141  84623.5720538
  68706.66199831  21829.09565817  16070.21362805   9148.22405827
   8098.42785486   6368.76363401   5992.17007533   7335.24267842
   7815.14951426   4599.37128736   1908.98636228   2419.36820836
   2211.65466635   2623.12530195   2259.13204738   2261.11027159
   2055.37495379   2500.47540096   2340.23923998   2579.60436934
   2688.40670087   4187.90065176  15493.45200973  33044.25719746
  27766.3550062   17408.37304464  10528.10924359  10172.02888586
   8229.41271201   7192.82322617   5030.62416506   6443.07625073
   7861.46300902   4346.28224063   2071.23532335   2705.59890946
   3910.63495859   8496.39582209   7232.76393971   6743.61611427
   6863.3554257    7194.54926584   3378.17716944   2787.12354704
   4178.13767563   5548.77064483   9940.91049409  20004.10794455
  19713.67642319  12605.74708477   9039.04419094   7584.33893924
   7538.48133061   7227.66864986   6147.46720201   6025.18024565
   7174.16810645   8952.5111818    7626.62821578   7178.44242446
   9669.60844793  10786.33804466   9434.31090748   4085.96046428
   5340.88068001   6547.247435     9848.88276446  13400.75516074
   9579.97128966   6640.61947486   6816.1589098    7241.93541156
   8171.92092857   5782.91488488   4546.50042296   7515.84224096
   5636.88168072   7194.5691918    3368.49924271   7282.18911429
   5081.9555049    4692.53362713   5383.75746017   5403.22855406
   7827.37974317]
