[ 1825.53324701  4456.69507451  2244.56549604  1796.94983354
  2077.19616136  1743.75492872 13425.87500175 16581.24106323
 10379.49362331  7851.68431144  2454.67299258  1886.63823236
  1905.70894374  1939.76378548  1754.50544641  1600.57756175
  1843.04803494  2103.22702583 11458.77314847 15147.59360569
 18634.8093998  27483.61947737 28551.57931432 26099.63070908
 15605.29067866  9186.54853924  2343.20557365  1831.69192792
  1997.26859937  1878.99954834  1952.91770523  2056.40312489
  1844.99719616  1844.99719616  1663.1585302   2427.47227252
 10537.77244732 13133.77811757 16587.23440782 19561.70104138
 26882.55530052 36639.75201101 34416.29385153 25285.92311154
 19171.41317296  8498.35021807  1957.95323652  2091.26069092
  1754.65936855  2237.89889076  1902.96391158  1972.95032514
  1887.96682296  1476.38005749  1917.9610002   2049.60211142
  1513.03960745  2007.94353192  4582.44374504 12094.31880054
 13837.31376683 15983.56378269 20496.02111416 27368.02038854
 93475.18702603 88276.19630439 30780.69122121 21035.91630449
 16730.08552733  7238.32238299  1764.57599498  1924.81215596
  1748.7502013   2322.43522209  1970.31131278  2071.20074747
  1897.11701702  2276.93606527  2087.02654115  1974.2677612
  1495.53750247  2021.74514223  8862.44445909 10634.93335091
 12225.42561544 13689.31153056 18808.95578505 22733.75261693
 45784.02110741 48601.0123819  20953.35082828 15920.74843901
 14421.25448812  6007.34673118  1620.30217177  2213.9034391
  3357.79601005  8068.39147483  6516.87571601  6272.3018033
  6718.13966502  8256.91719922  3174.36557551  2336.19039546
  4381.94926956  5301.64908719  6947.4277082   9039.04419094
 10287.39020378 11561.21266586 13533.08983717 22918.61373779
 25048.44489439 35840.26879316 16473.07207965 11724.26194101
 12422.31665023  4474.3881501   3570.54680426  5408.10854871
  9759.24560619 10334.41737173 10155.1430552   4324.99288633
  5916.05244555  6457.61027673  5882.4385112   5770.39206336
  9520.21318415 13311.11800248 19764.99339762 11839.57465428
  4448.24397894  2959.60627105  2823.30861383  5948.41918293
  4702.26917407  7038.80044069  5081.9555049   4858.03792518
  4371.26057797  2502.03556467  7029.06489374 14097.07197526
  3913.68987159]
