[ 1825.53324701  2734.99656974  1743.75492872  1743.75492872
  2306.84245778  2536.4887542  10919.22729172  7852.08692603
  5480.37263311  3879.52757095  1806.26880586  1317.24127848
  1488.87768085  1434.38993406  1546.08981497  1807.63099953
  3331.92571578  4897.08624213 17130.94758859 11268.06603473
  7298.63368159  5612.23791865  4933.8654712   5074.17141917
  6219.77629528  4211.85658003  1711.94451375  1318.69991905
  1436.96897009  1342.35372926  1475.40641168  2056.40312489
  1819.86502282  2034.22767782  3707.73474998 11557.84301251
 46810.89040012 24422.55903897  9091.93329841  5675.4360866
  4362.6496201   3712.1698394   3876.26814771  3972.36175168
  6300.78369395  3845.92005947  1488.04445975  1459.71662569
  1566.36258921  1528.03669607  1351.40431899  1556.36453013
  1284.75059179  1314.74476903  1703.00272997  2087.92800456
  3282.69606463  7958.45502774 66520.41974613 82597.2987469
 13324.08006739  6918.65688342  5002.3622264   3500.98702121
  2937.76302636  2816.11997422  3429.33426447  3445.99769627
  5400.61824642  3657.73656358  1604.339834    1590.49226453
  1527.18908983  1525.21086562  1353.10535938  1386.73517094
  1258.15059732  1560.81890139  1639.94786977  2021.74514223
  2846.66463764  5554.85358061 26152.12405115 29166.93774661
  9709.12442081  5297.68443336  4116.68458022  3996.01290343
  2957.44519338  2801.16548082  3440.13190053  3402.54564054
  5123.60070291  3525.94057504  1559.15869359  1722.20796874
  2374.40506932  5281.26792779  4899.12118917  4529.71267517
  4606.14202289  4509.33151577  2478.85851121  2272.49927236
  3564.15524891  5691.43876059 13854.09309761 49281.64341305
  7803.43640272  4710.59546478  4285.13876245  3258.43785801
  2927.24401787  3092.84093794  5306.74437704  4896.57354425
  4695.30959524  7720.00025565  6244.72202585  4747.03450649
  5733.04324742  6367.97311847  5620.99679959  2793.69143262
  3992.58842442  6244.72202585  9221.4226566   6367.97311847
  5165.34124507  4448.24397894  4231.62084647  5467.86665422
  7813.37229551  4682.79808018  3212.7304916   4234.96292075
  3524.26799382  4293.37620241  2579.91994022  6970.65161208
  6016.56801154  2034.72931135  3349.02814882  3835.80549603
  6503.34535875]
