[ 30.6169098   72.65645536  20.75898725  10.37949362  20.75898725
  20.75898725 469.67208645 355.4976566  250.40528366  98.07794421
  21.79509871   0.           0.          21.79509871  10.89754936
  10.89754936  10.89754936  43.59019743 623.88470067 459.05926665
 326.9264807  261.54118456 230.21073016 272.43873392 294.23383263
  94.61524083  23.65381021   0.          11.8269051    0.
   0.           0.           0.           0.          11.8269051
  35.48071531 714.04939563 520.38382456 331.1533429  226.18956011
 189.23048166 165.57667145 177.40357655 177.40357655 248.36500718
  93.31521808  13.33074544  13.33074544   0.          13.33074544
  13.33074544   0.          13.33074544   0.           0.
  13.33074544  13.33074544  26.66149088 266.6149088  561.55765166
 346.59938144 213.29192704 159.96894528 133.3074544  106.64596352
 106.64596352 146.63819984 146.63819984 213.29192704  79.12896838
  15.82579368  15.82579368  15.82579368  15.82579368   0.
   0.           0.           0.           0.           0.
  15.82579368  15.82579368 824.91949541 445.10044716 223.53933569
 158.25793677 126.60634942  94.95476206  94.95476206  94.95476206
  94.95476206 126.60634942 158.25793677  40.76231879   0.
   0.           0.          40.76231879   0.          20.38115939
  40.76231879  20.38115939  20.38115939  20.38115939   0.
  20.38115939 285.33623151 287.88387643 183.43043454 122.28695636
  81.52463757  61.14347818  61.14347818  81.52463757  81.52463757
 101.90579697 122.28695636   0.           0.           0.
  59.75810551  59.75810551   0.           0.           0.
  29.87905276  59.75810551  29.87905276  59.75810551   0.
  59.75810551   0.          29.87905276   0.           0.
   0.           0.           0.           0.           0.
   0.           0.           0.           0.           0.        ]
