[  1733.6825176    3776.83824218   2244.56549604   1828.0883144
   2139.4731231    1650.33948611  11630.22260492  13867.00348074
  10023.99596671   6448.62483177   2518.69609505   1930.22842979
   1917.96868676   2005.14908162   1787.19809448   1665.96285789
   1919.33088043   2070.53437776  10055.71366881  13218.72736957
  13850.78523225  17801.14687402  21272.0163441   22318.18108234
  17670.37628174   7924.02641942   2437.82081448   1868.65100637
   2080.0569351    1949.96097896   1988.39842055   2010.57386762
   1880.47791148   1905.61008482   1747.42522906   2641.83492752
   9325.5146742   11611.06408548  12066.39993197  13778.34444571
  18698.33696882  27982.45747516  28656.59106607  29709.18562029
  22216.84123715   7721.83429618   2051.2684546    2251.2296362
   1836.31018437   2306.21896114   1956.28689334   1959.6195797
   1982.94838422   1611.35385507   2026.2733069    2171.24516356
   1621.35191415   2342.8785111    4340.82398393  11101.17826525
  10484.63128864  11074.51677437  13037.46904042  19802.82235128
  24995.1477002   54176.14946859  45271.2115146   29620.91636792
  18496.40929815   6856.52511054   1893.1605686    2003.94112434
   1812.05337601   2433.21577783   1990.09355488   2134.50392218
   2197.80709689   2387.71662101   2261.11027159   2118.6781285
   1748.7502013    2276.93606527   8387.67064878  10029.59674276
   8996.96370534  10092.89991747  11358.96341163  17447.93752883
  24893.97345384 161233.18598073  52937.27984939  27631.83575995
  16553.78018609   6150.01484694   1722.20796874   2297.9757216
   3520.8452852    7818.72227226   6967.80886759   6743.61611427
   7286.26448311   9158.78350237   3767.96684284   2848.26702522
   6307.96883223   7535.93368568   8297.67951801   8957.51955337
   8134.63024286   8690.01683633  10149.81737787  13634.99563413
  20992.59417512  40415.83907696  32966.5253187   25099.39779288
  15622.15867498   5075.7040868    3451.03059323   5617.26191799
  10509.95680667  11025.3704667   10905.85425568   5258.71328493
   8859.13914194   9486.5992498    8706.00899657   6580.86136935
   7566.87011027   9830.20835649  23305.66114912  23679.14930856
   5740.51301061   3514.53244687   2657.80431578   6026.30355849
   5013.80667629   7895.52857178   7038.80044069   6269.69223209
   5627.14613377   2891.45744244   5705.03050933  90735.29752035
   4702.26917407]
