[ 1774.50506401  3673.04330595  2328.89888173  1921.50375701
  2223.80650879  1681.47796698 11152.76589824 13280.56209102
  9920.20103048  6293.33475344  2607.23868357  2018.77101831
  1995.61372593  2104.5892195   1864.84313365  1753.14325274
  2006.51127529  2115.48676885  9924.94307653 12406.8599425
 13371.29306056 16357.22158427 19779.05208225 18901.79935904
 16482.54340187  7926.9831457   2522.08751335  1997.26859937
  2176.15053907  2034.22767782  2094.84056648  2117.01601355
  1951.4393421   2023.87913586  1853.86737499  2773.4092468
  9254.55324358 11208.94931195 12187.62570928 13423.53729261
 17367.81014466 26598.70957804 28798.51392731 30123.12729891
 18414.49124633  7858.47443694  2157.91441812  2384.5370906
  1929.62540246  2452.85716098  2062.93285686  2052.93479778
  2076.2636023   1866.30436161  2214.57008624  2304.55261796
  1714.66713223  2531.17529044  4342.49032711 10857.89216097
 10937.87663361 11154.50124701 12230.9589413  17116.6771451
 21729.11506737 44777.97393332 46510.97084053 31647.18967481
 18283.11737111  7224.47481353  1988.11533067  2148.35149165
  1908.98636228  2607.29950828  2146.37326744  2261.11027159
  2215.61111477  2532.12698831  2452.99801993  2308.58765262
  1893.1605686   2435.19400204  8304.58523198  9823.86142496
  8949.48632431  9392.60854727 10468.7625173  15663.57929176
 21966.2016236  80996.41203861 88940.96046444 30504.21731231
 19418.24884161  6499.04220155  1844.4949251   2481.40615614
  3727.20452405  7963.93803294  7357.59854099  7337.2173816
  7902.79455476 10267.00904439  4282.59111752  3156.53206104
  7454.40904811  8850.51846655  8957.51955337  8937.13839397
  7826.36520704  7989.41448218  8631.42100307 12157.36157812
 21604.02895692 40986.51153997 50178.41442636 26332.45793617
 19148.09925003  5527.62475973  3570.54680426  5945.9314983
 11320.42611266 11985.23503646 11835.83977268  5916.05244555
 10270.92438463 10816.21709741  9938.51992272  7238.20052997
  7025.31227908  8418.4231138  23245.90304361 28071.37006358
  6730.25663313  3514.53244687  2657.80431578  6191.80785654
  5325.3441785   8362.8348251   7905.26411873  6970.65161208
  6172.33676265  3056.96174049  5539.52621127 28242.82168525
  5325.3441785 ]
