[ 20.4112732   62.27696174  10.37949362   0.          10.37949362
  10.37949362 417.77461834 323.06173903 219.26680279  87.18039485
  21.79509871   0.           0.          10.89754936  10.89754936
  10.89754936  10.89754936  43.59019743 578.93230957 404.57151986
 294.23383263 228.84853649 208.41563145 239.74608585 261.54118456
  82.78833573  23.65381021   0.          11.8269051    0.
   0.           0.           0.           0.           0.
  35.48071531 653.43650697 461.24929904 295.67262759 190.7088448
 165.57667145 141.92286124 153.74976635 153.74976635 212.88429187
  79.98447264  13.33074544  13.33074544   0.          13.33074544
  13.33074544   0.          13.33074544   0.           0.
  13.33074544  13.33074544  13.33074544 239.95341792 494.90392446
 306.60714512 186.63043616 146.63819984 106.64596352  93.31521808
  93.31521808 119.97670896 133.3074544  186.63043616  63.30317471
  15.82579368  15.82579368   0.          15.82579368   0.
   0.           0.           0.           0.           0.
  15.82579368  15.82579368 775.46389017 381.79727246 237.38690515
 142.43214309 110.78055574  79.12896838  79.12896838  79.12896838
  79.12896838 110.78055574 126.60634942  20.38115939   0.
   0.           0.          40.76231879   0.          20.38115939
  20.38115939  20.38115939  20.38115939  20.38115939   0.
  20.38115939 264.95507211 247.12155764 163.04927515 101.90579697
  61.14347818  81.52463757  40.76231879  61.14347818  81.52463757
 101.90579697 101.90579697   0.           0.           0.
  59.75810551  29.87905276   0.           0.           0.
  29.87905276  59.75810551   0.          29.87905276   0.
  59.75810551   0.           0.           0.           0.
   0.           0.           0.           0.           0.
   0.           0.           0.           0.           0.        ]
