[  1815.32761041   4049.29994979   2349.65786898   1921.50375701
   2213.42701517   1733.37543509  12092.11007115  14240.66525118
  10504.04754679   6952.63648952   2618.13623293   2018.77101831
   2026.94418033   2103.22702583   1864.84313365   1742.24570339
   1995.61372593   2137.28186756  10581.52042527  13305.90776442
  15736.06127094  19773.60330757  23822.04289355  23070.11198794
  18280.63904571   8471.02078047   2533.91441845   1963.2662472
   2164.32363396   2010.57386762   2083.01366137   2140.66982375
   1988.39842055   1988.39842055   1818.38665968   2630.00802242
   9538.39896607  11874.21272403  13470.84491302  14635.79506573
  22128.13944887  27320.15078936  32453.02760433  34936.67767609
  23216.2147184    8098.42785486   2131.25292724   2344.54485428
   1902.96391158   2412.86492466   2036.27136598   2052.93479778
   2076.2636023    1691.33832771   2132.91927042   2251.2296362
   1674.67489591   2342.8785111    4274.17025673  11101.17826525
  11421.11615581  11264.47989689  12904.16158602  21515.82314033
  30847.34494841  71666.08748601  45111.24256932  30314.1151308
  21289.20046785   6967.30566628   1940.63794964   2098.89588641
   1891.1823444    2543.99633357   2085.04831694   2213.63289056
   2071.20074747   2468.8238136    2342.21746419   2197.80709689
   1780.40178866   2324.4134463    8751.66390335  10029.59674276
   8771.44614545   9598.34386507  11612.17611046  19394.5101511
  29926.57584311 205608.71145089  42745.46872143  28462.68992799
  16743.68971021   6129.63368754   1783.35144692   2420.26267796
   3625.29872709   8414.87118452   7334.66973667   7049.33350517
   7533.38604076   9650.47897274   3808.72916163   2889.029344
   6083.77607891   7309.19328743   8256.91719922   8812.30379269
   7538.48133061   8030.17680097   9309.0945529   14434.95614032
  23040.90069415  41638.70864056  28604.95720853  22969.56663627
  13940.71302503   5019.68086289   3600.42585701   5766.65718177
  10958.142598    11533.31436354  11443.67720527   5378.22949595
   8825.52520759   9426.84114429   8586.49278555   6670.49852762
   7085.0703846    9408.16673632  27272.10540238  21214.12745625
   5650.87585234   3504.79689993   2813.57306689   6269.69223209
   5247.45980295   8440.71920066   7116.68481624   6347.57660765
   5627.14613377   2969.34181799   6094.4523871  167373.52306543
   5169.57542739]
