[ 1097.10593461  2358.7399259   1200.12895019   971.78009048
  1178.07252625  1189.74945657 11734.01754115  8874.46704793
  5931.88060572  3628.88393575  1302.25714811   965.79531173
  1028.45622053  1006.66112182   909.94537128   854.09543082
  1052.97570658  1434.38993406 11197.23196392 12711.99132448
 24290.63751588 25827.19197516 18645.70694916 11404.28540169
  7846.23553676  3831.91725357  1235.91158333   949.10913457
  1020.07056519   938.7605926    940.23895574  1033.37583343
   869.27752512   881.10443022   903.27987729  1534.54093719
  8420.75643378 16681.84964865 21229.29466099 42352.14717606
 44457.3362845  25841.78765141 20182.61355932 14464.30494172
 10227.31618835  4100.87056601  1018.13568299  1083.12306701
   869.83113997  1111.45090107   938.15121035   926.48680809
   923.15412173   698.19779243   898.15897403  1043.13083069
   814.84181503  1149.77679421  3482.65724623 13730.66780331
 17216.6577359  21022.58555905 44364.72082468 41058.69595553
 19742.8339968  15956.90229181 14023.94420299  9428.16971252
  9324.85643535  3833.79851824   906.02668801   923.83070589
   904.0484638   1113.74023002   999.00322586   987.1338806
   844.70173751  1050.43705531   939.65649957   955.48229325
   793.26790806  1097.91443634  8367.88840669 10124.55150483
 12735.80746152 17637.84705296 23358.87146717 22868.27186319
 18334.18197474 14262.99655135 10987.05726022  6824.87352318
  6365.92550655  3362.8912999    861.10398437  1108.22554201
  1757.87499767  3910.63495859  3176.91322043  3034.24510468
  3131.0556118   3525.94057504  1431.77644738  1064.9155783
  1841.94728017  2269.95162743  4771.73894296  9039.04419094
 10715.39455104 11989.21701312 15194.15432772 14761.05469061
  8442.89527868  6251.9206439   7602.17245371  4221.44763934
  5492.7224565   2704.05427435  2367.91493086  3182.11911844
  4653.66246663  4986.06692854  4687.27640098  1830.09198126
  2547.18924739  2700.31939276  2909.47276205  3335.24926381
  7716.26537405  9438.04578907  4052.34652993  3305.37021105
  2405.2637468   1635.57188663  1723.19180913  2823.30861383
  2268.38243801  3202.99494466  1878.96056024  1956.84493579
  1801.07618469  1489.53868247  5461.64183572  4770.41800268
  2190.49806245]
