[  1692.8599712    3569.24836971   2225.1039455    1838.46780803
   2170.61160397   1608.82151161  10545.56552128  12361.97690536
   9043.13381931   6206.15435859   2487.36564065   1909.79552475
   1927.50404245   2026.94418033   1798.09564384   1678.22260092
   1941.12597915   2071.89657143   9638.88240592  11573.19741672
  12886.35211419  14204.95558634  17190.88411005  19119.75034617
  14597.26736318   8187.17505798   2449.64771959   1890.82645344
   2069.70839313   1938.13407386   2012.05223075   2020.92240958
   1844.99719616   2167.28036024   1806.55975458   2903.50520294
   8873.13555399  10446.11393277  11421.83360382  12110.7508261
  14127.23814627  19981.55617256  27556.68889143  29650.05109477
  17078.05096962   8714.97483147   2077.92994548   2277.89112708
   1849.64092981   2292.8882157    1942.9561479    1946.28883426
   1929.62540246   1717.99981859   2254.56232256   2184.575909
   1701.33638679   2544.50603588   4047.54758425   9894.74580292
   9354.85061259   9654.792385    11241.15109237  14250.56687547
  21782.43804913  28101.21138774  38619.16953999  32033.78129258
  21562.48074937   8051.37253315   1956.46374331   2051.41850537
   1843.70496336   2449.04157151   2005.91934855   2134.50392218
   1944.59439805   2389.69484522   2373.86905154   2229.45868424
   1893.1605686    2405.5206389    8051.37253315   8929.70408222
   7926.74440794   8197.76112466   9637.90834926  13436.09883173
  20249.10300965  42286.5207048  135405.49069995  37064.00879141
  25345.00857363   7258.24038895   1762.97028752   2338.73804038
   3561.60760398   7082.45288918   6333.44528147   6825.14075184
   7431.48024379   9589.33549456   3953.9449223    3153.98441612
   7495.17136689   9072.16357495   8977.90071276   7686.24473621
   6904.11774449   6595.85270866   7299.00270773  11683.49962222
  22918.61373779  35249.21517075  80546.34192241  30418.88039453
  21981.0804057    5109.31802115   3271.7562767    5497.74570697
  10360.56154289  11055.24951945  10875.97520292   5796.53623452
  10752.72411031  11137.41691453  10719.11017596   7058.92621343
   5882.4385112    8026.26054639  22767.83819952  43399.32412704
   6909.53094966   3125.1105691    2346.26681356   5636.88168072
   4858.03792518   7739.75982067   7905.26411873   6581.22973431
   6104.18793404   2979.07736494   4838.56683129  14720.1469797
   5403.22855406]
