[  1609.93917381   3264.35074453   1900.74476977   1607.52407491
   1847.54986495   1951.34480118  11230.61210042  14116.1113277
   8877.06192133   4976.09347496   1873.01629567   1567.88491368
   1798.09564384   1512.03497323   1435.75212773   1369.00463792
   1787.19809448   2530.95583807  12755.58152191  29902.87543454
  26840.66406533  15785.10024305  12281.5381249   10873.02987056
  11398.83662701   4676.06260534   1676.46379844   1366.00753947
   1568.54328937   1391.13971281   1404.44498105   1533.06257406
   1357.13736064   1463.57950657   1544.88947916   2937.50755511
  12276.32749756  43262.81886903 329166.42284389  35374.27316492
  16794.20524714  18319.8760055   13778.34444571  11022.67555657
  10632.38768815   4450.80263382   1326.40917129   1499.70886201
   1273.08618953   1608.02116871   1391.39655531   1328.07551447
   1284.75059179   1059.79426249   1341.40625991   1606.35482553
   1364.73506443   1927.95905928   5010.6939423   18663.04361615
  68946.61541623  46137.70996821  22475.63681202  10624.60411577
  10351.32383424  10991.19961537  10801.23649285  10731.25007929
   9061.57421291   3914.90571083   1177.04340472   1321.45377203
   1287.82396046   1651.81721503   1303.64975414   1289.80218467
   1147.37004158   1418.3867583    1384.75694673   1400.58274041
   1303.64975414   1798.20580654  12086.94992077  16743.68971021
  15505.32135499  13174.97323606  11833.73722194  10539.97858885
   8300.62878356   8692.31717706   9697.25507555   8878.27025277
   8213.58691834   3525.94057504   1148.9878608    1538.7775342
   2313.26159114   4751.35778357   3933.56376291   3688.98985019
   3849.49148041   4160.30416116   1824.1137657    1515.84872988
   2496.69202568   3069.91213362   6414.96991905  10720.48984089
   9732.00361031   8687.4691914    7770.3170187    7709.17354052
   7416.19437425   8868.35198102   8504.03875686   7192.00162092
   6804.75959245   3966.44425326   3480.90964599   3843.19316065
   5882.4385112    6158.81974918   6039.30353816   2431.40791796
   3387.53760613   3604.16073861   4410.895163     5557.50381248
   6999.16810792   6192.43368353   7114.94943735   6043.03841976
   3663.91884412   2725.95314439   2424.15118912   3991.57424714
   2979.07736494   4137.6074513    2502.03556467   2969.34181799
   2657.80431578   2268.38243801   3582.68127548   4536.76487602
   3368.49924271]
