[ 1487.4715346   3244.88919399  1911.12426339  1577.68303074
  1857.92935857  1410.31369607  9834.57020808 11614.65336448
  8311.37951886  5702.14270085  2135.9196739   1601.93975542
  1588.31781873  1687.7579566   1502.49961754  1435.75212773
  1656.4275022   1883.91384502  9047.69035332 10938.4151667
 11834.73860128 12935.3910863  14913.29629452 17496.01549204
 13196.93227085  7569.21926632  2093.36220334  1558.1947474
  1711.94451375  1605.50236782  1666.11525647  1664.63689333
  1536.01930033  1630.63454116  1533.06257406  2451.12608272
  8207.87214191  9754.23998421  9949.38391842 11137.98788133
 13417.62384005 17888.19396922 24079.57879097 25900.92217692
 18130.64552385  8151.75083663  1769.65645717  1889.63316614
  1514.70595063  1902.96391158  1619.68557097  1596.35676645
  1581.35967783  1356.40334853  1864.63801843  1836.31018437
  1473.04737113  2196.24031126  3779.26633227  9278.19882631
  8551.67319983  8498.35021807  9548.14642148 12127.64566414
 20382.70977792 24181.97222835 33633.47074539 30794.02196665
 23435.45048371  7495.49153024  1653.79543924  1701.27282027
  1509.38507194  1988.11533067  1637.96964556  1719.07683816
  1531.14553824  2021.74514223  1926.79038017  1847.66141178
  1606.31805821  2118.6781285   7509.33909971  7863.44123323
  7370.86340504  7495.49153024  8174.02243414 10476.67541414
 19671.46154044 32094.70957685 94954.76206168 38583.2849844
 28842.50897623  6786.92607798  1515.84872988  1948.94836699
  2906.86285847  5548.77064483  4855.81122546  5245.60089886
  5790.79691263  7395.81321485  3092.84093794  2641.90778636
  6083.77607891  7332.12209175  7683.69709128  7069.71466456
  6104.1572383   6412.42227412  7194.54926584  9245.4034298
 18730.28548246 29267.34488881 91348.35640087 32059.5637257
 22888.0419987   4295.11383357  2730.19844551  4444.50909735
  8015.0559016   8500.59050888  8410.95335061  4537.88113721
  8859.13914194  9072.02739282  8948.77630021  5830.15016887
  5643.40608915  7215.7912404  18801.39394626 57352.84176376
  6039.30353816  2648.06876883  1801.07618469  4225.2273738
  3757.92112048  5782.91488488  6337.8410607   5247.45980295
  5081.9555049   2502.03556467  4127.87190436 10339.15085479
  4147.34299825]
