[2.55523626e+03 5.31300330e+03 3.17482761e+03 2.54946312e+03
 2.91274540e+03 2.34965787e+03 1.42821832e+04 1.92539607e+04
 1.47855887e+04 8.61723715e+03 3.39731101e+03 2.73119831e+03
 2.83881161e+03 2.86060671e+03 2.66445082e+03 2.29120975e+03
 2.59906552e+03 2.78432386e+03 1.20090994e+04 1.87219898e+04
 1.94684719e+04 2.55220606e+04 2.58380895e+04 3.39458662e+04
 1.95992425e+04 9.97303773e+03 3.28344453e+03 2.64035656e+03
 2.92568065e+03 2.84289231e+03 2.85767595e+03 3.03212280e+03
 2.66548874e+03 2.61965948e+03 2.36685938e+03 3.23613691e+03
 1.04431572e+04 1.55168995e+04 1.58953605e+04 2.61256334e+04
 4.16425329e+04 5.64852988e+04 2.81362072e+04 1.46180547e+04
 1.58421394e+04 9.25153734e+03 2.74946625e+03 3.02941190e+03
 2.55950312e+03 3.28436241e+03 2.93443034e+03 2.84444781e+03
 2.92276594e+03 2.24123158e+03 2.72447110e+03 2.96275817e+03
 2.08959435e+03 2.55783678e+03 4.74407903e+03 1.49904232e+04
 1.34340587e+04 1.90163084e+04 2.60749381e+04 6.36143172e+04
 8.29279012e+06 3.61663124e+04 2.17691073e+04 1.19143537e+04
 1.32974186e+04 7.62011966e+03 2.64092932e+03 2.80116548e+03
 2.65675511e+03 3.49947863e+03 2.97524921e+03 3.23241836e+03
 3.10779023e+03 3.37682873e+03 2.97920566e+03 2.94755407e+03
 2.06724430e+03 2.70621072e+03 9.54691004e+03 1.15251342e+04
 1.07931913e+04 1.50582427e+04 2.20215919e+04 3.29967798e+04
 1.67626807e+05 2.33746973e+04 1.71630732e+04 1.11097072e+04
 1.16200890e+04 6.56018568e+03 2.68521775e+03 3.36289130e+03
 5.22267209e+03 1.30694185e+04 9.97912517e+03 9.59188314e+03
 1.01166980e+04 1.27076529e+04 4.77683423e+03 3.38072481e+03
 5.57169945e+03 6.63406738e+03 7.83146050e+03 1.05982029e+04
 1.01421744e+04 1.08427768e+04 1.58667326e+04 2.66585565e+04
 3.10710775e+04 2.02486819e+04 1.13930681e+04 1.05370594e+04
 1.03103190e+04 6.24845691e+03 5.79280135e+03 8.16818605e+03
 1.52271123e+04 1.61645675e+04 1.58060189e+04 6.40158705e+03
 7.62662822e+03 7.83578159e+03 7.41747485e+03 8.11216282e+03
 1.04539336e+04 1.54773493e+04 2.18042387e+04 1.03941755e+04
 5.65087585e+03 5.08195550e+03 6.33784106e+03 1.06506884e+04
 8.38230592e+03 1.19747227e+04 7.67161099e+03 7.90526412e+03
 6.80514731e+03 3.68003674e+03 1.14976809e+04 1.50316845e+04
 6.50334536e+03]
