[ 1435.16764702  3120.33527051  1586.76508766  1327.27774708
  1595.84714458  1628.28306216 15096.9734751  19046.37079877
 10169.30887744  4319.51612623  1740.88350972  1348.57173288
  1356.7448949   1347.20953921  1239.59623931  1161.95120015
  1458.90942012  2048.73927904 16389.91423234 18504.03880752
 27091.30770053 22187.41049006 14275.78965716  9355.54612265
 10409.8840229   4497.18066565  1521.23566895  1259.56539354
  1330.52682416  1247.73848843  1274.34902491  1355.6589975
  1201.90923116  1249.21685157  1269.9139355   2248.59033283
 18077.42445088 22175.44706928 55822.99208908 56461.64496467
 14848.67935759 12134.40463631  8799.21739709  8281.79029881
  8488.76113812  3431.00060765  1166.44022601  1378.06580987
  1191.43537371  1473.04737113  1258.08910091  1221.42955095
  1164.77388283   926.48680809  1168.10656919  1393.06289849
  1136.44604877  1538.03475515  4955.70461736 20809.29363201
 24341.94117363 41685.24099121 32033.78129258 19209.60417919
 14057.27106659 10564.61576128  8441.69454995  7215.26596946
  6002.16813441  2957.44519338  1064.28462477  1194.84742261
  1175.06518051  1509.38507194  1208.69499208  1194.84742261
  1020.76369216  1337.2795657   1210.67321629  1226.49900996
  1080.11041845  1448.06012144  8146.32729521 13048.36688664
 16268.9158999  21705.07602793 20019.62900134 19046.3426902
 13115.62650977 10342.15616788  8834.74932016  7175.01920829
  5283.83686389  2789.67119196  1003.77210012  1413.94293291
  2147.66467107  4402.33042896  3566.70289383  3403.65361868
  3500.4641258   3933.56376291  1655.96920071  1329.87065041
  2089.06883782  2575.66901833  4300.42463199 10391.84364567
 11291.1623039  15698.58802271 14103.76230018 13242.65831581
 10944.68259421  9298.9039732   8338.44183679  6555.09038988
  4942.43115288  3155.97494728  2789.95655102  3663.91884412
  5284.85745609  5557.50381248  5348.35044319  2072.8592849
  2935.61693321  3002.84480191  3451.03059323  4115.83951704
 10121.52912085  8930.10189223  7805.90253232  5860.02922163
  2853.44953813  2024.9937644   1956.84493579  3290.61486715
  2657.80431578  3582.68127548  2034.72931135  2268.38243801
  2180.76251551  2034.72931135  3972.10315325  3991.57424714
  2657.80431578]
