[ 316.37473463  740.83635736  167.36933468  146.61034743  228.34885971
  386.63613747 3433.01751591 2620.82213989 1837.17037133 1085.66835465
  217.95098713  121.23523659  130.77059228  141.66814164  130.77059228
  152.56569099  197.51808209  437.26416793 4379.45264769 3033.60530215
 2190.40742068 1849.85900328 1644.16775918 1795.3712565  2221.73787508
 1082.16181698  201.05738676  141.92286124  130.09595614  106.44214593
  106.44214593  118.26905104  118.26905104  141.92286124  177.40357655
  428.72531001 5329.49911232 3329.27378667 2164.32363396 1593.67546271
 1271.39229864 1166.42851584 1212.25777312 1366.00753947 1828.73520165
 1029.80008525  159.96894528  146.63819984  106.64596352  133.3074544
  106.64596352   93.31521808  106.64596352   79.98447264  106.64596352
  159.96894528  173.29969072  359.93012688 2156.24807494 3869.24886399
 2276.2247839  1526.37035289 1166.44022601  924.82046491  844.83599227
  843.16964909  976.47710349 1138.11239195 1566.36258921  888.22267012
  142.43214309  110.78055574  110.78055574  126.60634942   94.95476206
   94.95476206   79.12896838  110.78055574  110.78055574  142.43214309
  158.25793677  365.97147878 7113.69425779 3056.35640386 1734.90263184
 1206.71676787  906.02668801  716.11716388  727.98650914  698.313146
  731.94295756 1256.17237311 1271.99816678  677.67354983  122.28695636
  142.66811575  183.43043454  366.86086908  285.33623151  264.95507211
  285.33623151  305.7173909   163.04927515  163.04927515  264.95507211
  366.86086908 2066.1400335  2030.47300456 1327.32300549  957.91449149
  675.1259049   593.60126733  550.29130362  591.05362241  672.57825998
 1819.01847585 1146.44021587  392.16256741  298.79052755  298.79052755
  418.30673857  418.30673857  388.42768582  149.39526378  358.54863306
  448.18579133  567.70200235  418.30673857  567.70200235  448.18579133
  448.18579133  451.92067292  418.30673857  233.65312666  155.76875111
  233.65312666  155.76875111  233.65312666  155.76875111  155.76875111
  155.76875111  155.76875111  233.65312666  311.53750222  233.65312666]
