[ 1333.11128101  2619.52470318  1503.72913868  1263.70334864
  1481.67271473  1431.07268331 13197.52614204 10421.0115978
  6370.4142113   3804.60691913  1610.11291744  1261.39133803
  1334.94979618  1303.61934178  1185.10849253  1095.20371034
  1348.57173288  1729.98596036 13872.58033096 13414.88325799
 20427.45626896 25870.78217259 17588.64466157 10957.48587807
  7911.6208329   3926.5324944   1580.37019447  1154.60161074
  1306.87301395  1259.56539354  1261.04375667  1391.13971281
  1166.42851584  1190.08232605  1163.47178957  1880.47791148
 10253.92672484 15398.63044491 26125.63337389 80612.18518626
 58070.10405876 24458.03975428 17651.65586715 10901.44977926
  8609.98691543  3887.57863897  1233.09395321  1391.39655531
  1138.11239195  1486.37811657  1271.41984635  1248.09104183
  1218.09686459   926.48680809  1193.10171689  1353.07066217
  1029.80008525  1418.05804619  3992.55825931 15097.06921092
 18503.07467087 27834.59647894 57455.51284686 41271.98788257
 21782.43804913 16923.38133622 13457.38752179 11344.46436953
  9704.7826804   3738.84375618  1127.58779948  1240.34657943
  1175.06518051  1525.21086562  1287.82396046  1305.62797835
  1131.5442479   1416.40853409  1242.32480364  1258.15059732
  1000.98145007  1368.93115306  8336.23681933 13115.62650977
 16142.30955049 19893.02265192 24957.27662854 21206.56352711
 17534.97939406 13115.62650977 10733.84456139  7683.42283016
  7163.14986303  3362.8912999   1044.53441891  1475.08641109
  2252.11811296  5036.69401507  4078.77952359  3933.56376291
  4012.54075556  4631.61847213  1821.56612078  1411.39528799
  2313.26159114  2822.79057598  5469.79365218 10412.22480506
 11601.97498465 13568.7568661  16238.68874663 15581.3963562
 13752.18730064 11418.54455011  8440.34763376  5839.20216619
  5533.48477529  3305.37021105  2999.10992031  3992.58842442
  6065.44770932  6487.48932949  6188.69880194  2401.52886521
  3182.11911844  3331.51438221  3630.30490977  4205.47667531
 10390.44059565  9497.80389458  8829.26008918  6610.74042211
  2972.96574915  2024.9937644   2268.38243801  3757.92112048
  2969.34181799  4137.6074513   2346.26681356  2502.03556467
  2414.41564217  2034.72931135  5928.94808904  5013.80667629
  2735.68869133]
