[  2502.9323764    5207.91092549   3081.41216942   2485.88872278
   2840.08894268   2287.38090724  13405.1160145   20131.0278824
  15538.10195409   8377.49106789   3310.13061707   2633.12036329
   2761.16656823   2773.42631126   2566.37287348   2204.02935737
   2511.8851267    2706.67882145  11545.95354333  18460.4486101
  18547.62900495  19550.20354576  27636.18516836  31145.19606119
  17975.50766373   9567.96622883   3187.35092543   2533.91441845
   2841.41395114   2807.41159897   2739.40689463   2913.8537449
   2582.700402     2523.56587648   2294.4195901    3141.52166815
  10564.38298381  17018.91644411  15469.59187553  22701.74434639
  46728.10206439  59300.10218954  26078.32575348  21187.90049313
  16315.21559044   9091.56839015   2642.8202835    2921.09959456
   2452.85716098   3164.38569885   2894.43810368   2751.1325902
   2694.47692208   2401.2005224    2589.49730174   2854.44586736
   1982.94838422   2411.19858148   5185.6599762   14857.115793
  12307.61072758  15310.36113796  26714.81386197  85183.46336228
 602336.40196578  29074.35580487  17749.8875535   10271.3393616
  13510.71050355   7446.035925     2451.01979572   2690.38492508
   2498.49717675   3325.39489637   2880.2944492    3264.06994587
   2868.42510395   3216.59256484   2850.62108606   2787.31791135
   1986.13710646   2579.60436934   8814.96707806  14069.13057881
  11525.13424524  14164.08534087  20937.5250346   34136.23696117
 152307.43834693  21649.68575006  16561.69308292   9582.51807139
  11208.6183717    6376.75524519   2440.64383735   3179.46086536
   5100.38513818  12819.7492584    9691.24129152   9283.61810366
   9665.76484228  12315.31556342   4629.07082721   3176.91322043
   5243.05325393   6264.65886852   7788.15053317   9469.59618312
   9403.35741509  11805.78657858  15907.49490649  23122.42533172
  29267.34488881  17950.70613567  12050.3604913    8483.65759747
   9530.7396613    5919.78732714   5613.5270364    7899.27457218
  14834.949693    15806.01890754  15387.71216897   6099.06164367
   7264.34470113   7357.71674099   7055.19133184   7783.49324275
  10603.32884653  14932.05661445  19764.99339762  10065.50589693
   5647.14097075   4527.02932907   5792.65043182  10027.61335257
   7905.26411873  11264.02781449   6883.03168958   7048.53598763
   5948.41918293   3368.49924271  11653.44969226  13162.45946862
   5870.53480738]
