[1.66096736e+03 2.29646296e+03 1.16899047e+03 1.03405705e+03
 1.40771882e+03 2.05643717e+03 8.85111319e+03 6.43009630e+03
 4.54102846e+03 3.27743797e+03 1.31315470e+03 8.99047822e+02
 9.61708731e+02 1.02845622e+03 1.06251106e+03 1.44392529e+03
 2.23535981e+03 3.79915814e+03 1.31043031e+04 8.56819818e+03
 5.80566942e+03 4.59059267e+03 4.04571520e+03 4.25140644e+03
 5.24580782e+03 3.85409270e+03 1.33052682e+03 9.74241308e+02
 9.25455324e+02 9.01801514e+02 9.52065861e+02 1.17677706e+03
 1.47540641e+03 1.76073050e+03 3.92209740e+03 9.58570659e+03
 3.22164895e+04 1.35181525e+04 6.40426911e+03 4.38926016e+03
 3.46971828e+03 3.02177425e+03 2.95081282e+03 3.35440596e+03
 4.45726486e+03 3.13605786e+03 1.24642470e+03 9.36484867e+02
 8.69831140e+02 9.36484867e+02 9.09823376e+02 9.66479044e+02
 1.10978456e+03 1.09978650e+03 1.25975544e+03 1.92795906e+03
 3.56264172e+03 1.10111957e+04 6.85776204e+06 3.04740841e+04
 8.23173531e+03 4.95903730e+03 3.91424013e+03 2.73780184e+03
 2.33454680e+03 2.15791442e+03 2.37120635e+03 3.41766986e+03
 4.46246704e+03 3.11570313e+03 1.20869499e+03 1.08011042e+03
 9.04048464e+02 9.99003226e+02 1.01680724e+03 1.05043706e+03
 1.03461126e+03 1.25815060e+03 1.56081890e+03 2.03757094e+03
 3.03657416e+03 6.52418344e+03 3.80610338e+04 1.66882994e+04
 6.74772278e+03 4.05733785e+03 3.07020397e+03 2.76951389e+03
 2.08307009e+03 1.97228954e+03 2.14835149e+03 2.55982213e+03
 3.96436132e+03 3.11576974e+03 1.53622989e+03 1.18975018e+03
 1.63558804e+03 4.15520887e+03 3.83420561e+03 3.62784637e+03
 3.70682336e+03 3.46479710e+03 2.24957047e+03 2.12983116e+03
 3.25589021e+03 5.79334456e+03 1.76246076e+04 1.20503605e+04
 5.63539057e+03 3.58198876e+03 2.50178732e+03 2.23428460e+03
 2.02792536e+03 1.90309076e+03 2.10945000e+03 2.78457590e+03
 4.24182880e+03 6.91326583e+03 5.58364798e+03 3.93656520e+03
 4.56029043e+03 4.95618788e+03 4.50800208e+03 2.52477996e+03
 3.60042586e+03 5.94593150e+03 8.97865535e+03 4.71715545e+03
 3.05513314e+03 2.07285928e+03 2.00563142e+03 3.99632331e+03
 7.27181446e+03 4.68279808e+03 3.21273049e+03 3.99157425e+03
 3.36849924e+03 4.21549183e+03 2.73568869e+03 6.90250278e+03
 4.61464925e+03 1.48953868e+03 2.96934182e+03 3.91368987e+03
 6.19180786e+03]
