[  2852.47542999   4748.61833266   3540.70476225   2893.2838475
   3372.03799087   3560.16631279  16871.86688469  20634.43332313
  12050.59209666   6402.31024701   3549.87670292   3214.7770602
   3025.43214013   2871.50425547   2664.45081769   2432.87789386
   3222.95022222   4229.61134403  19855.33492774  38501.0418769
  43546.60722901  21484.51855656  17016.52332035  11905.5726721
  13741.80973868   6581.67269016   2998.12044377   2593.04894397
   2902.0268398    2606.35421221   2761.58234169   2984.81517553
   2547.21968669   2737.92853149   2805.93323583   4483.87539741
  17131.27204259  39312.63256443 252906.53873577  68359.51149891
  28171.68795682  20413.23820884  14322.38208048  12234.93332969
  12128.49118376   5912.18560269   2332.88045202   2681.14617664
   2507.84648592   3016.08115582   2721.13841296   2589.49730174
   2399.53417922   2012.94256146   2602.82804718   3016.08115582
   2384.5370906    3229.37308287  10477.96591592  28847.73313239
  34419.98472636 161675.28069761  51443.34665337  27581.31231558
  17623.24547182  12710.86577714   9834.75744844   8764.96512687
   9574.80791236   4710.1518431    2114.72168008   2451.01979572
   2593.45193881   3246.26592798   2593.45193881   2597.40838723
   2294.74008316   2866.44687974   2660.71156194   2642.90754405
   2338.26101577   3072.18219754  13839.65657049  16427.17383667
  25155.09904951  38472.50442866  27821.74528407  23817.8194838
  12569.63662791   9578.56162297   9681.42928187   9178.96033263
   7719.03086593   4448.18803759   2071.23532335   2993.48278589
   4690.21430539  10177.84147204   8256.91719922   7706.6258956
   7902.79455476   8585.56339444   3770.51448776   2766.74238764
   4361.56811017   5181.90977575   8134.63024286  14985.24744394
  17787.65686052  25211.49416954  17553.2735275   15499.87171862
  12422.31665023   9235.2128501    9321.83277752   7907.88984461
   6539.80452033   7690.12120289   7085.0703846    8048.66983595
  12552.93703881  13157.98785711  12918.95543506   4776.91355925
   5639.67120756   5886.17339279   7174.70754286  10005.74779142
  16889.13456992  12171.97911618   9221.4226566    8082.2837703
   6610.74042211   4838.56683129   5091.69105184   9083.26529898
   6503.34535875   8761.99224982   4536.76487602   5870.53480738
   4848.30237823   5948.41918293   6717.52739153   6736.99848542
   6503.34535875]
