[  1569.11662741   3369.44311747   2025.29869325   1660.71897973
   1961.72429481   1482.97015143  10127.79090294  11780.72526245
   8521.56426474   5898.29858926   2266.69026617   1710.91524899
   1697.29331229   1796.73345017   1600.57756175   1502.49961754
   1754.50544641   1928.86623612   9331.0266366   11289.86113345
  12276.08935022  13371.29306056  15828.69044047  18019.09786115
  13458.47345541   7876.71879901   2211.63125438   1664.63689333
   1842.04046989   1689.76906668   1762.20886044   1760.7304973
   1642.46144626   1774.03576554   1627.67781489   2570.8734969
   8562.67929502  10017.38862276  10540.7291736   11803.25129341
  13512.23908088  18461.79886675  24753.71238187  28041.59200068
  17746.27110798   8418.36574543   1876.3024207    2022.94062054
   1621.35191415   2024.60696372   1714.66713223   1704.66907315
   1701.33638679   1489.71080293   2012.94256146   1942.9561479
   1539.70109833   2302.88627478   3965.89676843   9651.45969864
   8791.62661775   8821.62079499   9951.40147104  13684.01019427
  21349.18882233  25308.42021804  34113.37758123  32140.4272561
  22688.92873906   7685.40105437   1748.7502013    1798.20580654
   1590.49226453   2146.37326744   1764.57599498   1847.66141178
   1673.57768134   2118.6781285    2055.37495379   1958.44196752
   1701.27282027   2229.45868424   7780.35581643   8213.58691834
   7481.64396078   7384.71097451   8367.88840669  11525.13424524
  21072.04428085  36557.58339375 114642.0493958   38456.67863498
  27631.83575995   6888.83187494   1579.53985298   2091.61648274
   3110.67445241   6037.91847027   5327.12553643   5798.4398474
   6343.63586117   8093.86792407   3378.17716944   2766.74238764
   6552.54274495   7925.72335908   8096.415569     7049.33350517
   6534.70923048   6555.09038988   7113.02462827   9390.61919047
  20330.20649484  31315.65140784  92408.17668932  31733.4651754
  22225.65431842   4567.76018996   2939.3518148    4803.05773041
   8765.76710208   9340.93886762   9281.18076211   4956.18787578
   9460.45507864   9703.22238228   9550.09223691   6278.3359602
   5792.80135293   7215.7912404   19996.55605647  50615.11536744
   6338.09406571   3047.22619355   1956.84493579   4770.41800268
   4069.45862269   6483.87426487   6883.03168958   5714.76605627
   5471.37738266   2735.68869133   4439.40940657  11741.06961476
   4614.64925157]
