[2.41108165e+03 5.17677244e+03 2.96594030e+03 2.38209379e+03
 2.72461708e+03 2.20434496e+03 1.44690141e+04 1.87557450e+04
 1.41213011e+04 8.48646656e+03 3.18889538e+03 2.55547532e+03
 2.63039598e+03 2.65219107e+03 2.45603519e+03 2.14817942e+03
 2.45603519e+03 2.65219107e+03 1.20308945e+04 1.83242292e+04
 1.99479641e+04 2.58707822e+04 2.47374370e+04 3.29759844e+04
 1.96864229e+04 9.89911957e+03 3.05725497e+03 2.47330153e+03
 2.72314490e+03 2.62852966e+03 2.73940689e+03 2.78375779e+03
 2.45112608e+03 2.44077754e+03 2.22345816e+03 3.17700238e+03
 1.02775805e+04 1.48959870e+04 1.68001187e+04 2.58890953e+04
 3.68762901e+04 5.21566515e+04 2.71900548e+04 1.41331516e+04
 1.53690632e+04 9.01158392e+03 2.61449245e+03 2.81445363e+03
 2.35954194e+03 3.08273488e+03 2.66781543e+03 2.64282028e+03
 2.74779990e+03 2.01294256e+03 2.53617432e+03 2.77446139e+03
 1.98294838e+03 2.39786784e+03 4.60910524e+03 1.48837773e+04
 1.30841266e+04 1.85830591e+04 2.43552719e+04 5.51093016e+04
 7.31335359e+06 3.55131059e+04 2.19823992e+04 1.28208444e+04
 1.37306678e+04 7.43021013e+03 2.46684559e+03 2.62510353e+03
 2.49651895e+03 3.27593929e+03 2.73786231e+03 2.93172828e+03
 2.86842510e+03 3.12163780e+03 2.77149212e+03 2.77149212e+03
 1.95646374e+03 2.53212699e+03 9.64186480e+03 1.18139550e+04
 1.12086184e+04 1.38792211e+04 2.16417729e+04 3.20314064e+04
 1.38507346e+05 2.40789451e+04 1.53470634e+04 1.26012882e+04
 1.14618311e+04 6.39713640e+03 2.46102500e+03 3.09793623e+03
 4.83288242e+03 1.20452652e+04 9.19954582e+03 8.85306611e+03
 9.37788097e+03 1.16427373e+04 4.46602155e+03 3.15653206e+03
 5.22521974e+03 6.22644419e+03 7.42128966e+03 1.06389652e+04
 1.05982029e+04 1.14134493e+04 1.48425793e+04 2.49771108e+04
 3.03373558e+04 2.14002174e+04 1.04504395e+04 1.07816333e+04
 1.02695567e+04 5.83015017e+03 5.40063879e+03 7.59674916e+03
 1.39946013e+04 1.49283217e+04 1.45697731e+04 5.94966638e+03
 7.20458660e+03 7.32783769e+03 7.02531228e+03 7.66024215e+03
 1.03642964e+04 1.48162753e+04 2.09078672e+04 9.88623158e+03
 5.25871328e+03 4.83856683e+03 5.63688168e+03 9.63819147e+03
 7.82737974e+03 1.11082591e+04 7.35033794e+03 7.28218911e+03
 6.33784106e+03 3.52426799e+03 1.07091016e+04 1.45643782e+04
 6.18207231e+03]
