[  861.10058821  2557.24774144   939.34417291   783.65176856
   969.18521708  1044.43654585 10021.4010933   7016.53768936
  5198.82886857  4109.73830111  1017.55867117   746.48213093
   776.45039166   787.34794102   723.32483854   711.06509552
   920.84292063  1423.49238471 13060.7129039  10036.64295744
 13284.11266571 15518.11028381 12346.92342104  9183.90972028
  7647.355261    4257.6858373    950.5874977    700.74412739
   771.70555801   736.2248427    725.87630073   795.35936822
   690.39558542   725.87630073   817.53481529  1593.67546271
 13606.85432171 32973.41142889 20229.92117974 15463.67842298
 12897.2400155  11276.9540163   7992.03112377  7876.71879901
  7610.61343418  3499.32067803   789.84666733   841.50330591
   681.53436063   856.50039453   748.18808783   684.86704699
   694.86510607   549.8932494    671.53630155   841.50330591
   721.52659695  1083.12306701  3897.57669805 24881.83636396
 32500.35738298 21509.15776761 16956.70819982  9578.14059872
  8638.32304519  9948.06878468  9061.57421291  7858.47443694
  6911.9915107   2623.12530195   714.13893967   745.79052703
   698.313146     888.22267012   729.96473335   716.11716388
   621.16240182   795.24613227   716.11716388   747.76875124
   682.48735232   987.1338806   7093.91201569 13151.23454554
 18532.0043957  15501.36490657 10500.41410465 10555.80438252
  8419.32223614  8166.1095373   6033.58383934  5645.85189425
  6255.14495081  2173.14112031   657.29239043   861.10398437
  1306.9418461   2741.2659384   2193.52227971  2111.99764213
  2188.42698986  2397.33387364  1041.98677398   838.17518005
  1411.39528799  1778.25615707  3622.75108216  7337.2173816
 11744.6431004   9917.98168978  8855.6137564   7709.17354052
  7887.50868522  7008.57118638  5757.67752861  3666.06104587
  5844.29745604  2222.25454867  1886.11520518  2341.77075969
  3238.14234235  3395.00736932  3185.85400003  1262.38997891
  1949.60819228  2244.66383824  2547.18924739  3126.09589452
  7417.4748465   5352.08532479  5792.80135293  3787.16993673
  2013.10117939  1401.91875997  1100.1168047   1956.84493579
  1567.42305802  2180.76251551  1401.91875997  1489.53868247
  1479.80313552  1022.23242915  2570.18439328  2969.34181799
  1723.19180913]
