[ 1845.94452021  2757.05299369  1774.89340959  1764.51391596
  2348.36043227  2567.62723507 11064.54020245  7955.88186226
  5534.86497463  3923.11776838  1829.42609824  1349.93392655
  1521.57032892  1456.18503278  1589.6800124   1829.42609824
  3398.67320559  5006.06173569 17354.3473504  11529.60721929
  7451.19937258  5721.21341222  5010.1483167   5149.092071
  6285.16159142  4282.81801065  1735.59832396  1342.35372926
  1450.27423833  1343.8320924   1488.71167992  2068.23003
  1855.34573813  2034.22767782  3695.90784488 10939.88722085
 47816.17733393 25510.6343085   9328.47140048  5781.87823253
  4445.43795582  3783.13127002  4043.3231823   4031.4962772
  6490.01417561  3925.90453211  1501.37520519  1486.37811657
  1579.69333465  1554.69818695  1378.06580987  1596.35676645
  1298.08133723  1314.74476903  1729.66422085  2101.25875
  3281.02972145  7798.48608246 62761.14953202 88329.51928615
 13620.68915343  7051.96433782  5095.67744448  3580.97149385
  3031.07824444  3069.40413758  3642.62619151  3512.65142347
  5535.592044    3736.86553197  1606.31805821  1606.31805821
  1622.14385189  1556.86245297  1400.58274041  1418.3867583
  1273.97639099  1576.64469507  1655.77366345  2053.39672958
  2862.49043132  5491.5504059  25519.09230408 31327.15858352
  9867.38235758  5376.81340174  4261.09494752  4282.85541382
  3070.20397333  2975.24921127  3948.5355224   3402.54564054
  5155.25229027  3566.70289383  1599.92101238  1762.97028752
  2435.5485475   5423.93604355  5021.40814553  4631.61847213
  4690.21430539  4631.61847213  2578.21666326  2313.26159114
  3584.5364083   5691.43876059 13752.18730064 49668.88544153
  7884.96104029  4792.12010235  4162.85180609  3729.75216898
  3072.45977854  2927.24401787  5347.50669582  4448.18803759
  4776.83423281  7779.75836116  6304.48013136  4896.42977027
  5856.29434003  6577.12648776  5800.27111612  2853.44953813
  4052.34652993  6218.57785469  9281.18076211  6517.36838225
  6151.34998599  4687.27640098  4982.33204694  5228.83423217
  7873.13040102  4760.68245573  3290.61486715  4614.64925157
  3602.15236937  4449.14495352  2657.80431578  7204.30473874
  5549.26175822  2190.49806245  3280.87932021  3991.57424714
  6581.22973431]
