[  1764.2994274    2640.28369043   1639.95999248   1629.58049886
   2201.75008484   2401.55533709  10459.93469889   7496.58926943
   5209.2083622    3705.16678125   1653.70311487   1239.59623931
   1378.53999361   1336.31198985   1446.64967709   1709.55305532
   3112.61253498   4655.97796261  16084.78285036  10608.76429866
   6988.05352493   5380.66499483   4681.85964233   4833.06313966
   5936.44001201   3973.84011482   1593.67546271   1235.91158333
   1354.18063436   1247.73848843   1357.13736064   1927.78553189
   1689.76906668   1892.30481658   3695.90784488  14535.26637235
  44197.14437222  21081.4583472    8329.09791922   5329.49911232
   4112.80624978   3485.98027929   3412.06212239   3746.17219157
   5659.17409208   3617.63104381   1408.05998711   1364.73506443
   1459.71662569   1433.05513481   1258.08910091   1503.04154837
   1218.09686459   1234.76029639   1528.03669607   2101.25875
   3442.66500991   8698.31139967 107925.7150831   63560.99425843
  11687.73106461   6353.76654539   4627.4350109    3234.37211241
   2722.80475614   2827.78437648   3510.98508029   3136.05786479
   5132.33699444   3436.17545211   1477.73348458   1556.86245297
   1271.99816678   1398.6045162    1301.67152993   1321.45377203
   1226.49900996   1481.689933     1527.18908983   1990.09355488
   2909.96781235   5841.696091    28185.73853864  23881.12265851
   8787.27193912   4917.86538511   3723.0179625    3376.82872582
   2385.7383968    2322.43522209   2595.43016302   3291.7650848
   5139.42649659   3403.65361868   1498.01521541   1579.53985298
   2249.57046804   4873.64473993   4509.33151577   4221.44763934
   4259.6623132    4160.30416116   2354.02390993   2190.97463478
   3480.08296641   5732.20107937  14119.04816972  37633.81081977
   7189.45397599   4361.56811017   2952.72046711   2685.21775007
   2537.45434447   2394.78622872   3357.79601005   4015.08840048
   4672.38079092   7536.99105752   6005.68960381   4414.63004459
   5254.97840333   5830.15016887   5169.07612666   2614.41711609
   3839.45827905   6125.20581483   9217.687775     5889.90827438
   3690.06301528   2405.2637468    2427.67303637   5710.63395785
   7634.09797897   4371.26057797   3125.1105691    3991.57424714
   3212.7304916    3981.8387002    2112.6136869    7437.9578654
   5315.60863156   2112.6136869    2959.60627105   3524.26799382
   6337.8410607 ]
