[ 1467.0602614   3266.94561794  1659.42154303  1389.55470882
  1638.66255578  1691.8574606  15387.59929655 19004.85282428
 10358.73463606  4669.59989931  1773.57615779  1382.62657462
  1390.79973664  1390.79973664  1283.18643674  1236.87185198
  1535.19226561  2146.81722325 17087.35739116 23157.29238279
 25565.65079061 22579.72226689 16711.39193836 11753.0069811
 11507.81212058  4841.63927679  1580.37019447  1295.04610885
  1377.83444457  1295.04610885  1333.48355043  1402.96661792
  1249.21685157  1274.34902491  1306.87301395  2378.68628897
 19603.09520925 20750.3050043  75928.73076523 68690.66484181
 23222.12817095 11442.53068775  9686.23527986  8615.90036799
  9059.40930937  3725.94335051  1219.76320777  1393.06289849
  1231.42761003  1513.03960745  1298.08133723  1261.42178727
  1204.76611915   953.14829897  1208.09880551  1446.38588025
  1164.77388283  1606.35482553  5960.50955491 20109.4294964
 29447.6166772  44737.981697   27687.9582791  16743.41627277
 12900.82889966  9408.17359436  8868.27840403  7348.57342386
  6807.01189035  3006.90079862  1095.93621213  1256.17237311
  1222.54256154  1556.86245297  1240.34657943  1226.49900996
  1052.41527952  1368.93115306  1258.15059732  1273.97639099
  1111.76200581  1527.18908983  9388.65209885 15627.97125598
 19299.55538904 26421.16254366 20652.66074842 18658.61074512
 11552.82938417  9863.42590916  7657.70591543  7238.32238299
  5299.66265757  2830.43351075  1044.53441891  1416.49057784
  2208.80814925  4483.85506653  3648.2275314   3523.39293012
  3581.98876338  3974.3260817   1717.11267889  1370.6329692
  2129.8311566   2598.59782265  4629.07082721 10618.58404392
 12279.64853448 16437.40505071 14185.28693775 12712.74817158
 10348.53368196  8723.13622034  7846.74636643  6392.04111473
  4899.12118917  3305.37021105  2909.47276205  3723.67694963
  5374.49461436  5706.89907626  5467.86665422  2132.61739041
  2995.37503872  3092.48196017  3570.54680426  4384.75099184
 10091.6500681   8866.60890513  7507.11200476  5620.99679959
  2943.08669639  2024.9937644   2034.72931135  3368.49924271
  2735.68869133  3592.41682243  1956.84493579  2268.38243801
  2112.6136869   2190.49806245  3972.10315325  3991.57424714
  2735.68869133]
