[  2502.9323764    3911.77165928   2642.87856383   2632.49907021
   3287.70460518   3758.67412834  14744.07069191  10986.69400027
   7455.07129494   5305.744343     2870.1420618    2522.78267606
   2421.98034451   2641.29352531   2575.90822917   2465.57054193
   3968.07015948   6563.04910002  25903.47482066  19686.42291271
  12973.53250904  16221.00221731  10287.28659264   7475.71885863
   8698.96877391   5710.91680191   2508.7822451    2022.40077272
   2187.97744417   2201.28271241   2428.95063566   2638.87820124
   2427.47227252   2594.52730711   3590.94406209   7873.76207273
  41725.32120556 100859.84672365  42269.35884033  18846.17328262
  15487.33223319  12849.93239508   9541.35569234   8686.86179861
   9680.32182731   5092.34475812   2091.26069092   2237.89889076
   1996.27912966   2534.5079768    2264.56038164   2159.5807613
   2009.6098751    1864.63801843   2347.87754064   2706.14132434
   3067.7377944    5303.97034198  18283.11737111  97047.82680398
  69026.59988887  19416.23073352  14617.16237508  10274.67204796
   7428.5578965    5603.91211438   6005.50082077   7401.89640562
   7545.2019191    4549.91568212   1877.33477493   2403.54241469
   2100.87411061   2433.21577783   2130.54747376   2071.20074747
   1897.11701702   2387.71662101   2229.45868424   2532.12698831
   2672.58090719   4314.50700118  16830.73157543  32537.8317998
  24640.76075501  13970.21936832  11485.56976104   9234.3506105
   6490.55363176   4947.53874826   4520.24231898   6124.58215298
   7147.32406935   4346.28224063   1989.71068577   2583.3119531
   3686.44220527   8004.70035173   6825.14075184   6374.20760026
   6534.70923048   6845.52191123   3217.67553922   2723.43242393
   4076.23187866   5528.38948544  10330.70016749  22011.65214479
  17869.1814981   11989.21701312   7133.40578766   6045.56140504
   6104.1572383    5082.55162371   4015.08840048   5551.31828976
   7668.41122174   8773.23686527   7566.87011027   6756.40080429
   8799.38103643  10005.74779142   8564.08349598   3873.0722134
   5012.2110997    6487.48932949   9819.0037117   12347.51855112
   7682.6514397    5198.95517942   5852.55945844   6521.10326384
   8082.2837703    5237.724256     4458.88050046   6892.76723652
   5169.57542739   6805.14731403   3202.99494466   7749.49536762
   4692.53362713   4225.2273738    4604.91370463   5091.69105184
   7749.49536762]
