[  1876.56143002   3746.99719801   2109.63207894   1786.57033991
   2118.71413586   2203.04752155  16202.38954598  19425.22231602
  10945.17602578   5207.66639879   2244.89516746   1853.94558429
   1829.42609824   1829.42609824   1656.4275022    1535.19226561
   1984.71617657   2706.67882145  18623.91185045  28497.09156753
  26219.503752    24464.99830559  17980.95643841  13458.47345541
  12058.13836309   5425.59271628   2020.92240958   1652.80998823
   1771.07903927   1652.80998823   1750.38195534   1853.86737499
   1571.50001564   1677.94216158   1722.29305571   3069.08187439
  20507.85344967  28703.89868648 103650.99632811  78010.26606346
  26693.32481887  16155.55237154  11064.06972443   8781.47703944
   9630.05748062   4262.50585447   1528.03669607   1767.99011399
   1608.02116871   1916.29465702   1674.67489591   1636.34900277
   1539.70109833   1234.76029639   1583.02602101   1862.97167525
   1473.04737113   2061.26651368   7395.2310329   19949.46055112
  32340.3884377   87556.33605062  36006.34343373  19156.28119743
  11531.09480569   8471.68872719   9834.75744844   8045.1048731
   7638.51713718   3372.8722774    1351.12713517   1590.49226453
   1574.66647086   2001.96290013   1606.31805821   1608.29628242
   1402.56096462   1752.70664972   1639.94786977   1624.1220761
   1446.08189723   1942.61617385  10963.3185697   19323.29407955
  21396.47305123  48189.5417463   20589.35757371  21847.50817102
  11489.52620946   9012.78949902   7976.20001318   7269.97397035
   5760.58889841   3220.22318414   1332.41829534   1885.25724388
   2845.71938029   6060.84727459   4899.12118917   4631.61847213
   4730.97662417   5225.21973946   2231.73695357   1740.0414832
   2703.05126454   3253.34256816   5632.84292733  11642.73730344
  15204.34490742  16360.97570299  16238.68874663  13573.85215595
  10348.53368196   8827.58966223   7311.74093235   6679.92499116
   5288.91086257   4448.24397894   3992.58842442   4892.69488868
   7357.71674099   7749.8793084    7510.84688636   2823.57048537
   3656.44908093   3783.43505514   4530.41137402   5919.78732714
  11477.29113962   9949.72456751   8078.54888871   6099.06164367
   3876.807095     2725.95314439   2891.45744244   4780.15354962
   3835.80549603   4994.3355824    2657.80431578   3134.84611605
   2813.57306689   3212.7304916    4760.68245573   4692.53362713
   3757.92112048]
