[ 1652.03742479  3610.76634421  2140.77055981  1745.05236542
  2046.05768049  1588.06252437 11256.56083448 13363.59804001
  9837.16508149  6206.15435859  2409.72060148  1832.15048558
  1840.3236476   1896.17358805  1700.01769963  1589.6800124
  1852.58339062  1994.25153226  9835.03829434 12581.22073221
 13414.88325799 16705.94316368 19828.09105435 20171.36385908
 16967.48434824  7758.44974797  2319.55176345  1784.38430751
  1985.44169427  1843.51883303  1858.30246441  1914.48026365
  1762.20886044  1821.34338596  1686.8123404   2581.22203886
  9301.860864   11421.83360382 12116.66427866 13062.81668695
 17651.65586715 27166.40102301 28325.43772316 29366.20537228
 18698.33696882  7641.84982354  1944.62249108  2131.25292724
  1767.99011399  2211.23739988  1874.63607752  1864.63801843
  1887.96682296  1596.35676645  1959.6195797   2089.59434774
  1566.36258921  2302.88627478  4194.18578409 10967.87081085
 10454.6371114  11211.15691513 13380.73573551 18136.47917127
 22848.89768434 46604.28605861 44044.78293411 30913.99867561
 17743.22218078  6777.39614215  1798.20580654  1908.98636228
  1717.09861395  2336.28279156  1908.98636228  2007.89757276
  2134.50392218  2261.11027159  2150.32971586  2053.39672958
  1685.44702659  2181.98130321  8130.50150153  9792.20983761
  9582.51807139  9788.25338919 10911.88474025 16561.69308292
 22409.32384656 96252.47714319 65930.25645816 28525.9931027
 17891.05975179  6027.72789058  1640.68333116  2234.28459849
  3317.03369126  7209.83513539  6557.6380348   6455.73223783
  6960.16593282  8830.13730716  3767.96684284  2766.74238764
  6328.34999163  7576.69600447  8236.53603983  8690.01683633
  7744.84056946  8152.46375733  8939.6860389  12651.6046934
 19917.48801712 37633.81081977 39427.35284638 24691.77460501
 17344.36664372  4956.18787578  3301.63532946  5344.6155616
  9998.27802824 10513.69168826 10364.29642449  5135.46219231
  8799.38103643  9426.84114429  8646.25089106  6457.61027673
  7025.31227908  8537.93932482 21445.6901151  23679.14930856
  5740.51301061  3271.14377327  2424.15118912  5636.88168072
  4770.41800268  7350.3379429   6805.14731403  6104.18793404
  5247.45980295  2813.57306689  5305.87308461 49923.88473008
  4614.64925157]
