[  2163.59495942   3400.58159834   2234.18600242   2192.66802792
   2869.92998684   3142.39169446  13114.49019305   9626.98033562
   6588.38357739   4636.90725124   2355.2328547    1821.25293622
   1960.19669052   1961.55888419   2280.31220287   2366.13040405
   3705.16678125   7810.81850135  21348.2991896   15300.15929668
   9666.12627931   7279.56297021   6293.33475344   6247.02016868
   7404.88478782   5138.79026752   2105.18910844   1676.46379844
   1997.26859937   1782.90594437   2226.41488576   2248.59033283
   2118.49437669   2284.07104814   3626.4247774    8849.48174378
  59181.8331385   55018.76254203  14564.83363511  10159.31148401
  13252.0471686    8849.48174378   6803.42716086   5520.20795711
   7894.45915666   4597.44083366   1782.98720261   1914.62831384
   1701.33638679   2011.27621828   1821.31309575   1837.97652755
   1673.00855273   1596.35676645   1984.6147274    2344.54485428
   3174.38375793   5987.17104579  26701.48311653 197295.03251358
  24828.5133822   19042.96986119  13010.80754954   7618.52101902
   7658.51325534   6717.02935863   5522.26129856   6597.05264967
   7021.97016058   4231.42158437   1764.57599498   3408.48031317
   1748.7502013    1988.11533067   1924.81215596   1784.35823708
   1673.57768134   2039.54916012   1958.44196752   2371.89082733
   2720.05828823   4933.69117879  19726.85181831  53776.04691426
  19418.24884161  14259.04010293   8874.31380435   7529.12134181
   6330.31747078   5410.44321331   4633.00109893   4898.08314301
   6365.92550655   4060.94600912   1824.1137657    2277.5945622
   3171.81793059   6921.95125896   6147.46720201   5658.31937657
   5795.89220248   5841.74981111   2988.38749605   2560.38314879
   4076.23187866   5711.81991998  11337.01991254  18974.85939518
  16473.07207965   9874.67172606   6435.35107844   5225.21973946
   5615.00941286   5039.24166      5018.86050061   4649.4519866
   6621.32915791   8444.56728496   7025.31227908   6035.56865657
   7626.62821578   8560.34861439   7424.94460969   3484.64452758
   4709.68569055   6427.73122398   9878.76181721   9251.30170935
   6330.62430252   4747.03450649   5042.09015245   5889.90827438
   8171.92092857   5081.9555049    3991.57424714   6036.03910543
   4770.41800268   6094.4523871    3047.22619355   7126.42036319
   4692.53362713   3125.1105691    4215.49182686   5081.9555049
   7126.42036319]
