[  51.02818301  155.69240435   41.51797449   31.13848087   41.51797449
   51.89746812  877.06721117  688.93888925  459.29259283  208.41563145
   54.48774678   32.69264807   21.79509871   32.69264807   21.79509871
   32.69264807   43.59019743   98.07794421 1127.89635841  821.40278275
  611.62495764  513.54701343  449.52391096  512.18481976  599.36521461
  202.5357499    47.30762041   23.65381021   23.65381021   11.8269051
   11.8269051    23.65381021   23.65381021   23.65381021   23.65381021
   94.61524083 1284.69756688  913.62841925  592.82361832  428.72531001
  366.63405821  308.97789583  354.80715311  378.46096332  496.73001435
  213.29192704   39.99223632   39.99223632   13.33074544   39.99223632
   26.66149088   13.33074544   26.66149088   13.33074544    0.
   39.99223632   39.99223632   66.6537272   493.23758128 1016.46933981
  628.21137887  426.58385408  333.268636    241.6197611   214.95827022
  226.62267248  279.94565424  306.60714512  426.58385408  174.08373045
   31.65158735   15.82579368   31.65158735   31.65158735   15.82579368
    0.            0.           15.82579368   15.82579368   31.65158735
   31.65158735   47.47738103 1493.55927826  826.89771962  460.92624084
  332.34166722  253.21269883  189.90952412  189.90952412  205.7353178
  205.7353178   269.03849251  302.66830407  122.28695636    0.
    0.           20.38115939   81.52463757   40.76231879   40.76231879
   61.14347818   61.14347818   40.76231879   40.76231879   40.76231879
   81.52463757  550.29130362  573.22010794  366.86086908  244.57391272
  183.43043454  163.04927515  122.28695636  163.04927515  183.43043454
  224.19275333  264.95507211   59.75810551   29.87905276   59.75810551
   89.63715827   89.63715827   59.75810551    0.           59.75810551
   89.63715827  119.51621102   89.63715827  119.51621102   89.63715827
  119.51621102   89.63715827   59.75810551   77.88437555    0.
    0.            0.           77.88437555    0.            0.
    0.            0.           77.88437555   77.88437555    0.        ]
