[  1764.2994274    3819.65365338   2287.38090724   1879.98578252
   2201.75008484   1681.47796698  11775.53551564  13950.03942972
  10109.6267891    6535.80522663   2552.75093679   1964.28327153
   1972.45643355   2059.6368284    1821.25293622   1709.55305532
   1962.92107786   2070.53437776  10208.2793598   13393.08815927
  14161.36538891  17882.8784942   21756.95729047  22895.75119824
  17757.55667659   7974.29076611   2496.95534      1915.95862679
   2117.01601355   1975.0931523    2047.53294606   2081.53529824
   1939.61243699   1964.74461034   1794.73284947   2797.06305701
   9349.16848441  11755.943673    12140.31808886  14038.53635799
  19461.172348    27698.61175267  28703.89868648  31707.9325828
  22553.9080326    7801.81876882   2104.59143636   2304.55261796
   1889.63316614   2372.87268834   2009.6098751    2012.94256146
   2036.27136598   1664.67683683   2079.59628866   2224.56814532
   1661.34415047   2331.21410884   4329.15958167  11127.83975613
  10347.99114788  10887.88633821  13300.75126287  19856.14533304
  26714.81386197  57508.83582862  44631.33573348  30100.82320376
  19576.1996788    6809.04772951   1924.81215596   2067.24429905
   1875.35655072   2512.34474622   2053.39672958   2197.80709689
   2181.98130321   2437.17222625   2324.4134463    2181.98130321
   1796.22758233   2308.58765262   8530.10279187  10013.77094909
   8996.96370534   9918.81618703  11169.0538875   18025.57899804
  25978.04032071 178704.86220008  50959.05563977  27252.0167117
  15758.53405382   6129.63368754   1762.97028752   2379.50035917
   3622.75108216   8086.2249893    7192.00162092   6947.4277082
   7451.86140318   9405.90506002   3829.11032102   2909.4105034
   6389.49346981   7617.45832325   8340.98948172   8957.51955337
   7907.88984461   8628.87335815   9760.02770448  13594.23331535
  21767.07823207  41485.84994511  32293.94705872  24936.34851773
  15372.48947241   5079.4389684    3570.54680426   5736.77812901
  10808.74733422  11383.91909976  11208.37966482   5378.22949595
   9038.41345847   9665.87356633   8855.40426035   6700.37758037
   7929.15362493   9650.93403996  24926.59976109  23193.61470129
   5770.39206336   3358.76369576   2735.68869133   6113.92348098
   5169.57542739   8284.95044955   7272.45356735   6425.4609832
   5558.99730516   2969.34181799   5928.94808904  99029.98351684
   4858.03792518]
