[  1743.8881542    3641.90482508   2287.38090724   1890.36527614
   2203.04752155   1650.33948611  10815.43235549  12740.82842261
   9357.11350141   6336.92495087   2563.64848614   1975.18082089
   1952.0235285    2071.89657143   1852.58339062   1710.91524899
   1984.71617657   2115.48676885   9813.24319563  11812.94350256
  13022.57148115  14777.07692756  18160.76600279  19337.7013333
  15212.97890183   8163.52124777   2520.60915021   1949.96097896
   2140.66982375   1986.92005741   2071.18675627   2091.8838402
   1904.13172168   2012.05223075   1853.86737499   2856.19758252
   8944.09698461  10729.95965526  11590.36700155  12376.85619094
  14322.38208048  21459.91931051  28467.36058441  30891.87613065
  17509.73300591   8551.67319983   2144.58367268   2344.54485428
   1902.96391158   2372.87268834   2022.94062054   2012.94256146
   1996.27912966   1811.31503667   2294.55455888   2251.2296362
   1727.99787767   2584.4982722    4007.55534793  10241.34518436
   9544.81373512  10457.96979776  11614.41196469  14277.22836635
  21402.51180409  30087.49245832  40485.4739016   32726.98005546
  19789.49160584   7924.76618373   1988.11533067   2132.52569797
   1861.50898125   2543.99633357   2130.54747376   2213.63289056
   2023.72336644   2468.8238136    2452.99801993   2245.28447792
   1924.81215596   2452.99801993   8146.32729521   9040.48463796
   8134.45794995   8435.14802981   9926.72908386  13819.87432839
  20312.40618436  47255.81991936 135848.61292291  34705.96553354
  23944.42583322   7176.71575137   1824.1137657    2420.26267796
   3645.67988648   7388.17028008   6741.06846934   7130.85814274
   7678.60180143  10019.88748674   4096.61303806   3197.29437983
   7660.76828697   9255.59400949   9100.18766912   8096.415569
   7006.02354145   6965.26122267   8078.58205453  11663.11846283
  22470.22823114  36563.79995162  67726.59266401  28696.6724258
  21410.40794269   5348.35044319   3391.27248772   5736.77812901
  10808.74733422  11503.43531078  11354.04004701   5919.78732714
  10902.11937408  11260.66800715  10748.98922871   7182.17730605
   6270.86619701   8747.09269411  22939.64275287  39559.86584799
   6909.53094966   3280.87932021   2502.03556467   6026.30355849
   5091.69105184   8129.18169844   8061.03286983   6814.88286097
   6182.07230959   2901.19298938   4994.3355824   16754.87629104
   5325.3441785 ]
