[  891.71749802  2472.91435575   960.10316016   825.16974305
   989.94420432  1065.19553309  9061.29793315  6640.28104551
  4801.81323748  3902.68486334  1028.45622053   768.27722964
   809.14303973   798.24549037   723.32483854   711.06509552
   942.63801935  1423.49238471 11150.91737915 12357.82097039
 14771.62815288 15256.56909925 11535.05599397 10388.08892419
  7977.00612904  3950.18630461   962.41440281   712.57103249
   771.70555801   748.0517478    714.04939563   817.53481529
   690.39558542   725.87630073   829.36172039  1640.98308313
 10156.35475773 40850.1302279  39608.30519202 18988.09614386
 12370.94273838 10945.8006734  10851.18543257  8565.6360213
  7989.07439749  3337.68538957   789.84666733   828.17256047
   681.53436063   856.50039453   734.85734239   696.53144925
   681.53436063   536.56250396   658.20555611   841.50330591
   721.52659695  1083.12306701  3454.32941217 17529.93025374
 48803.85905623 23702.06539251 16176.85959157 12047.6611915
 10031.38594368 10151.36265264  7855.14175058  7175.27373314
  8011.7780095   2670.60268298   714.13893967   745.79052703
   698.313146     872.39687644   714.13893967   684.46557653
   605.33660814   763.59454491   700.2913702    747.76875124
   682.48735232  1002.95967428  6648.81156853 11556.78583259
 19552.76808787 16395.52224932 11900.99684506  8771.44614545
  7159.19341461  8482.62541084  7992.02580686  5248.22882812
  6352.07793708  2234.28459849   695.5070643    861.10398437
  1286.5606867   2720.88477901  2173.14112031  2109.44999721
  2168.04583046  2356.57155485  1041.98677398   817.79402066
  1411.39528799  1778.25615707  3581.98876338  9385.52390063
 10142.1744431   9510.35850191  7153.78694706  6048.10904997
  6845.52191123  7418.74201917  5204.83858007  3587.08405322
  4593.40379827  2285.74753578  1975.75236344  2252.13360143
  3238.14234235  3395.00736932  3185.85400003  1232.51092616
  1919.72913953  2188.64061432  2606.9473529   3484.64452758
  6031.83377497  3966.44425326  2577.06830014  2733.93332711
  2102.73833765  1401.91875997  1178.00118025  2112.6136869
  1567.42305802  2180.76251551  1401.91875997  1489.53868247
  1557.68751108  1324.03438442  2414.41564217  2901.19298938
  1878.96056024]
