[  1732.40681303   2505.35027333   1576.38559404   1576.38559404
   2087.57565499   2286.08347053   9917.60615707   7099.57363834
   4979.56206578   3540.34134723   1543.36542763   1185.10849253
   1260.02914436   1280.4620494    1348.57173288   1633.27020982
   2684.88372273   4444.83794383  15076.75953487   9862.28216773
   6530.35645195   5105.50187357   4473.44401089   4613.74995885
   5693.96953883   3771.30436492   1533.06257406   1224.08467822
   1247.73848843   1212.25777312   1274.34902491   1808.03811772
   1666.11525647   1927.78553189   3815.65525905  15771.17795567
  39963.11234512  18036.03028302   7569.21926632   4949.55978586
   3896.96523164   3318.9252447    3245.00708781   3556.94170991
   5016.08612707   3442.66500991   1341.40625991   1271.41984635
   1366.40140761   1353.07066217   1204.76611915   1434.72147799
   1204.76611915   1328.07551447   1436.38782117   2021.27427736
   3589.30320975   9488.158067   194042.33062619  48763.86681991
  10321.329657     5792.20889373   4330.82592485   3046.07533306
   2574.50021312   2546.17237906   2894.43810368   2989.41966494
   4890.71723334   3307.59087848   1366.95292885   1541.03665929
   1208.69499208   1319.47554782   1190.89097419   1273.97639099
   1163.19583526   1450.03834565   1671.59945713   1990.09355488
   3196.81032274   6126.56037719  30796.99449534  21261.95380498
   8069.17655103   4583.54549369   3467.82703946   3105.8120091
   2272.97961685   2053.39672958   2276.93606527   3165.15873539
   4678.50025575   3281.36666232   1536.22988927   1518.3963748
   2086.52119289   4646.90434168   4302.97227692   3976.87372662
   4076.23187866   3895.34908905   2394.78622872   2211.35579418
   3459.70180702   5734.7487243   15372.48947241  17303.60432493
   6718.13966502   4239.28115381   2766.74238764   2440.64383735
   2249.57046804   2045.7588741    2557.83550386   2906.86285847
   4180.68532056   7331.57256983   5912.31756395   4235.35572806
   5012.2110997    5557.50381248   4986.06692854   2554.65901058
   3779.70017354   6095.32676208   9311.05981486   5497.74570697
   3327.77950062   2252.13360143   2065.38952171   4627.51829547
   7540.72593911   4371.26057797   3056.96174049   3913.68987159
   3290.61486715   4137.6074513    2424.15118912   7291.92466124
   5315.60863156   1956.84493579   2803.83751994   3524.26799382
   6182.07230959]
