[ 1188.95666402  2578.00672869  1263.70334864  1034.05705222
  1241.64692469  1210.50844382  9917.60615707 10862.14007679
  6432.69117304  4243.23328073  1369.00463792  1031.18060787
  1115.63661538  1115.63661538   975.33066742   908.58317761
  1096.56590401  1434.38993406  8017.87193913 13894.37542968
 17403.38632251 21658.87934626 19424.88172816 20569.1244106
 10851.23477184  5092.96101025  1306.87301395   974.24130791
  1045.20273853   974.24130791   987.54657615  1068.85654874
   904.75824043   940.23895574   960.93603967  1522.71403209
  7708.18540128 10085.39332711 16226.51380216 28597.45654055
 83805.44956424 24410.73213387 20898.14131809 12950.46108846
 13033.24942419  5228.98489888  1153.10948057  1109.78455789
   883.16188541  1124.78164651   976.47710349   951.48195579
   934.81852399   711.52853787   924.82046491  1096.45381245
   841.50330591  1149.77679421  3429.33426447 10857.89216097
 15123.7307018  21509.15776761 28967.70984135 38805.79997615
 13843.97913955  6677.03712231  6595.38630649  6557.06041335
  8761.63244051  4692.34782521   937.67827536   985.15565639
   888.22267012  1127.58779948   985.15565639  1002.95967428
   860.52753118  1034.61126163   955.48229325  1018.78546795
   793.26790806  1129.56602369  7188.86677775 10314.46102895
 13147.27809712  8005.87337633  7764.53002275 10698.23652562
  7495.49153024  4729.9340852   4634.97932314  4820.93239884
  8565.71082765  3938.65905276   861.10398437  1148.9878608
  1757.87499767  3806.1815167   3031.69745976  2848.26702522
  3008.76865544  3543.77408951  1492.91992556  1105.67789709
  1923.47191774  2371.8574244   4443.09274774  9100.18766912
  6371.65995534  4160.30416116  4573.02263888  5248.14854378
  8684.92154648  3770.51448776  3933.56376291  3505.55941565
  7092.64346888  2640.56128725  2397.79398361  2700.31939276
  4530.41137402  4836.67166476  4567.76018996  1830.09198126
  2580.80318174  2730.19844551  2999.10992031  3215.73305279
  3510.78869875  4597.63924272  4171.86274096  3275.4911583
  2341.77075969  1557.68751108  1723.19180913  2979.07736494
  2190.49806245  3426.91252437  1956.84493579  2112.6136869
  1947.10938885  1479.80313552  9063.79420509  3524.26799382
  2112.6136869 ]
