[  2543.75492281   3985.72555135   2736.29400644   2684.39653833
   3320.14052276   3831.3305837   14930.90157713  11132.006911
   7582.22009183   5425.61738592   2947.78710096   2468.29492927
   2509.16073936   2784.32386061   2597.70332788   2487.36564065
   3946.27506076   6454.07360645  27265.66849024  20340.27587411
  14510.08696833  18019.09786115  12259.74302619   7715.46494448
   8897.84904967   5817.35894784   2522.08751335   2069.70839313
   2247.11196969   2295.89795324   2476.25825607   2675.83727969
   2439.29917762   2630.00802242   3577.63879384   7649.05087576
  40589.93831562 108097.91264707  43073.58838738  17320.50252425
  16581.32095527  13228.3933584   10517.07536339   8805.13084964
   9940.51373959   5172.32923076   2146.25001586   2291.22187252
   2036.27136598   2667.8154312    2331.21410884   2187.90859536
   2076.2636023    1946.28883426   2414.53126784   2774.46139472
   3067.7377944    5144.0013967   18389.76333463  95101.53796972
  70093.05952408  21995.72997618  15956.90229181   9014.91660387
   6410.42221351   6207.12834555   6032.16231165   7375.23491474
   7761.8265325    4581.56726948   1908.98636228   2419.36820836
   2148.35149165   2559.82212725   2209.67644214   2166.15550953
   1960.42019173   2437.17222625   2276.93606527   2563.77857567
   2688.40670087   4267.02962015  16450.91252719  33107.56037217
  26872.19766345  16553.78018609  10369.85130682   9997.94515541
   7159.19341461   4931.71295458   4360.006158     6411.42466337
   7432.18835554   4387.04455941   2030.47300456   2664.83659068
   3829.11032102   8269.65542384   7028.95234577   6578.01919419
   6718.13966502   7049.33350517   3299.20017679   2784.57590211
   4137.37535684   5548.77064483  10267.00904439  21440.97968178
  18730.28548246  12315.31556342   7380.52734531   6825.14075184
   7273.52625849   6208.61068019   4649.4519866    6272.3018033
   7400.9085047    8862.87402353   7596.74916303   6939.41000241
   9311.05981486  10453.93358275   8986.12511615   3966.44425326
   5161.60636347   6517.36838225   9848.88276446  12978.71354057
   8018.7907832    6069.18259092   5852.55945844   7301.69351707
   8142.04187581   5393.49300711   4468.61604741   7204.30473874
   5403.22855406   7038.80044069   3212.7304916    7204.30473874
   4926.18675379   4692.53362713   4916.45120684   5247.45980295
   7671.61099206]
