[ 1137.92848102  2410.63739401  1253.32385501  1054.81603947
  1252.02641831  1232.56486777 14972.41955162 15558.86094134
  8394.41546785  3365.98055752  1336.31198985  1031.18060787
  1050.25131924  1061.1488686    975.33066742   930.37827632
  1140.15610144  1588.31781873 16171.96324521 17577.74711221
 12363.26974507 13284.11266571 10834.88844781  8570.92256897
  7669.15035971  3641.20840878  1235.91158333   928.41205063
  1057.02964364   997.89511812   989.02493929  1058.50800677
   952.06586084   975.71967105   984.58984988  1725.24978199
 11942.21742838 14588.48744531 25652.55716975 84562.37149087
 20649.77631092 15037.90983925 12090.05374217  9041.66895172
  6182.51464292  3122.72711934   978.14344667  1136.44604877
   923.15412173  1164.77388283  1003.13859437   966.47904441
   949.81561261   738.19002875   926.48680809  1098.12015563
   894.82628767  1229.76126685  3121.06077616 13027.47098134
 19842.8145876  24455.25250988 32673.6570737  23508.76958363
 18236.45976207 13594.02766255 11581.08510109  8151.75083663
  6015.49887985  2943.59762391   858.54930697   985.15565639
   921.85248168  1190.89097419   985.15565639   971.30808692
   828.87594383  1082.08864266   971.30808692  1002.95967428
   872.39687644  1177.04340472  7523.18666918 12704.15587417
 16173.96113784 17756.54050553 18848.52026924 18658.61074512
 14579.51242489 11711.08732094  9602.30031349  8387.67064878
  6447.03269915  2725.98006886   820.34166558  1128.60670141
  1717.11267889  3541.22644459  2868.64818461  2766.74238764
  2845.71938029  3217.67553922  1368.08532428  1085.29673769
  1821.56612078  2208.80814925  4527.16503024  9757.48005955
 10679.7275221  12468.17425887 14475.71845911 13079.60904066
 10944.68259421  9482.33440774  8073.48676468  7314.28857728
  6641.7103173   2494.90090507  2158.76156157  2943.08669639
  4231.62084647  4474.3881501   4295.11383357  1710.57577024
  2521.04507623  2756.34261667  2999.10992031  3245.61210554
  8799.38103643  7757.34907159  7327.83768823  5258.71328493
  2341.77075969  1557.68751108  1411.65430692  2579.91994022
  1956.84493579  2881.7218955   1723.19180913  1723.19180913
  1869.22501329  1489.53868247  3660.56565104  3913.68987159
  1956.84493579]
