[ 1282.08309801  2567.62723507  1431.07268331  1201.4263869
  1428.47780991  1388.25727212 12777.15665029  9855.32919533
  6287.37826232  3761.0167217   1565.16052634  1185.10849253
  1269.56450004  1269.56450004  1151.05365079  1072.04641796
  1283.18643674  1653.70311487 12886.35211419 13458.47345541
 21037.71903293 26884.25426276 17899.22481823 10979.28097678
  7911.6208329   3926.5324944   1497.58185875  1129.4694374
  1235.91158333  1188.60396291  1190.08232605  1308.35137709
  1095.46708522  1119.12089543  1104.33726405  1856.82410127
  9446.74045151 14606.22780297 25226.78858602 61712.79083068
 58164.71929959 25557.94192892 19656.31628221 11640.63134824
  9133.32746627  3954.23236617  1193.10171689  1324.74282811
  1071.45866475  1419.72438937  1204.76611915  1206.43246233
  1164.77388283   898.15897403  1113.11724425  1298.08133723
   976.47710349  1338.07357355  3644.29253469 14803.79281124
 18069.82544406 26334.88761693 49936.97241864 33966.73938139
 21835.76103089 17083.3502815  13510.71050355 11234.48571965
  9728.11148492  3786.32113721  1080.11041845  1222.54256154
  1111.76200581  1446.08189723  1224.52078575  1242.32480364
  1068.24107319  1337.2795657   1179.02162893  1194.84742261
   953.50406904  1305.62797835  8478.66896242 12767.45904888
 15188.80548145 18460.78832416 24577.4575803  22860.35896635
 16237.26431255 14326.29972606 10397.54644575  7364.92873241
  6781.35259057  3424.03477808  1024.15325951  1393.56177352
  2208.80814925  4873.64473993  3974.3260817   3790.89564716
  3869.87263981  4468.56919699  1798.63731646  1350.25180981
  2231.73695357  2720.88477901  5385.72136969  9100.18766912
 11535.73621662 13589.1380255  15825.97026891 15173.77316833
 13711.42498186 11291.1623039   9507.81085698  5882.5121299
  5472.34129711  3185.85400003  2879.59370929  3873.0722134
  5912.31756395  6278.3359602   5979.54543265  2282.01265418
  3118.62613133  3297.90044786  3510.78869875  4056.08141153
 10722.84505755  9318.52957805  7566.87011027  6072.91747251
  2883.32859088  1947.10938885  2190.49806245  3680.03674492
  2891.45744244  3981.8387002   2268.38243801  2424.15118912
  2336.53126662  1956.84493579  5938.68363599  5091.69105184
  2657.80431578]
