[ 1003.97950063  1595.84714458   428.15411196   385.33870077
   489.133637     835.54923668  6910.14787972  5104.11598926
  3560.16631279  2434.24008753   490.38972105   295.5960263
   294.23383263   283.33628327   252.00582887   305.13138199
   471.31900967   995.76357246  9175.73655827  6048.13989292
  4240.50889339  3473.59385742  3124.87227801  3363.25617018
  4250.04424908  2545.74132355   462.72766218   283.84572249
   272.01881738   236.53810207   214.362655     248.36500718
   226.18956011   273.49718052   390.28786842  1058.50800677
 13801.99825592  7066.57579941  4282.81801065  3080.90877949
  2449.64771959  2224.93652262  2236.76342772  2556.08986552
  3481.54518988  2291.22187252   414.91945182   319.93789056
   226.62267248   279.94565424   226.62267248   188.29677934
   213.29192704   173.29969072   188.29677934   319.93789056
   359.93012688   748.18808783 22082.37982154  9731.44417128
  4634.10038362  2976.0889195   2304.55261796  1771.32280035
  1596.35676645  1568.02893239  1781.32085943  4357.48741573
  3282.69606463  2065.26607484   348.16746089   253.21269883
   237.38690515   269.03849251   221.56111148   205.7353178
   174.08373045   221.56111148   191.88774833   239.36512936
   316.51587354   684.46557653 12723.93811626  6334.2739192
  3422.32788264  2322.43522209  1732.92440763  1384.75694673
  1301.67152993  1256.17237311  1321.45377203  1891.1823444
  2674.5591314   1701.82680934   287.88387643   267.50271704
   346.47970969   733.72173816   552.83894854   532.45778915
   591.05362241   593.60126733   305.7173909    305.7173909
   550.29130362   774.48405695  3561.60760398  3854.58677026
  2476.31086629  1778.25615707  1271.27481716  1067.46322323
  1021.60561459  1041.98677398  1164.27373034  1454.7052517
  2787.12354704   896.37158266   657.33916062   571.43688394
   806.73442439   810.46930599   750.71120048   358.54863306
   746.97631888   926.25063541  1105.52495195   840.34835874
  1135.4040047    810.46930599   836.61347715   929.98551701
   810.46930599   467.30625332   311.53750222   545.19062888
   389.42187777   545.19062888   389.42187777   545.19062888
   467.30625332   311.53750222   545.19062888   778.84375554
   623.07500443]
