[ 0.          0.          0.          0.          0.          0.
 31.13848087 10.37949362 10.37949362  0.          0.          0.
  0.          0.          0.          0.          0.          0.
 65.38529614 32.69264807 10.89754936  0.         10.89754936 10.89754936
  0.          0.          0.          0.          0.          0.
  0.          0.          0.          0.          0.          0.
 59.13452552 35.48071531 11.8269051  11.8269051  11.8269051   0.
  0.          0.         11.8269051   0.          0.          0.
  0.          0.          0.          0.          0.          0.
  0.          0.          0.          0.         13.33074544 26.66149088
 13.33074544  0.          0.          0.          0.          0.
  0.          0.          0.          0.          0.          0.
  0.          0.          0.          0.          0.          0.
  0.          0.          0.          0.         63.30317471  0.
  0.          0.          0.          0.          0.          0.
  0.          0.          0.          0.          0.          0.
  0.          0.          0.          0.          0.          0.
  0.          0.          0.          0.          0.          0.
  0.          0.          0.          0.          0.          0.
  0.          0.          0.          0.          0.          0.
  0.          0.          0.          0.          0.          0.
  0.          0.          0.          0.          0.          0.
  0.          0.          0.          0.          0.          0.
  0.          0.          0.          0.          0.          0.
  0.        ]
