[  2667.4982666    5104.11598926   3205.9660929    2580.60160209
   2995.78134703   2496.26821641  13550.42892523  19046.37079877
  13493.3417103    8091.43039728   3386.41346257   2687.60811007
   2925.99200225   3277.437969     2796.58360364   2322.54020663
   2642.65571898   2817.01650868  11682.17291029  19288.6623612
  23375.24336993  21043.16780761  19566.54986979  20481.94401575
  20296.68567668   9638.92765945   3236.13690898   2547.21968669
   2853.24085625   2831.06540918   2845.84904056   3035.07952222
   2631.48638555   2607.83257535   2402.34009917   3188.82928856
  10682.65203484  19230.54769848  14564.83363511  20318.62296802
  71742.00635855  48159.15758193  18036.03028302  14807.28518973
  15268.53448877   9144.89137191   2762.79699246   2936.09668318
   2479.51865186   3164.38569885   2921.09959456   2831.11706284
   2679.47983346   2334.5467952    2617.8251358    3001.0840672
   2036.27136598   2532.84163362   5562.25353488  16603.44344565
  14857.115793    20596.00170496  27354.6896431  189296.58524952
  58255.35757327  22102.3759397   20915.93959553  13597.36034891
  13890.63674859   7147.32406935   2640.92931984   2658.73333773
   2496.51895254   3341.22069005   2975.24921127   3519.26086891
   3010.85724704   3200.76677116   2850.62108606   2929.75005444
   1908.98636228   2642.90754405   9388.65209885  13182.8861329
  10092.89991747  15085.93782255  24253.02880992  32791.04449863
  45530.80840857  15857.4452643   14551.81728595  10425.24158469
  11240.26995905   5946.203253     2173.14112031   3199.84202475
   5365.34021029  13293.61121429  10121.79328371   9507.81085698
   9951.10107379  12707.65288174   4756.45307342   3197.29437983
   5263.43441333   6328.34999163   7686.24473621  10228.79437052
   8501.49111194   8521.87227133  11683.49962222  16355.88041314
  24090.53040291  13482.13693868  11311.54346329   9551.1208207
   8875.99491579   6099.06164367   6151.34998599   8018.7907832
  15410.12145854  16642.63238469  16015.17227683   6069.18259092
   7118.68431895   7148.5633717    7144.82849011   8201.79998132
   8706.00899657  15260.72619476  18248.63147029  10065.50589693
   5437.98760146   3981.8387002    5714.76605627  10261.26647923
   7593.72661651  11497.68094115   6026.30355849   6104.18793404
   5325.3441785    3524.26799382  17601.86887519  10261.26647923
   5714.76605627]
