[  993.77386403  2536.4887542   1054.81603947   970.48265378
  1115.79556451  1241.64692469  9123.57489489  6871.22477863
  4844.62864868  3955.81041645  1148.32926345   877.25272321
   941.27582568   897.68562825   800.96987771   820.04058908
  1085.66835465  1653.70311487 11328.0025562  13371.29306056
 15561.70048124 15387.33969153 11932.81654549 10412.60841024
  8216.75221488  3997.49392502  1057.02964364   773.18392115
   866.32079884   878.14770394   798.31609449   879.62606708
   796.83773136   844.14535177   949.10913457  1902.65335854
 10395.84958608 44126.1829416  44611.08605085 21081.4583472
 12708.00953384 11395.22306734 11492.79503444  8852.43847006
  8086.6463646   3417.66986221   883.16188541   896.49263085
   761.51883327   989.80784893   828.17256047   764.85151963
   761.51883327   616.5469766    764.85151963   936.48486717
   828.17256047  1269.75350317  3830.92297085 18176.47140759
 60334.95386192 22422.31383026 14590.5008842  11777.71359633
 10514.62546588  9991.39370736  7228.5967149   7401.89640562
  8118.42397302  2783.36146293   777.44211438   824.91949541
   793.26790806   983.17743218   779.42033859   779.42033859
   684.46557653   844.70173751   811.07192594   858.54930697
   793.26790806  1161.21761105  6775.41791794 11968.25646819
 22607.14626752 17091.8571711   9416.34723778  7768.48647117
  7637.92367334  7685.40105437  7544.94713548  4595.41483894
  6494.51008018  2359.11919978   738.81702801   963.00978133
  1411.39528799  3049.53097423  2478.85851121  2315.80923607
  2394.78622872  2583.3119531   1184.65488974   919.69981762
  1554.06340374  1982.067751    4012.54075556  9981.67281288
 11719.16665116  9365.14274123  6743.61611427  5248.14854378
  6188.2295208   6865.90307063  5367.88785522  3627.84637201
  4550.09383456  2730.19844551  2278.27777259  2521.04507623
  3630.30490977  3843.19316065  3634.03979136  1411.78524269
  2099.00345606  2397.79398361  2939.3518148   4448.24397894
  6300.74524977  4776.91355925  2487.43114188  2763.81237986
  2431.40791796  1635.57188663  1333.76993136  2346.26681356
  1878.96056024  2492.30001773  1557.68751108  1801.07618469
  1713.45626219  1411.65430692  2570.18439328  3056.96174049
  2190.49806245]
