[  1662.24306139   3704.18178682   2161.52954705   1755.43185904
   2056.43717412   1598.44201799  11464.15070694  13576.37765929
   9920.20103048   6317.85423949   2420.61815084   1853.94558429
   1851.22119695   1917.96868676   1710.91524899   1589.6800124
   1863.48093998   2005.14908162   9922.21868919  12913.59598758
  13676.42444254  17054.66474309  20612.71460803  21528.10875398
  17316.20592765   7829.4111786    2331.37866855   1808.03811772
   1997.26859937   1855.34573813   1893.78317972   1938.13407386
   1774.03576554   1833.17029106   1698.63924551   2547.21968669
   9278.20705379  11469.14122423  12163.97189907  13252.0471686
  18840.25983006  28313.61081806  28798.51392731  28514.66820482
  20980.92965382   7668.51131442   1957.95323652   2144.58367268
   1781.32085943   2224.56814532   1887.96682296   1891.29950932
   1901.2975684    1569.69527557   1946.28883426   2064.59920004
   1579.69333465   2276.2247839    4287.50100217  10911.21514273
  10427.97562052  11207.82422877  12924.15770418  18509.74004359
  23708.73076523  49883.64943688  44791.30467876  29780.8853132
  17583.2532355    6793.22193583   1798.20580654   1924.81215596
   1732.92440763   2322.43522209   1924.81215596   2007.89757276
   2134.50392218   2261.11027159   2166.15550953   2053.39672958
   1669.62123292   2197.80709689   8209.63046992  10045.42253644
   9107.74426108  10108.72571115  11711.08732094  16909.86054382
  22662.53654539 127239.38116265  58223.09493749  28146.17405445
  17131.42165529   6048.10904997   1661.06449056   2254.66575789
   3357.79601005   7332.12209175   6618.78151298   6455.73223783
   6939.78477343   8748.61266958   3645.67988648   2725.98006886
   6144.91955709   7370.33676561   8134.63024286   8832.68495208
   8236.53603983   8216.15488043   9245.4034298   13879.56954685
  20248.68185727  39019.72965852  35493.78908347  24854.82388016
  16320.2133842    4926.30882303   3387.53760613   5404.37366711
  10028.15708099  10543.57074102  10364.29642449   5075.7040868
   8646.25089106   9217.687775     8437.09752177   6427.73122398
   7114.94943735   9109.37620877  22110.49903891  23260.84256998
   5620.99679959   3271.14377327   2502.03556467   5636.88168072
   4702.26917407   7428.22231846   6727.26293847   6104.18793404
   5169.57542739   2813.57306689   5461.64183572  90423.76001813
   4468.61604741]
