[  1939.0709542    4612.38747886   2454.75024191   1974.69866183
   2286.08347053   1828.0883144   13052.21323131  15911.76372453
  10903.65805128   8290.31067304   2717.5763708    2105.95141316
   2125.02212454   2169.97451563   1941.12597915   1776.30054513
   2050.10147271   2235.35981177  11415.18295105  15191.18380311
  17539.60568946  23985.5061339   27766.95576064  27592.59497093
  17670.37628174  10020.34534904   2628.52965928   2023.87913586
   2258.93887479   2105.18910844   2179.10726534   2331.37866855
   2071.18675627   2035.70604096   1853.86737499   2748.27707345
  10253.92672484  13370.31621964  15729.78378781  19366.55710717
  27698.61175267  33600.23739938  33458.31453814  31128.41423272
  21501.31347838   9491.49075336   2186.24225218   2397.86783604
   1969.61763878   2519.51088818   2142.9173295    2212.90374306
   2116.25583862   1717.99981859   2174.57784992   2291.22187252
   1688.00564135   2289.55552934   4367.48547481  11527.76211933
  13244.09559475  14883.77728388  18883.00091591  26294.89538061
  60654.89175249 123336.05681187  29660.90860424  22428.97920298
  19142.95045199   8019.72094579   1972.28953699   2102.85233482
   1956.46374331   2654.77688931   2211.65466635   2342.21746419
   2199.7853211    2532.12698831   2500.47540096   2245.28447792
   1748.7502013    2276.93606527   9004.87660218  10377.76420366
  11525.13424524  12130.47085338  15691.27443069  22733.75261693
  45325.07309077  75299.12631491  23311.39408614  19932.58713611
  17796.10498973   6949.97535312   1803.73260631   2481.40615614
   3829.11032102   9316.73748767   7663.31593189   7334.66973667
   7923.17571415   9917.98168978   3790.89564716   2787.12354704
   5408.650174     6511.78042617   7747.38821439   9018.66303155
  10142.1744431   10042.81629106  11505.16447753  18857.66772867
  27799.90141249  64261.79556715  19632.15178562  16967.31519494
  14557.24309668   5049.55991564   3988.85354283   6005.68960381
  11439.94232368  12104.75124748  11899.33275979   5198.95517942
   7802.16765072   8526.73468004   7507.11200476   6670.49852762
   7533.25617592  11720.05844326  24568.05112803  14961.93566721
   5228.83423217   3349.02814882   3056.96174049   6814.88286097
   5636.88168072   8528.33912316   6415.72543626   5958.15472988
   5237.724256     2969.34181799   7817.64419623  17377.95129547
   4780.15354962]
