[ 1260.39612023  2463.83229883  1420.69318969  1191.04689327
  1418.09831628  1357.11879125 14157.62930219 13389.54677407
  6601.35794442  3529.44379787  1521.57032892  1174.21094317
  1215.07675326  1215.07675326  1129.25855208  1051.61351291
  1272.28888738  1708.19086165 16700.494389   12668.40112706
 15692.47107352 14161.36538891 12630.25970431  9467.24600355
  7516.58466872  3629.38150367  1438.44733323  1093.98872208
  1200.43086802  1164.95015271  1178.25542095  1283.21920374
  1095.46708522  1119.12089543  1092.51035895  1819.86502282
 10942.84394712 15037.90983925 21844.29372638 98021.38949879
 33079.85357482 19697.71045008 14038.53635799 10209.5758307
  6682.20138354  3391.00837133  1113.11724425  1298.08133723
  1058.12791931  1353.07066217  1164.77388283  1166.44022601
  1123.11530333   871.49748315  1099.78649881  1298.08133723
   989.80784893  1351.40431899  3750.93849821 15843.59095557
 16996.70043614 25368.40857252 53642.91965099 28874.39462327
 17916.5218715  16303.50167325 12007.66895518  8744.96900871
  7421.89252378  3293.74330901  1000.98145007  1175.06518051
  1080.11041845  1382.77872252  1175.06518051  1147.37004158
  1002.95967428  1258.15059732  1131.5442479   1147.37004158
   953.50406904  1289.80218467  7444.05770079 12767.45904888
 15473.66976763 18524.09149887 22409.32384656 21657.5986469
 16261.00300306 12348.07551644 10619.10755723  8672.53493497
  8229.41271201  2993.48278589   942.62862194  1352.79945473
  2025.37771471  4277.49582767  3503.01177073  3360.34365497
  3398.55832884  3872.42028473  1594.82572253  1268.72717223
  2066.1400335   2494.14438076  5016.31285568  9365.14274123
 10924.30143482 13894.8554164  16320.2133842  14842.57932819
 12249.07679539  8888.73314041  7989.41448218  7561.41013492
  6662.09147669  2887.06347248  2606.9473529   3484.64452758
  5161.60636347  5437.98760146  5198.95517942  1983.22212663
  2819.83560378  2969.23086756  3241.87722395  3693.79789687
 10390.44059565  9438.04578907  7387.59579374  5288.59233768
  2644.29616884  1791.34063774  1878.96056024  3134.84611605
  2502.03556467  3436.64807132  2034.72931135  2112.6136869
  2180.76251551  1801.07618469  4449.14495352  4536.76487602
  2346.26681356]
