[  1969.687864     4738.23883904   2433.99125467   1953.93967459
   2254.94498966   1869.6062889   14240.66525118  17250.71840194
  11552.37640274   8178.61079214   2663.08862402   2062.36121574
   2081.43192711   2115.48676885   1930.22842979   1743.60789706
   2017.40882464   2257.15491049  11812.94350256  15518.11028381
  19860.78370242  28453.50137011  27418.23418123  24824.61743436
  15648.88087609   9520.65860841   2557.56822866   1986.92005741
   2176.15053907   2199.80434927   2167.28036024   2201.28271241
   2012.05223075   1988.39842055   1806.55975458   2606.35421221
  10277.58053504  13796.08480337  17208.14692576  23843.04068889
  29082.3596498   39880.3240094   34652.8319536   26515.92124231
  16315.21559044   8741.63632235   2117.9221818    2291.22187252
   1902.96391158   2439.52641554   2089.59434774   2172.91150674
   2062.93285686   1598.02310963   2106.25777954   2237.89889076
   1673.00855273   2129.58658406   4864.05574246  12787.51756342
  13350.74155827  15663.62589213  22475.63681202  30860.67569385
 144345.31162548  71692.74897689  30314.1151308   19469.55371528
  16570.11658205   7477.68751236   1877.33477493   2053.39672958
   1908.98636228   2543.99633357   2132.52569797   2308.58765262
   2134.50392218   2516.30119463   2263.0884958    2150.32971586
   1622.14385189   2150.32971586   8720.012316    11093.88136754
  12067.16767867  13594.3567685   15307.49893403  25281.70539892
  53934.30485103  41843.39848185  23754.5163091   16007.79030423
  13689.31153056   6111.80017307   1803.73260631   2399.88151856
   3666.06104587   8988.09129246   7130.85814274   6865.90307063
   7393.26556993   9097.64002419   3462.24945194   2580.76430818
   4690.21430539   5671.05760119   7214.93042524   9367.69038616
  10368.91484135  11189.25650693  11953.54998418  20702.16265377
  30622.69198847  28533.62315065  18893.33475761  10802.01447846
  11765.0242598    4776.91355925   3929.09543732   5826.41528728
  10692.9660048   11383.91909976  11148.62155931   4747.03450649
   6360.50335528   6636.88459327   6214.8429731    6278.3359602
   9762.98048779  11421.26791571  22170.25714442  11690.1793905
   4657.39734823   3047.22619355   3280.87932021   6503.34535875
   5325.3441785    7973.41294734   5481.11292961   5481.11292961
   4770.41800268   2735.68869133   7506.10669401  15576.87511079
   4147.34299825]
