[  2215.898847     4999.02361633   2798.57096818   2245.86293274
   2578.00672869   2078.49359807  14619.51676843  17582.86219788
  12133.62804565   8442.87636403   3045.86504517   2370.21698506
   2401.54743946   2456.03518625   2247.6195548    2026.94418033
   2292.5719459    2498.26319     12139.86998326  16003.05123018
  20694.4462282   28802.22294952  27069.51260182  25173.33901377
  16003.05123018   9804.5043309    2925.68065001   2295.89795324
   2522.08751335   2498.43370314   2570.8734969    2581.22203886
   2344.68393679   2332.85703169   2080.0569351    2927.15901315
  10372.19577587  14322.38208048  17610.26169929  25356.88454216
  31223.02947355  44208.97127732  35516.19602616  27426.59293529
  16315.21559044   8958.26093575   2387.86977696   2641.15394032
   2197.90665444   2829.45071966   2437.86007236   2536.17431998
   2437.86007236   1866.30436161   2442.8591019    2587.83095856
   1889.63316614   2357.87559972   4662.42821768  12924.15770418
  13380.73573551  16090.20974621  23602.08480171  33646.80149083
 210305.84006312  80810.97885793  28381.15704199  18503.07467087
  16836.73149085   7940.59197741   2132.52569797   2403.54241469
   2211.65466635   2959.42341759   2482.67138307   2692.36314929
   2534.10521252   2979.20565969   2660.71156194   2547.95278199
   1875.35655072   2451.01979572   9036.52818954  11699.21797568
  12130.47085338  14037.47899145  17922.71133914  28082.87087974
  59853.15168621  42413.12705422  24387.54805617  15980.0951653
  14073.08702722   6478.66104215   2050.85416395   2789.67119196
   4341.18695078  10893.72969573   8504.03875686   8195.77372104
   8865.8043361   11005.82607239   4157.75651624   3031.69745976
   5429.0313334    6552.54274495   7851.84165628   9818.62353773
  10638.96520331  11398.16339072  11749.73839025  24070.14924351
  32130.89778357  31488.89126268  19754.43874198  11520.45034708
  11973.93114358   5437.98760146   4500.53232126   6816.1589098
  12911.48567187  13669.66663554  13430.6342135    5677.0200235
   7208.32147721   7536.99105752   7055.19133184   7241.93541156
   9942.25480432  12892.8112639   23970.47007292  13281.23894972
   5228.83423217   3514.53244687   3835.80549603   7914.99966567
   6425.4609832    9618.72038091   6727.26293847   6581.22973431
   5714.76605627   3125.1105691    8908.02545398  18322.29934907
   4780.15354962]
