[  1711.99553982   2474.21179246   1555.62660679   1555.62660679
   2055.13973741   2254.94498966   9748.93938569   6995.77870211
   4906.90561042   3507.64869916   1532.46787827   1163.31339382
   1238.23404564   1258.66695069   1304.98153545   1588.31781873
   2586.80577853   4368.55509833  14815.21835031   9666.12627931
   6399.58585967   5018.32147872   4397.16116539   4579.69511712
   5628.58424269   3746.17219157   1509.40876385   1224.08467822
   1224.08467822   1188.60396291   1272.87066178   1760.7304973
   1666.11525647   1880.47791148   3792.00144885  15440.02461277
  39158.88279808  17184.49311556   7447.993489     4866.77145014
   3826.00380102   3283.44452939   3197.69946739   3509.6340895
   4874.16326583   3402.67277359   1353.07066217   1244.75835547
   1326.40917129   1326.40917129   1191.43537371   1421.39073255
   1204.76611915   1354.73700535   1434.72147799   2021.27427736
   3562.64171887   9648.12701228 230248.63524152  45911.08729573
  10051.38206184   5683.89658703   4264.17219765   2992.7523513
   2534.5079768    2479.51865186   2639.48759714   2976.0889195
   4850.72499702   3275.93929113   1366.95292885   1525.21086562
   1222.54256154   1317.49732361   1190.89097419   1258.15059732
   1147.37004158   1434.21255197   1639.94786977   1974.2677612
   3212.63611642   6189.8635519   31564.54548867  20565.61888319
   7879.26702691   4502.43830109   3388.69807108   3088.00799121
   2241.3280295    2067.24429905   2213.63289056   3006.90079862
   4502.43830109   3281.36666232   1536.22988927   1518.3963748
   2045.7588741    4565.3797041    4241.82879874   3936.11140784
   4035.46955988   3834.20561087   2392.23858379   2211.35579418
   3418.93948823   5714.3675649   15250.20251605  15657.82570392
   6514.32807109   4076.23187866   2725.98006886   2458.47735182
   2170.59347539   1964.23423653   2394.78622872   3092.84093794
   4160.30416116   7327.83768823   5826.41528728   4235.35572806
   4922.57394143   5467.86665422   4926.30882303   2554.65901058
   3749.82112079   6095.32676208   9281.18076211   5378.22949595
   3268.02139511   2162.49644316   2065.38952171   4358.60682068
   7510.84688636   4449.14495352   3125.1105691    3913.68987159
   3290.61486715   4059.72307575   2346.26681356   7369.80903679
   5471.37738266   1801.07618469   2803.83751994   3602.15236937
   6182.07230959]
