[ 1014.18513723  1512.8111956    407.39512471   397.01563109
   447.61566251   825.16974305  6554.65022312  4884.84918647
  3403.17647174  2323.9024003    457.69707298   307.85576932
   283.33628327   272.43873392   241.10827951   294.23383263
   405.93371353   941.27582568  8715.31509795  5783.87432102
  4053.88836066  3319.66597276  3003.63704142  3220.22583488
  4063.42371635  2414.16700428   425.76858373   307.49953269
   260.19191228   236.53810207   214.362655     248.36500718
   226.18956011   261.67027542   402.11477352  1023.02729146
 12418.2503588   6685.15810982  4034.45300347  2915.33210804
  2319.55176345  2118.49437669  2152.49672886  2448.16935645
  3304.14161332  2196.24031126   359.93012688   333.268636
   226.62267248   266.6149088    226.62267248   174.9660339
   199.9611816    173.29969072   188.29677934   306.60714512
   373.26087232   868.16479679 73052.48501178  8901.60526763
  4379.14987708  2827.78437648  2184.575909    1678.00758227
  1529.70303925  1526.37035289  1714.66713223  4155.85989095
  3081.06853984  1970.31131278   332.34166722   253.21269883
   221.56111148   253.21269883   221.56111148   189.90952412
   144.4103673    221.56111148   191.88774833   239.36512936
   316.51587354   716.11716388 13360.92631176  5968.30244042
  3232.41835852  2209.67644214  1637.96964556  1321.45377203
  1254.1941489   1208.69499208  1273.97639099  2352.10858524
  2625.10352616  1599.92101238   285.33623151   247.12155764
   346.47970969   733.72173816   573.22010794   552.83894854
   591.05362241   593.60126733   305.7173909    305.7173909
   550.29130362   774.48405695  3561.60760398  3671.15633572
  2354.02390993  1676.3503601   1210.13133898  1064.9155783
  1019.05796967  1001.2244552   1123.51141156  1449.60996185
  2705.59890946   929.98551701   687.21821337   571.43688394
   836.61347715   810.46930599   750.71120048   358.54863306
   717.09726613   896.37158266  1075.64589919   810.46930599
  1105.52495195   780.59025323   836.61347715   900.10646425
   840.34835874   545.19062888   311.53750222   545.19062888
   389.42187777   467.30625332   389.42187777   545.19062888
   467.30625332   311.53750222   545.19062888   778.84375554
   623.07500443]
