[  1825.53324701   4403.50016969   2245.86293274   1807.32932716
   2087.57565499   1743.75492872  13259.80310377  16166.0613183
  10337.97564881   7783.57462796   2476.46809129   1908.43333108
   1927.50404245   1961.55888419   1765.40299577   1611.47511111
   1853.94558429   2114.12457518  11371.59275362  15082.20830955
  18280.63904571  26132.32335715  27287.46358895  25827.19197516
  15692.47107352   9115.58710861   2378.68628897   1843.51883303
   2044.57621979   1914.48026365   1976.57151544   2091.8838402
   1868.65100637   1868.65100637   1664.63689333   2498.43370314
  10635.34441443  13441.27765026  16658.19583845  20082.08486594
  26882.55530052  34641.0050485   33552.92977896  26799.7669648
  19792.3256909    8471.68872719   1971.28398196   2117.9221818
   1781.32085943   2264.56038164   1929.62540246   1999.61181602
   1889.63316614   1516.37229381   1919.62734338   2076.2636023
   1539.70109833   2034.6050228    4609.10523592  11904.35567802
  13917.29823947  15370.34949244  22748.91709354  25868.31152653
  77131.69311646 113151.36729563  29394.29369544  21142.56226801
  16623.43956381   7303.60378191   1796.22758233   1956.46374331
   1780.40178866   2354.08680945   1988.11533067   2102.85233482
   1944.59439805   2276.93606527   2118.6781285    2005.91934855
   1543.0148835    2037.57093591   8941.57342747  10397.54644575
  12114.6450597   13847.56946733  17637.84705296  24522.06730243
  44692.0413437   52478.33183275  19869.28396141  16846.55736911
  15153.19744568   6071.03785429   1640.68333116   2254.66575789
   3418.93948823   8193.22607612   6659.54383177   6453.18459291
   6919.40361403   8442.89527868   3255.89021308   2397.33387364
   4486.40271146   5406.10252908   7031.4999907    9181.71230669
   9877.21937099  10965.06375361  12524.2224472   22755.56446264
  25293.01880711  46346.75646042  18485.71156974  10944.68259421
  13079.60904066   4508.00208445   3600.42585701   5467.86665422
   9968.39897548  10543.57074102  10364.29642449   4444.50909735
   6155.08486759   6786.27985704   6035.56865657   5860.02922163
   9367.08303878  12833.05315839  20482.09066374  10999.22629554
   4508.00208445   2959.60627105   2969.34181799   6104.18793404
   4858.03792518   7272.45356735   5315.60863156   5013.80667629
   4380.99612491   2579.91994022   7340.60239596  14875.9157308
   3991.57424714]
