[ 1292.28873461  2912.74539804  1431.07268331  1191.04689327
  1438.85730353  1451.83167056 14821.91689408 18589.67307934
  9940.96001772  4132.89559349  1554.26297699  1174.21094317
  1193.28165455  1204.17920391  1107.46345337  1051.61351291
  1315.87908481  1873.01629567 15910.42206065 17011.07454567
 26611.81552884 21043.16780761 12984.4300584   8682.62244988
  9884.07726644  4306.47182085  1401.48825478  1116.16416915
  1198.95250488  1117.64253229  1142.77470564  1246.26012529
  1071.81327502  1095.46708522  1127.99107426  2069.70839313
 17391.46395487 22607.12910557 44019.74079567 45651.85369997
 15558.29366381 12465.55797921  8680.94834606  8160.5645215
  8157.60779522  3257.70091693  1071.45866475  1231.42761003
  1044.79717387  1299.74768041  1111.45090107  1113.11724425
  1069.79232157   844.83599227  1059.79426249  1258.08910091
  1016.46933981  1391.39655531  4380.81622026 19089.62747023
 22735.5863481  35353.13690716 29354.30145911 18569.72839807
 14537.17790244 10751.24619745  8521.67902259  7241.92746034
  5800.54060963  2846.66463764   953.50406904  1082.08864266
  1048.4588311   1349.14891096  1066.26284898  1097.91443634
   923.83070589  1179.02162893  1084.06686687  1129.56602369
   953.50406904  1321.45377203  7859.48478481 12478.63831427
 15663.57929176 19639.80995309 18785.21709454 19172.94903962
 12957.368573   10310.50458053  9107.74426108  7048.41285887
  5236.35948286  2667.3842356    901.86630315  1250.89365777
  1882.70959896  3849.49148041  3136.15090165  3034.24510468
  3110.67445241  3462.24945194  1434.32409231  1187.20253466
  1923.47191774  2331.09510561  4055.85071927 10618.58404392
 10781.63331907 13854.09309761 14103.76230018 12712.74817158
 10720.48984089  9176.61701684  8419.96647437  6595.85270866
  4899.12118917  2823.57048537  2427.67303637  3301.63532946
  4649.92758504  4836.67166476  4657.39734823  1833.82686286
  2696.58451116  2819.83560378  3178.38423684  3634.03979136
  9669.60844793  8384.80917945  7660.24215013  5591.11774683
  2494.90090507  1713.45626219  1645.30743358  2891.45744244
  2190.49806245  3115.37502216  1801.07618469  1878.96056024
  1801.07618469  1645.30743358  3660.56565104  3680.03674492
  2268.38243801]
