[ 112.26200261  323.06173903   83.03594899   72.65645536   93.41544261
  136.23085381 1660.71897973 1305.22132313  908.20569204  471.31900967
  108.97549357   65.38529614   54.48774678   65.38529614   65.38529614
   76.2828455    98.07794421  196.15588842 2125.02212454 1533.83007194
 1126.53416474  941.27582568  844.56007514  939.91363201 1093.84151667
  464.20602532   94.61524083   59.13452552   59.13452552   47.30762041
   47.30762041   59.13452552   47.30762041   59.13452552   70.96143062
  178.88193969 2498.43370314 1674.9854353  1104.33726405  808.66463646
  653.43650697  606.12888656  640.13123873  711.09266936  925.45532436
  466.5760904    79.98447264   66.6537272    39.99223632   66.6537272
   53.32298176   39.99223632   53.32298176   39.99223632   39.99223632
   79.98447264   79.98447264  146.63819984  976.47710349 1861.30533207
 1176.43828509  776.51592189  614.88063342  456.57803132  441.5809427
  453.24534496  533.2298176   588.21914254  801.51106959  395.64484192
   63.30317471   47.47738103   47.47738103   63.30317471   31.65158735
   47.47738103   31.65158735   47.47738103   47.47738103   79.12896838
   79.12896838  158.25793677 2991.07500494 1513.34152036  860.52753118
  633.03174708  490.59960399  365.97147878  379.81904825  379.81904825
  365.97147878  492.57782819  621.16240182  267.50271704   40.76231879
   61.14347818   61.14347818  163.04927515  122.28695636  101.90579697
  142.66811575  142.66811575   61.14347818   61.14347818  122.28695636
  163.04927515 1041.98677398 1064.9155783   692.95941937  489.14782544
  308.26503582  267.50271704  264.95507211  305.7173909   346.47970969
  468.76666605  532.45778915  179.27431653  119.51621102  119.51621102
  209.15336929  179.27431653  149.39526378   59.75810551  149.39526378
  209.15336929  268.9114748   179.27431653  268.9114748   209.15336929
  239.03242204  209.15336929  179.27431653   77.88437555    0.
   77.88437555    0.           77.88437555   77.88437555   77.88437555
   77.88437555    0.           77.88437555  155.76875111   77.88437555]
