[  1845.94452021   4247.80776534   2349.65786898   1911.12426339
   2203.04752155   1743.75492872  12403.49487985  14868.62461539
  10799.86311505   7391.26285112   2618.13623293   2007.87346896
   2005.14908162   2081.43192711   1843.04803494   1700.01769963
   1973.81862722   2137.28186756  10867.58109588  13480.26855413
  16264.59241474  20650.85603077  24693.84684208  22982.93159309
  18847.31161226   8997.31805758   2522.08751335   1973.61478917
   2152.49672886   1986.92005741   2071.18675627   2153.975092
   1986.92005741   1952.91770523   1794.73284947   2641.83492752
   9872.50903525  12323.63511797  13831.56551868  16350.69630575
  24505.3473747   28928.60988345  32890.62309316  33564.75668407
  23310.82995923   8501.68290443   2131.25292724   2291.22187252
   1876.3024207    2372.87268834   2009.6098751    2039.60405234
   2009.6098751    1651.34609139   2079.59628866   2211.23739988
   1661.34415047   2302.88627478   4610.7715791   11557.75629657
  11581.08510109  12044.32850514  14457.1934298   22215.68727594
  34766.5841078   84676.89503556  43991.45995235  30794.02196665
  21829.09565817   7143.36762093   1924.81215596   2067.24429905
   1891.1823444    2512.34474622   2053.39672958   2197.80709689
   2039.54916012   2421.34643257   2373.86905154   2166.15550953
   1748.7502013    2308.58765262   8704.18652232  10013.77094909
  10187.85467953  10397.54644575  11169.0538875   20249.10300965
  31572.45838551 185541.60506852  40007.60641532  29412.2375486
  17922.71133914   6313.06412208   1783.35144692   2379.50035917
   3602.36992277   8496.39582209   7235.31158463   6988.19002699
   7472.24256258  10450.43947893   3648.2275314    2787.12354704
   5836.65452126   6983.09473714   8076.0344096    8751.16031451
   8318.0606774    8277.29835861   8939.6860389   15357.20360287
  23856.14706988  45572.27240347  27137.51373221  22296.98837629
  13777.66374989   4930.04370462   3630.30490977   5647.14097075
  10838.62638698  11413.79815252  11208.37966482   5198.95517942
   8466.97657453   9068.29251123   8313.84642916   6580.86136935
   6935.67512082   9587.44105285  26009.71542347  19234.64021121
   5497.74570697   3349.02814882   2891.45744244   6337.8410607
   5169.57542739   8284.95044955   6805.14731403   6182.07230959
   5393.49300711   2891.45744244   6182.07230959  35340.0354076
   5091.69105184]
