[  2000.3047738    3078.81729601   2014.91919962   1983.78071875
   2619.52470318   2850.4684363   12169.95627333   8874.46704793
   6118.71149094   4318.15393256   2168.61232197   1569.24710735
   1751.78105907   1729.98596036   1907.07113741   2093.69167014
   3628.88393575   5860.15716652  19457.57437623  13327.70286313
   8524.60798421   6489.49064186   5614.96230599   5699.41831351
   6857.28293265   4745.54567283   1949.96097896   1556.71638426
   1676.46379844   1581.84855761   1833.17029106   2139.19146062
   1986.92005741   2165.8019971    3697.38620802   9440.82699896
  53717.80298063  37940.71157241  11590.36700155   6759.07626672
   5388.63363784   4733.71876772   7019.268179     5425.59271628
   7584.00289769   4367.48547481   1649.67974821   1727.99787767
   1608.02116871   1836.31018437   1606.35482553   1704.66907315
   1539.70109833   1463.04931205   1864.63801843   2196.24031126
   3201.04524881   6765.35331085  37366.07946862 139866.1811576
  18283.11737111   9088.23570379   8608.32886795   6613.71608147
   5202.323408     5535.592044     8081.76442306   4719.0838858
   6955.31643338   4071.18542339   1701.27282027   1800.18403075
   1685.44702659   1827.87916969   1748.7502013    1671.59945713
   1450.03834565   1814.03160022   1814.03160022   2181.98130321
   2767.53566926   5030.62416506  22179.84983824 163702.00979433
  12478.63831427  10757.5832519   10721.97521613   8597.362415
   6650.78979274   5424.29078277   4361.98438221   4787.30258728
   5457.92059434   3834.20561087   1783.35144692   2111.99764213
   2845.71938029   6325.8023467    5757.67752861   5286.36321764
   5365.34021029   5288.91086257   2764.19474272   2397.33387364
   3849.49148041   5671.05760119  12259.26737508  25405.11518378
  12621.03295431  11107.73186936   6641.7103173    5268.52970317
   3913.18260352   3808.72916163   4055.85071927   3890.2537992
   5800.98749232   8231.67903408   6846.03796255   5617.26191799
   6875.91701531   7720.00025565   6819.89379139   3185.85400003
   4410.895163     6427.73122398   9609.85034242   7779.75836116
   7507.11200476   4597.63924272   3749.82112079   5919.78732714
   8171.92092857   5159.83988045   3835.80549603   5636.88168072
   4225.2273738    5471.37738266   2813.57306689   7749.49536762
   4692.53362713   2813.57306689   4283.64065547   4926.18675379
   7126.42036319]
