[  1784.71070061   4361.98219519   2213.42701517   1776.19084629
   2056.43717412   1702.23695422  13156.00816754  16036.31764801
  10379.49362331   7761.77952924   2432.87789386   1875.74068301
   1883.91384502   1917.96868676   1732.7103477    1589.6800124
   1821.25293622   2081.43192711  11328.0025562   14995.02791469
  17577.74711221  25347.69980347  26753.48367048  25522.06059318
  15823.2416658    9162.89472903   2331.37866855   1819.86502282
   2009.09550448   1867.17264323   1929.26389503   2056.40312489
   1821.34338596   1809.51648085   1663.1585302    2462.95298783
  10585.08006774  13441.27765026  16256.08106492  20365.93058843
  26031.01813306  34404.46694642  32559.46975026  27190.05483322
  19745.01807049   8581.66737707   1944.62249108   2102.92509318
   1741.32862311   2211.23739988   1889.63316614   1946.28883426
   1874.63607752   1489.71080293   1917.9610002    2036.27136598
   1513.03960745   2007.94353192   4394.1469657   11717.72524185
  13810.65227595  15850.25632829  21835.76103089  26401.54134413
  69826.44461528 109072.15919095  27901.25020614  21089.23928625
  16676.76254557   7382.7327503    1780.40178866   1908.98636228
   1732.92440763   2306.60942841   1940.63794964   2055.37495379
   1897.11701702   2229.45868424   2087.02654115   1958.44196752
   1511.36329615   2021.74514223   8894.09604644  10346.1126163
  11560.74228101  13305.53603389  16324.30617777  24585.37047714
  42919.55245188  54076.73699413  20700.13812945  15465.7568708
  15853.48881588   6213.70597004   1599.92101238   2213.9034391
   3357.79601005   8048.01031544   6575.47154927   6330.89763655
   6814.95017214   8300.22716293   3215.1278943    2376.95271425
   4486.40271146   5385.72136969   6970.35651252   8998.28187215
   9856.8382116   10679.7275221   12401.93549084  22307.17895599
  25782.16663255  49526.21732577  15693.49273286  11352.30578208
  13283.4206346    4448.24397894   3540.6677515    5434.25271987
   9845.14788286  10390.44059565  10155.1430552    4384.75099184
   6270.86619701   6790.01473864   6095.32676208   5770.39206336
   8948.77630021  12381.13248547  20370.04421591  11029.10534829
   4448.24397894   2959.60627105   2745.42423828   5948.41918293
   4702.26917407   7194.5691918    5237.724256     4935.92230073
   4380.99612491   2502.03556467   7106.9492693   14642.26260414
   3913.68987159]
