[ 1188.95666402  2421.01688764  1325.98031038  1117.09300121
  1314.30338005  1274.08284226 14697.3629706  14178.38828944
  7330.51737146  3398.67320559  1401.69728599  1096.56590401
  1126.53416474  1106.1012597   1020.28305851   984.8660231
  1194.64384822  1621.0104668  15823.2416658  14204.95558634
 14466.4967709  12978.98128372 11665.82658625  8965.95873315
  7516.58466872  3582.07388326  1318.69991905   987.54657615
  1127.99107426  1068.85654874  1071.81327502  1141.2963425
  1023.02729146  1012.6787495   1031.89747029  1748.9035922
 11297.65110023 15108.87126987 23748.42544806 94189.47224521
 29981.20443767 18887.56745048 13701.46956254  9662.58146966
  6445.66328147  3231.03942605  1044.79717387  1178.10462827
   989.80784893  1244.75835547  1069.79232157  1033.13277161
  1016.46933981   791.51301051   993.14053529  1178.10462827
   909.82337629  1283.08424861  3469.32650079 14423.8665662
 18336.44035287 22309.00249402 43071.63851698 25441.72767244
 17863.19888974 15043.74622916 10907.88245637  8555.00588619
  6552.06138381  3133.50714804   921.85248168  1064.28462477
   985.15565639  1270.01994257  1018.78546795  1034.61126163
   892.17911854  1145.39181737  1050.43705531  1066.26284898
   904.0484638   1210.67321629  7459.88349447 13210.58127183
 15121.54585832 17661.58574347 20375.70935907 18785.21709454
 14864.37671107 12415.33513956  9918.81618703  8672.53493497
  7529.12134181  2810.05235135   861.10398437  1210.13133898
  1839.39963525  3767.96684284  3054.62626407  2990.93514097
  3049.53097423  3462.24945194  1431.77644738  1146.44021587
  1923.47191774  2310.71394622  4792.12010235  9347.30922676
 10613.48875407 12549.69889644 14348.3362129  12671.9858528
 10531.9641165   9400.80977017  8891.28078534  6924.49890388
  6600.94799851  2644.29616884  2308.15682535  3122.36101293
  4560.29042677  4776.91355925  4597.63924272  1830.09198126
  2640.56128725  2875.8588277   3118.62613133  3365.12831656
  8381.07429786  8448.30216656  7085.0703846   5258.71328493
  2461.28697072  1635.57188663  1645.30743358  2745.42423828
  2190.49806245  3115.37502216  1878.96056024  1878.96056024
  1947.10938885  1567.42305802  3972.10315325  4147.34299825
  2112.6136869 ]
