[ 1005.2552052   2566.32979836  1085.95452034   961.40059686
  1136.55455175  1231.26743106  8830.35420003  8643.52331481
  5136.55190683  3934.01531774  1149.69145712   888.15027256
   952.17337503   897.68562825   822.76497642   830.93813844
  1096.56590401  1653.70311487 10339.04995208 16395.36300702
 16264.59241474 16133.82182246 12853.65946612  9336.47541128
  9072.20983938  3938.3593995   1068.85654874   807.18627332
   878.14770394   854.49389374   808.66463646   889.97460905
   785.01082625   844.14535177   949.10913457  1878.99954834
 10298.27761898 29035.05202938 44989.54701416 22701.74434639
 17894.10742177 12229.01987714 11637.67462196  7900.37260922
  8323.18446667  3431.00060765   869.83113997   921.48777855
   761.51883327   976.47710349   814.84181503   751.52077419
   748.18808783   603.21623116   751.52077419   936.48486717
   841.50330591  1256.42275773  3817.59222541 23275.48153843
 49070.47396503 29834.20829496 16416.81300949  9228.20853091
  9494.82343972  9291.52957175  8445.02723631  7375.23491474
  7741.83041434  2846.66463764   761.6163207    824.91949541
   777.44211438   983.17743218   747.76875124   747.76875124
   652.81398917   842.7235133    795.24613227   842.7235133
   793.26790806  1177.04340472  6838.72109265 13942.52422939
 18207.57562533 17376.72145729 11358.96341163  6749.70100322
  4658.71801365  3962.38309187  3089.98621542  4803.12838095
  5999.95402777  2376.95271425   718.43586861   942.62862194
  1408.84764306  2904.31521355  2315.80923607  2173.14112031
  2269.95162743  2438.09619243  1123.51141156   919.69981762
  1513.30108495  1920.92427282  4504.23622592  9303.99926305
 13604.42389504 10226.2467256   6356.37408579  4203.61412487
  3401.10597376  3072.45977854  3357.79601005  4137.37535684
  4960.26466735  2640.56128725  2188.64061432  2341.77075969
  3361.39343497  3604.16073861  3395.00736932  1322.14808442
  2039.24535055  2282.01265418  2849.71465653  4085.96046428
  4709.68569055  2857.18441972  2547.18924739  2916.94252523
  2341.77075969  1635.57188663  1255.88555581  2268.38243801
  1723.19180913  2336.53126662  1401.91875997  1645.30743358
  1635.57188663  1333.76993136  2336.53126662  2969.34181799
  2112.6136869 ]
