[  2370.25910059   5009.40310995   2903.66334112   2349.65786898
   2683.09910162   2193.96546463  12969.17728232  21890.35205155
  15647.08663714   7960.659805     3133.04544003   2446.49983056
   2565.01067981   2663.08862402   2423.34253818   2071.89657143
   2368.85479139   2597.70332788  11197.23196392  19157.89176892
  16482.54340187  20999.57761019  20705.34377756  22280.03965959
  17795.69809934   9091.93329841   2972.98827042   2344.68393679
   2593.04894397   2689.14254794   2582.700402     2712.79635814
   2391.99155721   2356.5108419    2174.67217593   2975.9449967
  10182.96529422  17042.57025431  17752.18456053  17515.64645846
  44291.75961305  58377.60359146  26941.68982604  22329.19683563
  17314.5890717    8874.94377675   2481.18499504   2694.47692208
   2291.22187252   2922.76593774   2774.46139472   2562.83581086
   2439.52641554   2066.26554322   2376.2053747    2641.15394032
   1847.97458663   2264.56038164   4704.08679718  13783.99078507
  11931.0171689   13783.99078507  22315.66786674 107045.88588406
 160928.75895297  24621.88682788  22035.7222125   11187.82811061
  13054.13247222   6876.30735263   2403.54241469   2452.99801993
   2306.60942841   3070.20397333   2609.27773249   3121.63780278
   2739.84053032   2977.22743548   2611.2559567    2579.60436934
   1780.40178866   2340.23923998   8751.66390335  13531.05359379
   9804.07918287  10694.2800772   18872.25895976  32284.61910097
 100050.66762566  19038.42979337  13440.05528015   7972.24356476
   9582.51807139   5885.05977482   2132.37880153   2932.33930771
   4751.35778357  11963.74056388   9036.49654601   8667.08803201
   8967.71013306  11454.21157905   4201.06647995   2950.17282218
   4771.73894296   5732.20107937   7174.16810645  11744.6431004
   8870.89962594   8972.80542291  14679.53005304  24192.43619987
  26475.12605193  15204.34490742  10307.77136317   7212.38278031
   9428.83386434   5587.38286524   5314.73650885   7357.71674099
  13785.44796497  14749.04741632  14241.10351948   5527.62475973
   6577.12648776   6726.52175153   6513.63350065   7301.69351707
   9520.21318415  14543.62892863  19025.48684192   9553.8271185
   5019.68086289   3826.06994909   5403.22855406   9239.03405009
   7048.53598763  10095.76218118   5870.53480738   5948.41918293
   5013.80667629   3056.96174049  11964.98719448  11351.64773699
   5169.57542739]
