[  2134.25375419   3348.68413022   2203.04752155   2171.90904068
   2838.79150597   3111.25321359  13026.26449725   9523.18539938
   6546.8656029    4613.74995885   2322.54020663   1777.6627388
   1927.50404245   1917.96868676   2214.92690673   2387.92550277
   3672.47413318   7821.71605071  21130.34820247  15038.61811212
   9469.97039089   7126.99727922   6184.35925988   6181.63487254
   7339.49949168   5079.655742     2081.53529824   1652.80998823
   1973.61478917   1748.9035922    2190.93417045   2224.93652262
   2094.84056648   2284.07104814   3661.90549271   8728.25596647
  61902.02131234  52842.61200296  14091.75743096   8849.48174378
  11229.64639589   7184.84485045   5648.82555012   5484.7272418
   7823.49772604   4595.77449048   1756.32571173   1876.3024207
   1688.00564135   1984.6147274    1781.32085943   1824.64578211
   1659.67780729   1596.35676645   1997.94547284   2317.8833634
   3214.37599425   6068.82186161  28954.37909591 173779.59755723
  23862.03433779  17589.91860822  13783.99078507   7698.50549166
   6812.01091989   6060.49014571   5977.17298671   6783.68308583
   6955.31643338   4231.42158437   1748.7502013    3293.74330901
   1748.7502013    2001.96290013   1924.81215596   1768.5324434
   1657.75188766   1942.61617385   1942.61617385   2356.06503366
   2720.05828823   4965.34276614  19980.06451714  61087.56359301
  19228.33931749  14357.95131341   9222.48126524   7942.57020162
   5758.6106742    5426.26900698   4678.50025575   4658.71801365
   6239.31915714   4060.94600912   1824.1137657    2277.5945622
   3131.0556118    6840.42662138   6127.08604262   5655.77173165
   5755.12988369   5800.98749232   2968.00633665   2519.62083
   4076.23187866   5711.81991998  11438.9257095   19300.95794548
  15000.53331349   9732.00361031   6662.09147669   5125.86158742
   5757.67752861   4998.47934121   4794.66774728   4957.71702243
   6251.9206439    8414.68823221   6995.43322633   6005.68960381
   7596.74916303   8470.71145612   7451.08878085   3454.76547483
   4709.68569055   6427.73122398   9852.61764605   9191.54360384
   6573.39160616   4627.51829547   4773.17867766   5919.78732714
   8171.92092857   5159.83988045   3991.57424714   6104.18793404
   4614.64925157   6016.56801154   2969.34181799   7126.42036319
   4692.53362713   3047.22619355   4215.49182686   5081.9555049
   7204.30473874]
