[  1024.39077383   1429.77524661    376.25664384    312.6822454
    415.17974493    794.03126218   6199.15256652   4613.68491556
   3235.80713707   2191.76961435    446.79952362    273.80092758
    261.54118456    261.54118456    230.21073016    283.33628327
    384.13861482    897.68562825   8211.30344021   5465.12100234
   3823.6776305    3145.30518305   2871.50425547   3077.19549957
   3876.80318361   2260.41723793    402.11477352    272.01881738
    248.36500718    224.71119697    202.5357499     236.53810207
    202.5357499     238.01646521    402.11477352    999.37348126
  11894.90980796   6280.08661002   3843.74415868   2773.4092468
   2223.45815948   2022.40077272   2046.05458293   2340.24884738
   3148.91348384   2062.93285686    359.93012688    293.27639968
    213.29192704    253.28416336    213.29192704    161.63528846
    199.9611816     159.96894528    199.9611816     293.27639968
    386.59161776   1028.13374207 101953.54112594   8178.41232751
   4150.86086141   2694.47692208   2102.92509318   1623.01825733
   1449.71856661   1446.38588025   1634.68265959   3995.89094567
   2839.44877874   1859.53075704    332.34166722    237.38690515
    205.7353178     237.38690515    189.90952412    189.90952412
    158.25793677    191.88774833    191.88774833    269.03849251
    332.34166722    747.76875124  13839.65657049   5713.11151738
   3103.83378489   2098.89588641   1604.339834     1258.15059732
   1190.89097419   1145.39181737   1210.67321629   3246.26592798
   2466.84558939   1518.3963748     267.50271704    264.95507211
    326.09855029    692.95941937    532.45778915    512.07662976
    550.29130362    573.22010794    264.95507211    305.7173909
    529.91014423    774.48405695   3541.22644459   3566.70289383
   2252.11811296   1615.20688192   1148.9878608    1024.15325951
    978.29565088    960.46213641   1082.74909277   1449.60996185
   2461.02499674    900.10646425    657.33916062    541.55783119
    776.85537164    750.71120048    690.95309497    358.54863306
    687.21821337    866.4925299    1045.76684643    780.59025323
   1045.76684643    750.71120048    806.73442439    870.2274115
    870.2274115     545.19062888    311.53750222    545.19062888
    389.42187777    467.30625332    389.42187777    545.19062888
    467.30625332    311.53750222    545.19062888    778.84375554
    700.95937999]
