[2.28733830e+03 4.99902362e+03 2.80895046e+03 2.28738091e+03
 2.58838622e+03 2.10963208e+03 1.46350860e+04 1.80862676e+04
 1.31404389e+04 8.44287636e+03 3.02406995e+03 2.38111453e+03
 2.44513764e+03 2.48872783e+03 2.29120975e+03 2.03784173e+03
 2.31436704e+03 2.51052293e+03 1.20308945e+04 1.72726157e+04
 2.16970208e+04 2.46393591e+04 2.39092233e+04 2.91182519e+04
 1.87219898e+04 9.75719671e+03 2.90202684e+03 2.30920322e+03
 2.54426296e+03 2.42599391e+03 3.20509128e+03 2.63000802e+03
 2.28554941e+03 2.32103013e+03 2.11553765e+03 2.86802449e+03
 1.05614263e+04 1.42277668e+04 1.81365590e+04 2.52149617e+04
 3.30680267e+04 4.77333890e+04 2.73674584e+04 1.56647358e+04
 1.53158421e+04 8.92826676e+03 2.41453127e+03 2.64115394e+03
 2.25122964e+03 2.85611221e+03 2.46618791e+03 2.46952059e+03
 2.47951865e+03 1.86630436e+03 2.41453127e+03 2.61449245e+03
 1.90129757e+03 2.33121411e+03 4.95903730e+03 1.38106523e+04
 1.30841266e+04 1.76432416e+04 2.40353340e+04 4.65776246e+04
 6.38681346e+06 3.88457922e+04 1.81831368e+04 1.50704077e+04
 1.43172206e+04 7.44603593e+03 2.24330625e+03 2.45101980e+03
 2.32243522e+03 3.03855239e+03 2.57762615e+03 2.75566632e+03
 2.77347034e+03 2.94557585e+03 2.64290754e+03 2.59543016e+03
 1.90700814e+03 2.48464961e+03 9.48360686e+03 1.21937740e+04
 1.20038645e+04 1.50265911e+04 2.06210092e+04 2.95467568e+04
 9.65373414e+04 2.83439965e+04 1.36932680e+04 1.34321424e+04
 1.17783469e+04 6.27484945e+03 2.29542808e+03 2.91195815e+03
 4.50423623e+03 1.11230177e+04 8.56518224e+03 8.23908368e+03
 8.78427970e+03 1.08835391e+04 4.18068532e+03 3.03169746e+03
 5.05962282e+03 6.04046612e+03 7.31683622e+03 1.03307002e+04
 1.01854844e+04 1.08835391e+04 1.49648663e+04 2.55070210e+04
 2.86151478e+04 2.39376717e+04 1.13930681e+04 1.09446826e+04
 1.11535895e+04 5.55750381e+03 5.04209015e+03 7.08880527e+03
 1.30011228e+04 1.38489410e+04 1.34903923e+04 5.64714097e+03
 6.96181929e+03 6.99916811e+03 6.75640080e+03 7.24193541e+03
 9.16166455e+03 1.47863962e+04 2.07883510e+04 1.04875475e+04
 4.98980181e+03 4.44914495e+03 5.01380668e+03 9.00538092e+03
 7.28218911e+03 1.02515309e+04 6.88303169e+03 6.89276724e+03
 6.18207231e+03 3.21273049e+03 1.03975641e+04 1.48759157e+04
 5.55899731e+03]
