[  1764.2994274    4038.92045617   2265.32448329   1828.0883144
   2139.4731231    1681.47796698  12112.8690584   14365.21917466
  10524.80653403   7061.61198308   2509.16073936   1930.22842979
   1938.40159181   1983.3539829    1776.30054513   1675.49821358
   1897.53578172   2092.32947647  10668.70082012  13240.52246828
  15959.46103275  19947.96409727  23822.04289355  22634.21001368
  18324.22924314   8473.97750674   2437.82081448   1878.99954834
   2056.40312489   1914.48026365   1964.74461034   2056.40312489
   1880.47791148   1892.30481658   1735.59832396   2618.18111731
   9491.09134565  11874.21272403  13731.0368253   15014.25602904
  23411.35865261  27024.47816177  32453.02760433  34652.8319536
  23074.29185716   8151.75083663   2024.60696372   2197.90665444
   1796.31794805   2291.22187252   1941.28980472   1944.62249108
   1929.62540246   1596.35676645   1986.28107058   2117.9221818
   1619.68557097   2249.56329302   4207.51652953  11207.82422877
  11717.72524185  11637.74076921  13650.68333067  20662.65543217
  30527.40705784  72945.83904826  45111.24256932  30580.7300396
  21449.16941313   6935.65407892   1845.68318757   1942.61617385
   1796.22758233   2385.7383968    1988.11533067   2087.02654115
   1928.76860438   2324.4134463    2229.45868424   2055.37495379
   1685.44702659   2213.63289056   8640.88334761   9950.46777438
   9345.13116624   9598.34386507  10975.18791496  19070.08138072
  31066.03298785 191048.9812681   41147.06356006  27885.04845878
  17511.24070354   6007.34673118   1701.82680934   2257.21340281
   3439.32064762   7920.62806923   6842.97426631   6578.01919419
   7041.69057039   9097.64002419   3444.41593747   2723.43242393
   5653.22408672   6738.52082442   7831.46049688   8588.11103936
   7314.28857728   7969.03332279   8919.3048795   14496.0996185
  22337.75069508  40986.51153997  27545.13692008  22307.17895599
  13446.46990974   4806.79261201   3451.03059323   5434.25271987
  10177.55234477  10752.72411031  10517.42656986   5015.94598129
   8194.33021814   8765.76710208   8074.81400711   6278.3359602
   6872.18213371   9169.13431428  24866.84165558  19593.18884427
   5318.47139044   3271.14377327   2735.68869133   5948.41918293
   4858.03792518   7739.75982067   6493.60981181   5948.41918293
   5159.83988045   2735.68869133   5938.68363599 103118.91323343
   4702.26917407]
