[  1703.0656078    3756.07925493   2203.04752155   1786.57033991
   2097.95514861   1629.58049886  11671.74057941  13867.00348074
  10023.99596671   6426.82973306   2443.77544322   1886.63823236
   1894.81139438   1961.55888419   1743.60789706   1622.37266047
   1875.74068301   2037.84172969  10099.30386624  13284.11266571
  13899.82420436  17713.96647917  21446.37713381  22503.4394214
  17626.78608432   7900.37260922   2378.68628897   1843.51883303
   2044.57621979   1902.65335854   1941.09080013   1963.2662472
   1833.17029106   1880.47791148   1711.94451375   2545.74132355
   9467.43753545  11682.0255161   11995.43850134  13920.26730696
  18745.64458923  27225.53554853  28325.43772316  30418.79992651
  22453.37933922   7668.51131442   1997.94547284   2197.90665444
   1782.98720261   2264.56038164   1927.95905928   1917.9610002
   1929.62540246   1583.02602101   1972.95032514   2104.59143636
   1606.35482553   2276.2247839    4355.82107255  11101.17826525
  10401.31412964  10941.20931997  13037.46904042  19856.14533304
  25321.75096348  54069.50350507  44524.68976996  29727.56233144
  19029.63911575   6745.7445548    1861.50898125   1956.46374331
   1764.57599498   2369.91260312   1972.28953699   2071.20074747
   2071.20074747   2324.4134463    2197.80709689   2071.20074747
   1701.27282027   2213.63289056   8419.32223614  10013.77094909
   8949.48632431   9966.29356806  11105.7507128   17289.67959206
  25210.48932738 164461.64789083  50262.72071798  27125.41036229
  15948.44357794   6048.10904997   1681.44564995   2236.83224342
   3418.93948823   7576.69600447   6781.83078813   6578.01919419
   7041.69057039   8870.89962594   3625.29872709   2784.57590211
   6063.39491951   7268.43096864   8093.86792407   8855.6137564
   7969.03332279   8628.87335815   9984.2204578   13859.18838746
  20860.11663907  39356.01878851  32212.42242115  25017.8731553
  15255.2978059    4926.30882303   3421.15154048   5494.01082538
  10177.55234477  10722.84505755  10517.42656986   5105.58313956
   8586.49278555   9128.05061674   8407.21846902   6427.73122398
   7630.36309738   9587.44105285  23186.1449381   22596.03364618
   5587.38286524   3349.02814882   2579.91994022   5792.65043182
   4780.15354962   7661.87544512   6805.14731403   6036.03910543
   5247.45980295   2813.57306689   5627.14613377  88515.59281706
   4692.53362713]
