[  2339.64219079   3713.26384374   2496.26821641   2475.50922916
   3121.63270721   3508.26884468  14095.35234045  10421.0115978
   7141.09161284   5042.84096477   2672.62397971   2445.13763689
   2204.02935737   2345.69749901   2566.37287348   2409.72060148
   3859.09466591   6805.5195732   23495.11641285  17975.50766373
  11268.06603473   9380.0656087    7255.04348416   7102.47779317
   8151.36691874   5483.24887866   2343.20557365   1878.99954834
   2103.71074531   1998.74696251   2357.98920503   2485.1284349
   2284.07104814   2545.74132355   3624.94641426   7944.72350336
  44149.83675181  83095.83525802  28124.3803364   18467.7123193
  13299.35478902  12134.40463631   9281.16378006   9281.16378006
   9204.28889689   4944.0402151    1917.9610002    2129.58658406
   1876.3024207    2279.55747026   2171.24516356   2012.94256146
   1861.30533207   1717.99981859   2239.56523394   2599.49536082
   3067.7377944    5398.95190324  20855.95124105 123709.31768419
  67160.29552726  20169.41785088  13224.09947659   9391.51016256
   8568.33663163   6582.05556105   6555.39407017   6971.97986518
   6848.67046985   4407.48353903   1829.8573939    2354.08680945
   1972.28953699   2257.15382317   1942.61617385   1910.96458649
   1784.35823708   2213.63289056   2100.87411061   2419.36820836
   2688.40670087   4456.93914427  17756.54050553  37111.48617244
  27315.31988641  12158.16599231   9637.90834926   9566.69227771
   6619.13820538   4581.56726948   4854.5622104    6077.10477195
   6684.4196043    4142.47064669   1908.1860482    2420.26267796
   3480.08296641   7553.76720015   6537.25687541   6086.32372383
   6206.06303527   6414.96991905   3133.60325672   2764.19474272
   4015.08840048   5508.00832605  10618.58404392  21848.60286964
  16681.97896343   9303.99926305   7686.24473621   5451.96013771
   4404.87807388   4343.7345957    4218.89999442   5001.02698614
   7214.93042524   8829.26008918   7264.34470113   6397.85217122
   8227.94415248   9314.79469646   8142.04187581   3663.91884412
   4918.83905984   6427.73122398   9755.5107246   10663.08695204
   7473.49807041   4959.92275738   4112.10463545   5647.14097075
   8082.2837703    5159.83988045   4069.45862269   6503.34535875
   4780.15354962   6483.87426487   3125.1105691    7593.72661651
   4614.64925157   3835.80549603   4527.02932907   5004.07112934
   7437.9578654 ]
