[ 367.40291764  771.97483823  177.7488283   146.61034743  228.34885971
  407.39512471 3558.86887609 2724.61707612 1909.82682669 1140.15610144
  228.84853649  121.23523659  130.77059228  141.66814164  130.77059228
  152.56569099  208.41563145  459.05926665 4544.27808171 3143.94298938
 2277.58781553 1894.81139438 1720.45060467 1840.3236476  2298.02072057
 1141.2963425   212.88429187  130.09595614  141.92286124  106.44214593
  118.26905104  130.09595614  118.26905104  141.92286124  189.23048166
  452.37912021 5602.99629284 3483.02355302 2258.93887479 1630.63454116
 1318.69991905 1213.73613626 1259.56539354 1413.31515988 1877.5211852
 1083.12306701  173.29969072  159.96894528  106.64596352  133.3074544
  119.97670896   93.31521808  106.64596352   93.31521808  119.97670896
  159.96894528  186.63043616  386.59161776 2356.20925654 4017.55340701
 2344.54485428 1568.02893239 1244.75835547  939.81755353  871.49748315
  883.16188541 1016.46933981 1191.43537371 1619.68557097  935.70005115
  142.43214309  126.60634942  110.78055574  126.60634942   94.95476206
   94.95476206   79.12896838  110.78055574  110.78055574  158.25793677
  158.25793677  381.79727246 7463.83994289 3153.28939013 1798.20580654
 1254.1941489   937.67827536  747.76875124  743.81230282  729.96473335
  763.59454491 1477.73348458 1319.47554782  718.43586861  122.28695636
  142.66811575  183.43043454  366.86086908  285.33623151  264.95507211
  305.7173909   287.88387643  163.04927515  163.04927515  285.33623151
  387.24202847 2168.04583046 2111.99764213 1388.46648367  998.67681027
  695.5070643   593.60126733  570.67246301  611.4347818   713.34057877
 1903.09075835 1187.20253466  362.28351466  298.79052755  298.79052755
  418.30673857  418.30673857  418.30673857  179.27431653  388.42768582
  478.06484408  567.70200235  448.18579133  597.58105511  478.06484408
  478.06484408  451.92067292  418.30673857  233.65312666  155.76875111
  233.65312666  155.76875111  233.65312666  155.76875111  233.65312666
  233.65312666  155.76875111  233.65312666  389.42187777  233.65312666]
