[ 1034.59641043  1354.52391784   343.82072627   281.54376453
   373.66177044   771.97483823  5783.97282159  4363.2796319
  3068.43780239  2039.20392336   392.31177684   230.21073016
   239.74608585   239.74608585   217.95098713   250.6436352
   340.54841739   810.5052334   7641.90648632  5125.93477862
  3593.46690034  2969.58219968  2708.04101512  2923.26761491
  3668.38755217  2105.18910844   366.63405821   236.53810207
   224.71119697   201.05738676   178.88193969   212.88429187
   178.88193969   214.362655     319.3264378    832.31844667
 10466.8110167   5814.40222157  3582.07388326  2606.35421221
  2069.70839313  1904.13172168  1949.96097896  2187.97744417
  2971.50990728  1941.28980472   346.59938144   266.6149088
   186.63043616   226.62267248   186.63043616   173.29969072
   173.29969072   146.63819984   186.63043616   253.28416336
   319.93789056   759.85249009  7395.2310329   7345.2407375
  3869.24886399  2532.84163362  1956.28689334  1503.04154837
  1381.39849623  1366.40140761  1566.36258921  3579.30515067
  2624.49050852  1746.77197709   300.69007986   205.7353178
   189.90952412   221.56111148   174.08373045   158.25793677
   142.43214309   189.90952412   189.90952412   237.38690515
   269.03849251   621.16240182 12027.60319448  5268.01107021
  2882.27267341  1986.13710646  1477.73348458  1163.19583526
  1111.76200581  1111.76200581  1177.04340472  3404.52386475
  2227.48046003  1413.94293291   264.95507211   224.19275333
   305.7173909    611.4347818    450.93315158   450.93315158
   509.52898483   512.07662976   264.95507211   264.95507211
   468.76666605   672.57825998  3255.89021308  3322.12898111
  2127.28351168  1531.13459942  1105.67789709   922.24746255
   878.93749884   899.31865823  1021.60561459  1655.96920071
  1966.78188146   720.83214772   537.8229496    507.94389684
   687.21821337   661.07404221   631.19498946   298.79052755
   627.46010786   776.85537164   986.00874092   690.95309497
   986.00874092   690.95309497   746.97631888   750.71120048
   661.07404221   389.42187777   233.65312666   389.42187777
   311.53750222   467.30625332   389.42187777   467.30625332
   389.42187777   233.65312666   467.30625332   700.95937999
   467.30625332]
