[  2421.2872836    3880.63317841   2976.31979648   2610.44264626
   2923.12489166   3090.49422634  12860.19259928  14282.18322567
   9126.16976829   5382.0271885    2750.26901887   2435.6022812
   3562.13644594   2421.98034451   2280.31220287   2126.38431821
   2883.76399849   4018.47132525  15294.710522    34806.77264501
  30120.82642167  19642.83271529  14695.34530739  11818.39227724
  11878.3287987    5246.71077659   2508.7822451    2023.87913586
   2557.56822866   2201.28271241   2167.28036024   2425.99390938
   2153.975092     2332.85703169   2520.60915021   4579.96900138
  14464.30494172  57667.98928524 265963.44197016  50879.34575576
  23032.8976893   18414.49124633  12465.55797921  10425.41684884
  10916.23341064   4905.71432196   1944.62249108   2264.56038164
   2009.6098751    2547.83872224   2157.91441812   2119.58852498
   1982.94838422   1651.34609139   2132.91927042   2532.84163362
   2089.59434774   3067.7377944    7625.18639174  23162.17020219
 110431.89522584  68040.1247263   28381.15704199  14597.16625692
  10701.25590205  11261.14721053  11417.78346945  10298.00085248
   9491.49075336   4534.08988845   1796.22758233   2053.39672958
   2051.41850537   2625.10352616   2067.24429905   2071.20074747
   1849.63963599   2276.93606527   2229.45868424   2150.32971586
   2098.89588641   2787.31791135  12439.07383008  19006.77820601
  31192.63933726  22662.53654539  17859.40816443  14294.6481387
   8779.35904229   8787.27193912   9202.69902314   9194.78612631
   8498.45120452   4305.51992184   1844.4949251    2461.02499674
   3747.58568345   8147.36846748   6618.78151298   6150.01484694
   6389.49346981   6845.52191123   3072.45977854   2336.19039546
   3727.20452405   4585.7608635    8506.58640179  14409.47969108
  14674.43476319  12728.03404113   9161.3311473    8774.08911883
   8399.58531497   7719.36412022   9118.02118359   7928.271004
   7767.76937378   6849.77284415   6095.32676208   6367.97311847
  10031.89196258  10603.32884653  10427.78941159   3846.92804224
   4918.83905984   5374.49461436   6846.03796255  10035.62684418
   9695.75261909   7062.66109503   7178.44242446   7574.33987346
   6128.94069643   4682.79808018   4380.99612491   7437.9578654
   5481.11292961   7038.80044069   4069.45862269   4935.92230073
   4303.11174936   4147.34299825   5383.75746017   5948.41918293
   6026.30355849]
