[  71.43945621  207.58987247   62.27696174   41.51797449   51.89746812
   72.65645536 1148.23148208  897.82619842  605.90294026  295.5960263
   65.38529614   43.59019743   32.69264807   43.59019743   32.69264807
   43.59019743   54.48774678  130.77059228 1456.18503278 1062.51106227
  787.34794102  645.67979938  591.1920526   655.21515507  775.08819799
  285.32408562   59.13452552   35.48071531   35.48071531   23.65381021
   23.65381021   35.48071531   35.48071531   35.48071531   47.30762041
  107.92050907 1677.94216158 1175.29869467  759.87865291  570.64817125
  462.72766218  393.2445947   439.07385197  496.73001435  640.13123873
  293.27639968   53.32298176   53.32298176   13.33074544   39.99223632
   39.99223632   26.66149088   26.66149088   13.33074544   13.33074544
   53.32298176   53.32298176   93.31521808  641.54212431 1273.08618953
  828.17256047  548.22690622  439.91459952  321.60423374  281.61199742
  306.60714512  373.26087232  413.25310864  534.89616078  253.21269883
   47.47738103   31.65158735   31.65158735   47.47738103   15.82579368
    0.           15.82579368   31.65158735   15.82579368   31.65158735
   47.47738103   79.12896838 1954.4855191  1066.26284898  589.51081447
  443.12222295  348.16746089  239.36512936  253.21269883  269.03849251
  269.03849251  348.16746089  429.27465349  183.43043454   20.38115939
   20.38115939   20.38115939  122.28695636   81.52463757   81.52463757
  101.90579697   81.52463757   40.76231879   40.76231879   61.14347818
  101.90579697  713.34057877  698.05470922  468.76666605  326.09855029
  244.57391272  203.81159393  183.43043454  203.81159393  244.57391272
  326.09855029  328.64619522   89.63715827   59.75810551   59.75810551
  149.39526378  119.51621102   89.63715827   29.87905276   89.63715827
  119.51621102  179.27431653  119.51621102  179.27431653  119.51621102
  149.39526378  149.39526378  119.51621102   77.88437555    0.
    0.            0.           77.88437555    0.            0.
    0.            0.           77.88437555   77.88437555    0.        ]
