[  1896.97270322   2829.70944905   1837.17037133   1807.32932716
   2421.01688764   2620.82213989  11339.59678346   8204.98970922
   5680.17788535   4011.6603569    1916.60649309   1415.31922269
   1586.95562506   1501.13742387   1655.06530854   1883.91384502
   3573.0339953    5170.88716971  17877.42971952  12009.09939098
   7690.94545843   5917.36930064   5131.38355329   5290.76021263
   6396.86147233   4424.74087189   1794.73284947   1367.48590261
   1497.58185875   1402.96661792   1571.50001564   2115.53765041
   1856.82410127   2046.05458293   3695.90784488  10345.58523939
  48147.33067683  27887.84223433   9804.5043309    6008.06779264
   4577.0122751    3950.18630461   4507.52920762   4139.41678627
   6776.81662437   4085.87347739   1554.69818695   1553.03184377
   1581.35967783   1621.35191415   1433.05513481   1623.01825733
   1378.06580987   1368.06775079   1742.99496629   2129.58658406
   3281.02972145   7678.5093735   55269.27059468 100353.85167312
  14530.51252972   7425.22521014   5323.96646014   3729.27603687
   3432.66695083   3445.99769627   4019.21975019   3647.62522105
   5868.86068001   3786.32113721   1653.79543924   1669.62123292
   1780.40178866   1635.99142135   1479.71170879   1481.689933
   1353.10535938   1639.94786977   1687.4252508    2085.04831694
   2894.14201867   5396.59564384  24949.36373171  39121.36196941
  10472.71896572   5679.48170581   5424.29078277   4536.06811265
   3420.34965843   3675.54058147   6128.5386014    4294.72475908
   5236.35948286   3648.2275314    1640.68333116   1864.87608449
   2557.83550386   5650.6764418    5248.14854378   4797.2153922
   4894.02589932   4835.43006607   2682.67010515   2415.16738811
   3645.67988648   5673.60524612  13589.1380255   53724.7361608
   8254.3695543    5347.50669582   6068.49020936   5986.96557179
   5102.9327831    5451.96013771   4835.43006607   4096.61303806
   5064.71810924   7903.00945377   6453.87539514   5135.46219231
   6184.96392034   6849.77284415   6099.06164367   2972.96574915
   4141.9836882    6308.21501296   9370.81792037   6760.13568588
   7417.4748465    4810.5274936    4470.65326851   5228.83423217
   8022.52566479   4994.3355824    3524.26799382   4780.15354962
   3835.80549603   4760.68245573   2502.03556467   7126.42036319
   5627.14613377   2190.49806245   3738.45002659   4380.99612491
   6814.88286097]
