[  2317.95521301   5002.91592643   2934.80182199   2340.57581206
   2683.09910162   2182.2885343   14785.5886664   17748.93409586
  12408.68462666   8530.05675889   3177.99783112   2500.98757734
   2574.5460355    2608.60087724   2357.95724204   2115.48676885
   2412.44498882   2586.80577853  12270.64057554  16133.82182246
  21086.75800504  28017.59939584  26317.58169621  25173.33901377
  16308.18261217   9851.81195131   3033.60115908   2425.99390938
   2687.6641848    2593.04894397   2786.71451504   2734.97180521
   2464.43135097   2440.77754076   2176.15053907   2999.59880691
  10419.50339629  14440.65113152  17846.79980136  26125.63337389
  32216.48950226  47958.10019517  35031.29291692  26137.460279
  15936.75462713   9064.90689927   2507.84648592   2787.79214016
   2306.21896114   3016.08115582   2559.5031245    2682.81251982
   2546.17237906   1986.28107058   2589.49730174   2734.4691584
   1996.27912966   2477.85230868   4917.37872422  13110.78814034
  13783.99078507  17809.87590798  24088.65701027  36592.89623309
 379233.04628016  70439.65890552  26708.14848925  17543.26099918
  16516.79360029   8146.32729521   2243.30625371   2545.97455778
   2354.08680945   3149.33294171   2627.08175037   2882.27267341
   2692.36314929   3184.94097749   2850.62108606   2676.53735561
   1956.46374331   2547.95278199   9167.09098737  12067.16767867
  12193.77402809  14037.47899145  19196.68773014  27513.14230737
  66025.21122022  43362.67467483  24260.94170676  15944.48712952
  14199.69337664   6603.49564344   2193.52227971   2973.1016265
   4588.30850842  11632.54672374   9056.87770541   8690.01683633
   9357.49980646  11724.26194101   4425.25923328   3176.91322043
   5693.98640551   6820.04546199   8055.65325021  10063.19745045
  10552.34527589  11622.35614404  12259.26737508  26403.79199405
  31315.65140784  29756.49271425  19260.19562669  12009.59817252
  11887.31121616   5680.7549051    4743.2996249    7178.44242446
  13725.68985946  14629.5312053   14360.61973051   6009.42448541
   7566.87011027   7749.8793084    7297.95863548   7660.24215013
   9822.7385933   14816.27528502  23492.40522884  13819.06189932
   5437.98760146   3826.06994909   4225.2273738    8538.0746701
   7048.53598763  10329.41530784   7272.45356735   7048.53598763
   6104.18793404   3212.7304916    9462.9516298   19179.02748016
   5091.69105184]
