[  993.77386403  1616.60613183   438.53360558   364.57971352
   478.75414338   835.54923668  7034.7018032   5178.06988133
  3612.06378091  2477.83028496   491.75191472   317.39112501
   294.23383263   294.23383263   262.90337823   316.02893134
   493.11410839   973.96847375  9287.43643917  6157.11538648
  4305.89418953  3528.0816042   3190.25757415  3417.74391697
  4315.42954522  2593.04894397   498.20837749   283.84572249
   283.84572249   248.36500718   214.362655     248.36500718
   226.18956011   273.49718052   402.11477352  1058.50800677
 13370.31621964  7232.15247086  4365.60634637  3140.04330501
  2485.1284349   2248.59033283  2272.24414303  2591.57058083
  3528.85281029  2331.21410884   454.91168814   319.93789056
   239.95341792   293.27639968   226.62267248   188.29677934
   213.29192704   173.29969072   214.95827022   319.93789056
   373.26087232   748.18808783 18116.48305311  9841.42282116
  4649.09747224  3016.08115582  2331.21410884  1797.98429123
  1623.01825733  1594.69042327  1807.98235031  4370.81816117
  3349.34979183  2067.24429905   348.16746089   269.03849251
   237.38690515   269.03849251   205.7353178    205.7353178
   144.4103673    221.56111148   207.71354201   255.19092304
   316.51587354   700.2913702  12692.28652891  6350.09971287
  3408.48031317  2322.43522209  1748.7502013   1400.58274041
  1317.49732361  1271.99816678  1337.2795657   1843.70496336
  2706.21071876  1722.20796874   305.7173909    267.50271704
   387.24202847   733.72173816   573.22010794   552.83894854
   611.4347818    593.60126733   326.09855029   305.7173909
   570.67246301   774.48405695  3561.60760398  3874.96792966
  2476.31086629  1778.25615707  1291.65597655  1126.05905648
  1080.20144785  1041.98677398  1205.03604913  1475.08641109
  2807.50470643   896.37158266   627.46010786   627.46010786
   806.73442439   810.46930599   750.71120048   358.54863306
   746.97631888   926.25063541  1105.52495195   840.34835874
  1165.28305746   810.46930599   866.4925299    929.98551701
   810.46930599   467.30625332   311.53750222   545.19062888
   389.42187777   545.19062888   389.42187777   545.19062888
   467.30625332   311.53750222   545.19062888   778.84375554
   623.07500443]
