[  1774.50506401   3662.66381232   2318.51938811   1911.12426339
   2223.80650879   1660.71897973  11043.7812152   13031.45424406
   9689.25729736   6339.64933821   2607.23868357   1996.9759196
   1984.71617657   2093.69167014   1853.94558429   1732.7103477
   2006.51127529   2104.5892195    9968.53327396  12145.31875794
  13371.29306056  15436.37866364  18335.1267925   18901.79935904
  15692.47107352   8210.82886819   2533.91441845   1973.61478917
   2164.32363396   2022.40077272   2094.84056648   2115.53765041
   1917.43698992   2012.05223075   1843.51883303   3011.42571201
   9159.93800275  10922.14686319  11948.13088093  12495.12524197
  15605.60128422  23458.66627303  30075.8196785   31128.41423272
  18124.73207129   8311.71978191   2157.91441812   2371.20634516
   1929.62540246   2426.1956701    2049.60211142   2039.60405234
   2022.94062054   1892.9658525    2227.90083168   2291.22187252
   1754.65936855   2624.49050852   4355.82107255  10644.60023393
  10268.00667524  10727.91739293  11751.05210545  14730.47371132
  21622.46910385  33633.47074539  43178.28448051  32087.10427434
  18876.33554319   7764.53002275   2003.94112434   2148.35149165
   1893.1605686    2623.12530195   2162.19906111   2245.28447792
   2055.37495379   2516.30119463   2468.8238136    2276.93606527
   1924.81215596   2452.99801993   8162.15308889   9297.65378521
   8375.80130352   9119.61360634  10274.89654476  14041.43543987
  20051.28058869  55469.4068377  122396.6882975   34642.66235884
  21523.07940065   7011.1188313    1864.87608449   2461.02499674
   3706.82336466   7655.67299712   7049.33350517   7255.69274402
   7841.65107658  10246.62788499   4239.28115381   3197.29437983
   7681.14944636   9196.99817624   9140.94998791   8157.55904718
   7192.00162092   7477.33785243   8855.6137564   11601.97498465
  21359.4550442   38449.0571955   58453.16514005  26984.65503676
  20462.6840309    5441.72248306   3510.78869875   5856.29434003
  11081.39369061  11776.08166717  11596.80735064   6009.42448541
  10752.72411031  11230.78895439  10509.95680667   7241.93541156
   6752.66592269   9045.88322166  22820.12654184  35107.88698745
   6849.77284415   3748.18557353   2579.91994022   6182.07230959
   5481.11292961   8207.066074     8061.03286983   6892.76723652
   6182.07230959   2979.07736494   5150.1043335   18789.60560239
   5481.11292961]
