[ 1219.57357382  2452.15536851  1315.60081675  1085.95452034
  1293.5443928   1263.70334864 11464.15070694  9019.77995865
  6118.71149094  3782.81182041  1423.49238471  1085.66835465
  1170.12436217  1149.69145712  1031.18060787   942.63801935
  1172.84874951  1521.57032892 10230.07445852 14243.09700909
 23538.70661028 25914.37237002 20133.22243634 13245.97124296
  8306.65699708  4164.54895961  1366.00753947  1045.20273853
  1127.99107426  1057.02964364  1058.50800677  1164.95015271
   975.71967105  1011.20038636  1009.72202322  1630.63454116
  8065.94928067 15682.4761674  20135.30593891 37739.65418564
 55681.06922783 19603.09520925 21087.37179975 15179.83270049
 11273.99729002  4395.81330888  1138.11239195  1164.77388283
   963.14635805  1258.08910091  1069.79232157  1046.46351705
  1029.80008525   778.18226507   979.80978985  1151.44313739
   894.82628767  1216.43052141  3575.97246431 11687.73106461
 14317.22060267 21135.89689529 48163.98327511 54416.10288652
 27041.41712526 18209.79827119 13837.31376683  8328.38321371
  8924.93407215  4009.8604729   1000.98145007  1034.61126163
   999.00322586  1270.01994257  1095.93621213  1129.56602369
   955.48229325  1147.37004158  1050.43705531  1097.91443634
   856.57108276  1163.19583526  8063.2418784  10092.89991747
 13883.1775031  17321.33117942 21989.94031412 26049.25639225
 12478.63831427  7016.76127152  8917.83473696  5663.65591214
  6144.36439507  3485.17825626   942.62862194  1230.51249837
  2002.44891039  4483.85506653  3587.08405322  3401.10597376
  3520.8452852   4058.3983642   1597.37336745  1187.20253466
  1984.61539592  2453.38206197  4751.35778357  9181.71230669
 11005.82607239 11398.16339072 13492.32751838 17140.55504978
  9056.87770541  4035.46955988  3337.41485066  3424.03477808
  6211.15832512  3002.84480191  2670.44034     3365.12831656
  5314.73650885  5706.89907626  5378.22949595  2013.10117939
  2756.34261667  2849.71465653  3088.74707858  3723.67694963
  6726.52175153  6282.0708418   4381.01611024  3275.4911583
  2584.53806333  1791.34063774  2034.72931135  3368.49924271
  2657.80431578  3748.18557353  2112.6136869   2190.49806245
  1956.84493579  1723.19180913  8440.71920066  4848.30237823
  2424.15118912]
