[ 1014.18513723  1231.26743106   323.06173903   260.78477729
   373.66177044   740.83635736  5345.439216    4038.92045617
  2849.1709996   1852.58339062   370.51667812   219.3131808
   228.84853649   228.84853649   197.51808209   250.6436352
   360.98132244   798.24549037  7050.71443373  4741.79616379
  3350.99642716  2772.06411759  2510.52293303  2694.41907842
  3383.68907523  1856.82410127   331.1533429    224.71119697
   212.88429187   189.23048166   189.23048166   201.05738676
   190.7088448    214.362655     366.63405821   928.41205063
  9514.74515586  5385.67691156  3344.05741805  2439.29917762
  1949.96097896  1784.38430751  1808.03811772  2032.74931468
  2757.14725228  1754.65936855   279.94565424   253.28416336
   173.29969072   226.62267248   186.63043616   173.29969072
   173.29969072   146.63819984   186.63043616   279.94565424
   373.26087232  1203.09977597  7048.63165146  6703.69861319
  3602.63395519  2346.21119746  1861.30533207  1409.72633029
  1274.75253271  1298.08133723  1459.71662569  2627.82319488
  2397.86783604  1588.51404032   253.21269883   205.7353178
   189.90952412   221.56111148   158.25793677   158.25793677
   142.43214309   189.90952412   189.90952412   253.21269883
   300.69007986   763.59454491 11900.99684506  4965.34276614
  2722.03651243  1859.53075704  1398.6045162   1129.56602369
  1048.4588311   1048.4588311   1097.91443634  3165.15873539
  1972.28953699  1271.27481716   244.57391272   224.19275333
   305.7173909    631.81594119   491.69547036   471.31431097
   489.14782544   491.69547036   264.95507211   264.95507211
   468.76666605   692.95941937  3212.58024937  3156.53206104
  2004.99655532  1449.60996185  1044.53441891   881.48514376
   856.00869452   838.17518005   980.8432958   2313.26159114
  1844.4949251    840.34835874   627.46010786   511.67877843
   717.09726613   690.95309497   601.3159367    298.79052755
   627.46010786   776.85537164   926.25063541   661.07404221
   926.25063541   631.19498946   687.21821337   750.71120048
   810.46930599   467.30625332   311.53750222   467.30625332
   311.53750222   389.42187777   311.53750222   467.30625332
   389.42187777   155.76875111   467.30625332   700.95937999
   623.07500443]
