[  1692.8599712    3735.32026769   2213.42701517   1796.94983354
   2108.33464223   1619.20100524  11547.18665593  13700.93158277
   9940.96001772   6383.23953563   2465.57054193   1897.53578172
   1905.70894374   1972.45643355   1765.40299577   1653.70311487
   1886.63823236   2026.94418033   9946.73817525  13044.36657986
  13763.6048374   17408.83509718  20748.93397498  21707.91831837
  17446.97651993   7924.02641942   2402.34009917   1833.17029106
   2044.57621979   1914.48026365   1952.91770523   1975.0931523
   1844.99719616   1892.30481658   1723.77141885   2641.83492752
   9230.89943337  11516.44884465  12234.93332969  13299.35478902
  18840.25983006  28455.5336793   28845.82154772  28751.2063069
  21501.31347838   7721.83429618   2011.27621828   2211.23739988
   1809.64869349   2291.22187252   1916.29465702   1944.62249108
   1942.9561479    1609.68751189   1999.61181602   2117.9221818
   1594.69042327   2289.55552934   4127.53205689  10937.87663361
  10481.29860228  11181.16273789  12794.18293614  18863.00479775
  24195.30297379  51390.02367161  45431.18045988  29620.91636792
  17796.54516254   6840.69931686   1861.50898125   1988.11533067
   1796.22758233   2401.56419048   1988.11533067   2102.85233482
   2183.95952742   2356.06503366   2229.45868424   2087.02654115
   1732.92440763   2213.63289056   8257.10785095  10092.89991747
   9155.22164211  10124.55150483  11964.30001977  16941.51213117
  23873.20976167 140216.53197775  57321.0246979   28209.47722916
  17194.72483      6150.01484694   1701.82680934   2277.5945622
   3480.08296641   7655.67299712   6845.52191123   6662.09147669
   7184.35868615   9036.49654601   3767.96684284   2827.88586582
   6328.34999163   7556.31484507   8259.46484414   8896.37607519
   8155.01140225   8402.1329599    9574.04962501  13899.95070625
  20370.96881363  39682.1173388   35177.88111287  25180.92243045
  16233.59345678   5075.7040868    3391.27248772   5583.64798364
  10330.68249014  10931.99842684  10726.57993915   5198.95517942
   8859.13914194   9486.5992498    8676.12994381   6550.98231659
   7264.34470113   9527.68294734  23126.38683259  23977.93983611
   5770.39206336   3358.76369576   2579.91994022   5870.53480738
   4935.92230073   7817.64419623   6960.91606513   6337.8410607
   5325.3441785    2891.45744244   5695.29496238  89644.91626259
   4624.38479852]
