[ 1188.95666402  2640.28369043  1263.70334864  1148.23148208
  1324.68287367  1419.39575299  9019.77995865  9123.57489489
  5534.86497463  3902.68486334  1324.05224683  1031.18060787
  1149.69145712  1093.84151667   975.33066742   963.07092439
  1292.72179243  1916.60649309 10799.4714124  19419.43295348
 17844.73707145 16531.58237398 13115.20065068  9619.81169455
  9423.65580613  3985.66701992  1200.43086802   915.10678239
  1021.54892832   997.89511812   952.06586084  1045.20273853
   916.58514553   999.37348126  1138.33961622  2117.01601355
 11132.07442878 38307.34563062 62493.36656752 27556.68889143
 15936.75462713 13606.85432171 11398.17979361  7947.68022963
  8488.76113812  3550.97731661   964.81270123  1056.46157613
   883.16188541  1151.44313739   936.48486717   898.15897403
   856.50039453   698.19779243   924.82046491  1111.45090107
   963.14635805  1458.05028251  4272.50391355 21929.07624898
 57908.75819182 35353.13690716 19422.89610624  9901.41117564
  8075.09905034  5362.29235328  6810.34457671  6382.09437945
  7851.80906422  2943.59762391   872.39687644   921.85248168
   919.87425747  1143.41359316   890.20089433   876.35332486
   765.57276912   971.30808692   923.83070589   971.30808692
   935.70005115  1337.2795657   7699.24862383 13780.3098442
 18270.87880003 21396.47305123 11358.96341163  6828.8299716
  5455.94237013  5218.55546497  4743.78165466  5329.33602071
  5952.47664674  2583.3119531    820.34166558  1105.67789709
  1635.58804131  3418.93948823  2766.74238764  2562.93079371
  2700.50361962  2889.029344    1327.32300549  1082.74909277
  1740.0414832   2188.42698986  5551.31828976  9056.87770541
 12987.89382339 13303.80179399  6007.34673118  5925.82209361
  3727.20452405  4139.92300177  4815.04890667  5981.87028194
  5472.34129711  3092.48196017  2606.9473529   2793.69143262
  4082.22558269  4324.99288633  4115.83951704  1620.93861197
  2367.91493086  2640.56128725  3301.63532946  4836.67166476
  5643.40608915  4989.80181013  3148.50518409  3637.77467296
  2733.93332711  1869.22501329  1645.30743358  2813.57306689
  2112.6136869   2803.83751994  1567.42305802  2034.72931135
  1947.10938885  1567.42305802  2725.95314439  3056.96174049
  2579.91994022]
