[  0.           0.           0.           0.           0.
   0.          72.65645536  41.51797449  31.13848087   0.
   0.           0.           0.           0.           0.
   0.           0.          10.89754936 119.87304292  65.38529614
  32.69264807  10.89754936  21.79509871  32.69264807  32.69264807
   0.           0.           0.           0.           0.
   0.           0.           0.           0.           0.
   0.         130.09595614  70.96143062  35.48071531  23.65381021
  11.8269051    0.          11.8269051    0.          23.65381021
   0.           0.           0.           0.           0.
   0.           0.           0.           0.           0.
   0.           0.           0.          39.99223632  79.98447264
  39.99223632  13.33074544   0.           0.           0.
   0.          13.33074544   0.          13.33074544   0.
   0.           0.           0.           0.           0.
   0.           0.           0.           0.           0.
   0.           0.         158.25793677  47.47738103  15.82579368
   0.          15.82579368   0.           0.           0.
   0.          15.82579368   0.           0.           0.
   0.           0.           0.           0.           0.
   0.           0.           0.           0.           0.
   0.          20.38115939  20.38115939   0.           0.
   0.           0.           0.           0.           0.
   0.           0.           0.           0.           0.
   0.           0.           0.           0.           0.
   0.           0.           0.           0.           0.
   0.           0.           0.           0.           0.
   0.           0.           0.           0.           0.
   0.           0.           0.           0.           0.        ]
