[  1867.63149799   4393.12067606   2401.55533709   1942.26274426
   2244.56549604   1774.89340959  12548.80779058  15288.99410713
  10945.17602578   7696.39423311   2661.72643035   2040.56611703
   2048.73927904   2093.69167014   1875.74068301   1753.14325274
   2006.51127529   2159.07696628  11085.53208301  13790.84871079
  16264.59241474  21130.34820247  25914.37237002  24214.35467039
  18896.35058436   9375.77902089   2569.39513376   1986.92005741
   2176.15053907   2022.40077272   2060.83821431   2213.10961751
   2012.05223075   1988.39842055   1818.38665968   2618.18111731
  10038.0857067   12678.44227108  13825.65206613  17917.76123198
  25416.01906767  29165.14798552  32311.10474308  30844.56851024
  22122.22599632   8954.92824939   2146.25001586   2331.21410884
   1902.96391158   2426.1956701    2062.93285686   2079.59628866
   2036.27136598   1678.00758227   2132.91927042   2251.2296362
   1674.67489591   2329.54776566   4610.7715791   11314.47019229
  12654.21010902  12497.5738501   15743.61036477  21515.82314033
  38885.78444879  99660.65291024  44044.78293411  30913.99867561
  21615.80373113   7382.7327503    1940.63794964   2098.89588641
   1893.1605686    2575.64792092   2100.87411061   2245.28447792
   2118.6781285    2468.8238136    2500.47540096   2197.80709689
   1780.40178866   2324.4134463    8830.79287174  10381.72065208
   9713.08086923  11046.40398651  12443.0302785   20249.10300965
  35908.72585299 152244.13517222  37459.65363333  28525.9931027
  18848.52026924   6478.66104215   1783.35144692   2399.88151856
   3666.06104587   8825.04201731   7439.12317856   7092.64346888
   7655.67299712   9836.4570522    3788.34800223   2807.50470643
   5816.27336187   6983.09473714   8116.79672839   8832.68495208
   8914.20958965   8891.28078534   9041.59183586  16279.45106542
  24600.05938774  47793.81877734  26067.50286406  22133.93910115
  14516.48077789   5049.55991564   3779.70017354   5766.65718177
  11081.39369061  11712.58868007  11507.17019238   5258.71328493
   8466.97657453   9128.05061674   8343.72548191   6670.49852762
   7353.98185939   9770.45025098  25643.69702722  18569.83128741
   5527.62475973   3349.02814882   3047.22619355   6347.57660765
   5325.3441785    8372.57037205   6805.14731403   6259.95668515
   5393.49300711   2969.34181799   6561.75864042  23014.83297619
   4692.53362713]
