[  2071.74423001   4709.69523158   2642.87856383   2140.77055981
   2463.83229883   1942.26274426  13072.97221856  16041.50739482
  11277.31982172   8508.26166017   2936.88955161   2281.67439654
   2302.10730158   2367.49259772   2105.95141316   1972.45643355
   2204.02935737   2334.79994965  11502.3633459   15060.41321083
  17888.32726887  23233.57522829  28507.98911689  28769.53030145
  18939.94078179  10280.53726132   2819.23850407   2224.93652262
   2449.64771959   2284.07104814   2369.81611014   2591.57058083
   2285.54941127   2238.24179086   2020.92240958   2879.85139273
  10064.69624318  12891.32656294  15185.74615305  18367.18362592
  28124.3803364   33742.16026062  32985.23833399  28230.82248234
  21980.30313507   9734.77685764   2386.20343378   2586.16461538
   2117.9221818    2747.79990384   2331.21410884   2387.86977696
   2304.55261796   1892.9658525    2414.53126784   2506.18014274
   1861.30533207   2491.18305412   4302.49809079  11611.07927833
  13217.43410387  13890.63674859  19316.25014271  24795.1865186
  54442.7643774  129094.93884199  32660.32632826  24081.99163755
  20809.29363201   8181.93533098   2116.69990429   2354.08680945
   2162.19906111   2894.14201867   2403.54241469   2627.08175037
   2454.97624414   2787.31791135   2882.27267341   2468.8238136
   1924.81215596   2500.47540096   9004.87660218  10377.76420366
  11766.47759881  11414.3536895   14543.90438911  21364.82146388
  44755.3445184  104925.01207815  29166.93774661  26674.37524249
  18753.56550718   7258.24038895   1928.56720759   2746.36122825
   4178.13767563  10340.89074719   8583.01574951   8155.01140225
   8784.27969852  11209.63766633   4282.59111752   3133.60325672
   6206.06303527   7413.64672932   8363.91828603   9408.45270494
   9650.47897274  10287.39020378  10272.10433423  19555.72243789
  27830.47315158  78895.46801155  23112.23475203  18363.42461338
  15459.10939984   5501.48058857   4231.62084647   6517.36838225
  12762.0904081   13456.77838466  13340.99705523   5889.90827438
   8978.65535296   9819.0037117    8706.00899657   7361.45162258
   7988.91173044  11510.90507397  27092.83108585  17733.21781026
   5860.02922163   3514.53244687   3290.61486715   7593.72661651
   6259.95668515   9774.48913202   7506.10669401   6892.76723652
   5714.76605627   3134.84611605   7973.41294734  20201.2599093
   5247.45980295]
