[  3017.04132018   4886.14662317   3926.04346302   3154.06862478
   3622.44327453   3862.46906457  16742.12321439  20177.73560371
  11863.76121144   6456.79799379   3769.18988372   3861.81905325
   3278.80016267   3069.02233756   2883.76399849   2609.96307091
   3487.21579411   4601.49021583  19326.80378395  41824.79443067
  47099.20831927  19463.0231509   14390.2139254   11311.65623216
  13916.17052839   6640.80721568   3177.00238346   2748.27707345
   3163.69711522   2819.23850407   2928.63737628   3199.17783053
   2749.75543659   2987.7719018    3032.12279594   5078.17737887
  17651.65586715  42683.30051896 430499.34577169  59725.87077327
  24741.88547677  20318.62296802  15256.70758367  14280.98791262
  12536.51940983   6127.14387291   2481.18499504   2894.43810368
   2641.15394032   3231.03942605   2894.43810368   2777.79408108
   2599.49536082   2174.57784992   2751.1325902    3284.36240781
   2599.49536082   3524.31582573  11254.48183781  29061.02505943
  46231.02518629 101793.57218065  43084.96926242  25275.09335444
  19796.15697856  13704.00631243  10774.57500197   8768.29781323
  10228.01443892   5188.88210183   2259.13204738   2642.90754405
   2753.68809979   3531.13021417   2753.68809979   2803.14370503
   2486.62783149   3074.16042175   2898.09846709   2787.31791135
   2561.80035146   3311.5473269   15204.63127513  17891.05975179
  24253.02880992  39548.65839869  29475.54072331  27378.62306112
  13717.00666949  11489.52620946   8723.96876442   9372.82630517
   8166.1095373    4756.45307342   2295.42807667   3260.98550293
   5059.62281939  10893.72969573   8850.51846655   8259.46484414
   8496.39582209   9179.16466177   4116.99419745   2990.93514097
   4649.4519866    5630.29528241   8728.23151019  12728.03404113
  17828.41917931  24681.58402531  17385.1289625   14307.57389411
  12891.08331628   9482.33440774   9365.14274123   8583.01574951
   7299.00270773   8351.1952451    7716.26537405   8649.98577265
  13456.77838466  14117.85242687  13912.43393918   5195.22029782
   6031.83377497   6308.21501296   7749.8793084   10965.61236119
  17606.23183605  11481.02602122  10121.52912085   8534.20444323
   7241.93541156   5237.724256     5870.53480738   9793.96022591
   7204.30473874   9618.72038091   5004.07112934   6503.34535875
   5159.83988045   5870.53480738   7184.83364485   7282.18911429
   7204.30473874]
