[2.52334365e+03 5.25980839e+03 3.11255065e+03 2.51702720e+03
 2.86084793e+03 2.30813989e+03 1.35504289e+04 1.99234380e+04
 1.54965840e+04 8.44287636e+03 3.34282327e+03 2.66581301e+03
 2.79385922e+03 2.77478850e+03 2.58816797e+03 2.25715491e+03
 2.53368023e+03 2.73937147e+03 1.16549290e+04 1.85040388e+04
 1.85040388e+04 2.04329050e+04 2.80284969e+04 3.22785412e+04
 1.84114096e+04 9.68623528e+03 3.24648545e+03 2.56939513e+03
 2.85471922e+03 2.80741160e+03 2.77488761e+03 2.94933446e+03
 2.61818112e+03 2.52504424e+03 2.31807340e+03 3.10604095e+03
 1.05407292e+04 1.68710801e+04 1.54222843e+04 2.29855901e+04
 4.53443542e+04 5.90162565e+04 2.71309203e+04 1.98987678e+04
 1.62679080e+04 9.19821435e+03 2.66948177e+03 2.92276594e+03
 2.47951865e+03 3.19104719e+03 2.92109959e+03 2.77779408e+03
 2.74779990e+03 2.40120052e+03 2.65615103e+03 2.90776885e+03
 2.00960988e+03 2.45119082e+03 5.01236029e+03 1.49371003e+04
 1.24675797e+04 1.65767820e+04 2.67148139e+04 7.86513981e+04
 2.41531778e+06 3.02074692e+04 1.79165219e+04 1.06479329e+04
 1.35107105e+04 7.50933910e+03 2.48267138e+03 2.72203651e+03
 2.54597456e+03 3.37287228e+03 2.86644688e+03 3.23439658e+03
 2.93172828e+03 3.26406995e+03 2.89809847e+03 2.83479529e+03
 1.98811533e+03 2.56377858e+03 8.83079287e+03 1.36576599e+04
 1.12402700e+04 1.48010735e+04 2.20215919e+04 3.35665084e+04
 1.61992824e+05 2.22827175e+04 1.76378471e+04 1.00295967e+04
 1.12046619e+04 6.41751756e+03 2.50178732e+03 3.22022318e+03
 5.14114746e+03 1.28656069e+04 9.79314709e+03 9.36514274e+03
 9.80843296e+03 1.24376025e+04 4.65199963e+03 3.23805670e+03
 5.30674438e+03 6.32834999e+03 7.84929401e+03 9.34730923e+03
 9.11802118e+03 1.10873507e+04 1.47202924e+04 2.30409007e+04
 3.00825913e+04 1.87710478e+04 1.18006913e+04 8.71039800e+03
 9.57404963e+03 6.00942449e+03 5.70316419e+03 7.95903268e+03
 1.48984427e+04 1.59554142e+04 1.55371074e+04 6.21857785e+03
 7.38386091e+03 7.42120973e+03 7.11868432e+03 7.87313040e+03
 1.09021194e+04 1.52943401e+04 2.01833001e+04 1.02447802e+04
 5.79653623e+03 4.68279808e+03 5.87053481e+03 1.01833821e+04
 8.06103287e+03 1.14976809e+04 7.11668482e+03 7.28218911e+03
 6.18207231e+03 3.44638362e+03 1.18092184e+04 1.37076501e+04
 6.02630356e+03]
