[  1847.22022479   4227.04877809   2391.17584347   1922.80119372
   2244.56549604   1764.51391596  12382.73589261  14785.5886664
  10779.1041278    7304.08245627   2661.72643035   2040.56611703
   2048.73927904   2104.5892195    1875.74068301   1753.14325274
   2006.51127529   2169.97451563  10867.58109588  13436.6783567
  16395.36300702  20563.67563592  24519.48605237  22895.75119824
  18634.8093998    8947.05371089   2569.39513376   1986.92005741
   2187.97744417   2034.22767782   2060.83821431   2189.45580731
   2000.22532565   2000.22532565   1830.21356478   2677.31564283
   9777.89379442  12181.71225673  13855.21932889  16226.51380216
  24363.42451345  28928.60988345  33174.46881565  33848.60240655
  23452.75282047   8475.02141355   2146.25001586   2344.54485428
   1916.29465702   2426.1956701    2062.93285686   2079.59628866
   2062.93285686   1691.33832771   2132.91927042   2264.56038164
   1701.33638679   2356.20925654   4489.12852696  11557.75629657
  11637.74076921  11991.00552338  14103.92867563  22269.0102577
  34060.05459947  83823.72732739  45324.53449636  31020.64463913
  21935.7416217    7159.19341461   1956.46374331   2114.72168008
   1908.98636228   2575.64792092   2100.87411061   2245.28447792
   2102.85233482   2484.64960728   2405.5206389    2213.63289056
   1780.40178866   2340.23923998   8720.012316     9966.29356806
  10013.77094909  10235.33206057  11165.09743909  20122.49666024
  31770.28080647 198265.54318478  41147.06356006  29348.9343739
  17891.05975179   6295.23060761   1824.1137657    2420.26267796
   3625.29872709   8679.82625663   7398.36085978   7092.64346888
   7635.29183772  10557.44056574   3709.37100958   2868.64818461
   5979.32263702   7166.52517168   8198.32136596   8853.06611147
   7969.03332279   8297.67951801   9082.35415465  14964.86628455
  24304.53257654  45490.7477659   27871.23547037  22378.51301387
  13492.32751838   5105.58313956   3660.18396252   5766.65718177
  11051.51463786  11682.70962731  11477.29113962   5348.35044319
   8706.00899657   9337.20398602   8496.85562728   6700.37758037
   6995.43322633   9438.04578907  26428.02216204  19832.22126632
   5647.14097075   3426.91252437   2969.34181799   6347.57660765
   5325.3441785    8294.6859965    6960.91606513   6337.8410607
   5403.22855406   2969.34181799   6328.10551376  54869.54257776
   5325.3441785 ]
