[  2339.64219079   6315.92186978   2882.90435387   2339.27837535
   2693.47859525   2244.56549604  15994.79967352  16622.75903773
  14053.83436596  10063.88683083   3177.99783112   2457.39737992
   2510.52293303   2641.29352531   2379.75234075   2137.28186756
   2445.13763689   2565.01067981  13082.50800261  11398.83662701
  11774.80207982  14515.535743    17899.22481823  23113.70218537
  18716.54101998  11256.25693237      0.           2485.1284349
      0.           2593.04894397   2702.44781618   2749.75543659
   2547.21968669   2584.17876514   2294.4195901    3023.25261711
  10493.42155318   9281.16378006   9020.97186778  12163.97189907
  22648.52327343  31601.49043687  37550.42370399  26326.69076065
  16267.90797003      0.           2614.49244944   2721.13841296
   2346.21119746      0.           2599.49536082   2777.79408108
   2652.81834258   2134.5856136    2777.79408108   2841.11512192
   2089.59434774   2624.49050852   4797.40201526   8781.62855867
   6795.34748809   8958.26093575  14863.78116572  22109.04131242
 146158.29300533 131121.21214889  32780.30303722  23075.52035682
  14130.59016651      0.           2290.78363474   2514.32297042
   2417.38998415      0.           2816.9912745    3137.46359645
   3123.61602699   3408.48031317   3089.98621542   2834.79529238
   2098.89588641   2642.90754405   8225.45626359   8217.54336675
   5459.89881855   6255.14495081  12886.15250145  16593.34467028
  51370.52627537  58966.9072403   26049.25639225  17313.41828258
  12478.63831427   7174.16810645   2359.11919978   3136.15090165
   4914.40705871  12167.55215781   9752.3847697    9222.47462548
  10116.69799386  13094.89491021   4797.2153922    3503.01177073
   6575.47154927   7946.10451847   7994.50977203   5495.27010142
   4730.97662417   5551.31828976  11484.78331814  15296.06012469
  24997.49199591  72516.16512144  22500.79997023  11928.07353494
  12177.74273751   5830.15016887   4773.17867766   7118.68431895
  14924.58685126  15828.42819711  15626.74459101   6397.85217122
   8433.36264018   9553.8271185    7869.39551942   7809.63741391
   5886.17339279  11058.98440105  21318.70414089  16351.31162033
   6278.3359602    3903.95432464   4303.11174936   9005.38092343
   6814.88286097  11341.91219004   8294.6859965    8538.0746701
   7437.9578654    3047.22619355   7029.06489374  20045.4911582
   5013.80667629]
