[  2862.68106659   6816.73243711   3247.48406739   2642.87856383
   3080.11473272   2705.15552557  20919.86939778  24402.1895084
  19508.25826501  10567.89848857   3473.59385742   2698.50565943
   2838.8116074    3069.02233756   2796.58360364   2379.75234075
   2774.78850493   3090.81743627  16967.48434824  17316.20592765
  19375.84275605  26045.1429623   26448.35228849  26186.81110393
  23146.39483344  11684.98224237      0.           2604.87584907
      0.           3080.90877949   2810.36832525   3069.08187439
   2690.62091107   2678.79400597   2593.04894397   3533.28789971
  13535.89289109  12968.20144612  15209.39996325  24316.11689304
  50619.15384348  65426.43903321  27887.84223433  20951.36239106
  18745.64458923      0.           2802.78922878   2879.44101506
   2506.18014274      0.           3017.747499     2844.44780828
   2787.79214016   2347.87754064   2764.46333564   3029.41190126
   2156.24807494   2597.82901764   5775.54546193  10108.03772996
  12304.27804122  14350.54746627  20089.43337824  87796.28946854
 133360.77738283  25048.47068196  17323.30369942  15183.71905628
  14557.1740206       0.           2642.90754405   2686.42847666
   2593.45193881      0.           3008.87902283   3440.13190053
   3313.52555111   3455.9576942    3010.85724704   2977.22743548
   2098.89588641   2690.38492508   9052.35398321   7815.9638522
   9839.68721864   8913.87828854  12917.80408881  26302.46909108
 128442.1414821   17265.94090155  11877.25815455  12411.37869115
  11588.43741994   6786.92607798   2562.93079371   3383.27245929
   5508.00832605  13049.03730157  10060.64980553   9609.71665395
   9991.86339258  12992.98911324   4896.57354425   3401.10597376
   5653.22408672   6779.2831432    7744.84056946   6376.75524519
   7663.31593189   8032.72444589   9635.19310319  15907.49490649
  21930.12750722  13935.61773518   9546.02553085  10409.67716014
   9489.97734252   6069.18259092   6061.71282773   7929.15362493
  15440.00051129  16433.4790154   16164.56754061   6128.94069643
   7536.99105752   7720.00025565   7417.4748465    8201.79998132
   7626.62821578  12739.68111853  16037.5815664    9673.34332952
   5800.27111612   4215.49182686   6026.30355849   9871.84460146
   6970.65161208  11653.44969226   6883.03168958   7360.07348985
   6571.49418736   3212.7304916    8138.91724539  12763.3020439
   5169.57542739]
