[ 1107.31157121  2056.43717412   939.34417291   918.58518566
  1252.02641831  1680.18053027  8080.43578574  7247.48142247
  4342.52064465  2653.55326833   984.8660231    712.42728919
   765.5528423    754.65529295   810.5052334    984.8660231
  1776.30054513  3436.81462834 13605.59037173 14531.88206704
 12957.18618501  9028.61964195  7718.18933182  5743.00851093
  4621.92312087  2559.0465918      0.           711.09266936
     0.           687.43885915   725.87630073   962.41440281
   891.45297219  1070.33491188  2186.49908103  7205.54193438
 35256.00411389 25806.30693609 15085.21745966 10993.10829381
  7755.4930217   6720.63882513  6280.08661002  5140.26863066
  3768.34763864     0.           789.84666733   731.52465603
   774.84957871     0.           734.85734239   764.85151963
   721.52659695   684.86704699   884.82822859  1218.09686459
  2116.25583862  5383.95481462 40258.85122912 61961.30480562
 15390.3456106  10914.54782909  7295.2504421   4964.03633326
  5578.91696668  4717.41754262  4650.76381542  4275.83659991
  3510.98508029     0.           793.26790806   755.68164807
   793.26790806     0.           793.26790806   795.24613227
   733.92118177   876.35332486   908.00491221  1177.04340472
  1827.87916969  3628.06320044 20589.35757371 23240.1780146
 10029.59674276  6142.38617086  5105.79668502  4043.49028446
  3770.49534353  4233.39980858  3740.82198039  3610.25918255
  3246.26592798  1928.56720759   840.72282497   942.62862194
  1266.17952731  2639.36014144  2356.57155485  2193.52227971
  2269.95162743  2234.28459849  1286.5606867   1309.48949102
  2147.66467107  3459.70180702  8893.82843026 18862.76301852
  6820.04546199  4198.51883502  4040.56484973  3034.24510468
  2929.79166279  2743.81358333  2906.86285847  3441.86829255
  3217.67553922  3424.88642207  2789.95655102  2341.77075969
  2969.23086756  3241.87722395  2823.57048537  1441.66429544
  2274.542891    3182.11911844  4803.05773041  3574.28168585
  3327.77950062  2405.2637468   2248.39871983  2853.44953813
  3395.00736932  2024.9937644   1411.65430692  2034.72931135
  1878.96056024  2024.9937644   1324.03438442  2511.77111161
  2346.26681356  1324.03438442  1713.45626219  2424.15118912
  2579.91994022]
