[  2164.870664     5732.07535347   2808.95046181   2318.51938811
   2703.85808887   2078.49359807  12320.45893087  14453.44487046
  11422.63273245  10502.51319243   3199.79292983   2468.29492927
   2476.46809129   2599.06552155   2303.46949525   2116.84896252
   2488.72783432   2509.16073936  10074.78438019  13812.6438095
  13414.88325799  14602.71613786  18863.65793629  23549.60415963
  18280.63904571  12873.58620529      0.           2464.43135097
      0.           2533.91441845   2560.52495493   2699.4910899
   2535.39278159   2559.0465918    2341.72721052   3188.82928856
   8456.23714909  10709.26257133   9020.97186778   9804.5043309
  13204.73954819  19981.55617256  23884.43485676  21329.82335437
  18603.72172799      0.           2709.4740107    2887.77273096
   2426.1956701       0.           2574.50021312   2576.1665563
   2707.80766752   2347.87754064   2871.10929916   2949.42742862
   2169.57882038   3094.39928528   4677.4253063    7881.80324146
   6687.03518139   6140.47461835   7335.24267842   9471.4946352
  16230.18257333  61614.70542417  42591.73168114  19849.47996032
  18449.75168911      0.           2480.69315886   2644.88576826
   2435.19400204      0.           2909.96781235   3058.33462807
   3266.04817008   3424.30610685   3279.89573955   2963.37986601
   2480.69315886   2929.75005444   8526.14634345   5651.78656688
   5461.87704276   5410.44321331   6063.25720248   8755.62035177
  16648.73494815 104513.54144255  57827.45009556  21079.95717769
  16553.78018609   9082.35415465   2499.23967061   3281.36666232
   4955.1693775   10852.96737694  10246.62788499   9795.69473342
  10567.63114544  14017.14237276   5637.93821718   4201.06647995
  10017.33984182  12045.26520145  11046.58839118   5844.29745604
   4710.59546478   4980.64582674   6027.72789058   8096.415569
  14959.7709947   43941.779652    42637.38545083  18939.19236624
  15413.2517912    7152.29825329   4530.41137402   7417.4748465
  15738.79103884  16433.4790154   16373.72090989   7540.72593911
  13695.8108067   15055.30770707  13124.37392276   9101.90644558
   4952.45299419   6793.74962023  18793.92418307  29505.56459584
   8649.98577265   4848.30237823   2979.07736494   8693.84342121
   7048.53598763  11896.83836587  11497.68094115  10884.34148366
   9784.22467896   3446.38361826   5150.1043335   61548.12778151
   6659.11410986]
