[  912.12877122  1951.34480118  1170.28790603   971.78009048
  1303.92388643   866.68771755  3696.3971666   3604.27916069
  3540.70476225  3750.11917234  1280.4620494    800.96987771
   820.04058908  1073.40861163   833.66252578   952.17337503
  1185.10849253  1138.79390777  3592.10470667  2938.25174528
  2652.19107466  2815.65431501  3148.02957039  4066.14810368
  5740.28412359  5602.99629284     0.           665.26341208
     0.           915.10678239   963.89276594   830.84008353
   821.9699047   1119.12089543  1343.8320924   2630.00802242
  3497.80718439  2724.62326325  2177.6289022   2000.22532565
  2069.70839313  2440.77754076  3188.82928856  4483.87539741
  6702.89846748     0.           978.14344667   711.52853787
   736.52368557     0.           788.18032415   858.16673771
   923.15412173   859.83308089  1019.80202617  1286.41693497
  1488.04445975  2639.48759714  2694.47692208  2749.46624702
  2104.59143636  1767.99011399  1688.00564135  1624.68460051
  1932.95808882  2572.83386994  3804.26147997  6328.77139769
  8215.07187747     0.           840.74528909   761.6163207
   682.48735232     0.           872.39687644   876.35332486
   925.8089301   1066.26284898  1163.19583526  1481.689933
  2053.39672958  2882.27267341  4071.18542339  2977.22743548
  2087.02654115  1653.79543924  1461.90769091  1418.3867583
  1796.22758233  2514.32297042  3693.34459936  5980.17178568
  9360.95695991  8445.44292361   799.96050619   963.00978133
  1001.2244552   1943.85307714  1536.22988927  1844.4949251
  2086.52119289  2664.83659068  2025.37771471  2804.95706151
  5609.91412301  7989.41448218  8465.824083    3607.46521262
  2537.45434447  1778.25615707  1312.03713595  1291.65597655
  1615.20688192  2292.88043175  3523.39293012  6679.92499116
  9839.00469713  2401.52886521  1258.65509732  1019.62267527
  1348.29225558  1680.69671748  2435.14279956  2943.08669639
  9789.12465895 10782.60316306 12642.57419708  6461.34515833
  1676.96183589  1112.99471513  1617.20373038  2554.65901058
  2341.77075969  1012.4968822    623.07500443   700.95937999
   700.95937999  1012.4968822   1324.03438442  1246.15000886
  1178.00118025  1168.26563331   856.72813109  1401.91875997
  1168.26563331]
