[ 1056.28338821  2452.15536851  1075.57502672   961.40059686
  1198.83151349  1398.63676574 12631.84373956 11697.68931347
  7058.05566385  3496.7511498   1160.58900648   866.35517385
   918.11853329   941.27582568   855.45762449   875.89052954
  1227.33649629  1894.81139438 14248.54578377 16308.18261217
 16749.53336111 14117.77519149 10723.1885669   9576.22149712
  7846.23553676  3664.86221898     0.           785.01082625
     0.           878.14770394   833.79680981   960.93603967
   844.14535177   892.93133532  1092.51035895  2057.88148803
 15794.83176588 54498.37871747 27663.13103736 17083.96442218
 13849.30587634 10443.15720649  8609.98691543  7282.41681755
  7634.26724439     0.           883.16188541   874.83016951
   763.18517645     0.           843.16964909   804.84375595
   814.84181503   671.53630155   818.17450139  1043.13083069
   989.80784893  1498.04251883  5773.87911875 26488.19118949
 32180.41949242 20922.60496825 15723.61424661 11484.43719665
  8611.66155431  7881.80324146  7688.50743258  7268.58895122
  6390.42609535     0.           761.6163207    811.07192594
   824.91949541     0.           826.89771962   813.05015015
   718.09538809   923.83070589   860.52753118   908.00491221
   935.70005115  1305.62797835 12090.90636919 15948.44357794
 17645.7599498  15248.15220774 12284.77234173  8549.88503397
  7143.36762093  6492.53185597  6702.22362219  6632.98577485
  5362.96583228  2359.11919978   779.57934679  1024.15325951
  1429.22880246  2866.10053969  2356.57155485  2234.28459849
  2331.09510561  2501.78731553  1085.29673769  1001.2244552
  1635.58804131  2045.7588741   5365.34021029 11235.11411557
 12050.3604913   9877.21937099  7727.00705499  6539.80452033
  6043.01376012  5265.98205825  6002.25144133  5248.14854378
  4674.92843584  2554.65901058  2099.00345606  2401.52886521
  3391.27248772  3604.16073861  3365.12831656  1381.90618993
  2155.02667997  2341.77075969  2999.10992031  3757.29088398
  5733.04324742  5049.55991564  4530.41137402  3697.53277847
  2375.38469404  1479.80313552  1401.91875997  2112.6136869
  1801.07618469  2258.64689106  1333.76993136  1723.19180913
  1645.30743358  1100.1168047   1713.45626219  2735.68869133
  1878.96056024]
