[ 1046.07775161  2213.42701517  1482.97015143  1253.32385501
  1607.52407491   992.53907773  4249.10520204  4333.43858773
  4229.6436515   4395.79897172  1577.42026937  1052.97570658
  1051.61351291  1392.16193031  1108.82564703  1194.64384822
  1480.70451883  1347.20953921  3977.60551516  3344.18545881
  3233.84777157  3299.23306771  3740.58381666  5130.02135962
  6770.10253779  6747.24936161     0.           986.06821301
     0.          1190.08232605  1286.17593002  1175.29869467
  1154.60161074  1394.09643909  1593.67546271  2832.54377232
  3784.60963316  2962.63972846  2819.23850407  2822.19523035
  2535.39278159  2964.11809159  3902.87868419  5555.68867242
  7776.19010563     0.          1233.09395321  1219.76320777
  1031.46642843     0.          1124.78164651  1208.09880551
  1273.08618953  1168.10656919  1383.06483941  1703.00272997
  1809.64869349  2987.75332176  2814.45363104  3162.71935567
  2532.84163362  2372.87268834  1984.6147274   1974.61666832
  2376.2053747   3124.39346253  4532.45344964  6368.76363401
  9394.84284892     0.          1141.43536895  1084.06686687
  1000.98145007     0.          1285.84573625  1323.43199623
  1402.56096462  1624.1220761   1721.05506237  2087.02654115
  2704.23249455  3630.04142465  4884.23557355  3695.32282357
  2644.88576826  2003.94112434  1719.07683816  1768.5324434
  2211.65466635  3072.18219754  4601.34951157  7301.6255577
 10219.50626689 10004.6016172   1064.9155783   1413.94293291
  1841.94728017  3029.14981483  2336.19039546  2868.64818461
  3561.60760398  4570.47499395  2662.28894575  3482.63061133
  7620.00596818 10180.38911696 10147.26973295  4715.69075463
  3069.91213362  2127.28351168  1559.15869359  1579.53985298
  2004.99655532  2787.12354704  4547.54618964  7663.31593189
 11194.35179678  3066.33778901  1886.11520518  1501.42240095
  2128.88250881  3275.4911583   5228.83423217  4175.59762255
 13094.49487    14207.48958514 19047.89613149  8171.92092857
  2095.26857446  1411.78524269  1979.48724504  3305.37021105
  2887.06347248  1401.91875997  1090.38125776  1012.4968822
   934.61250665  1479.80313552  5159.83988045  4624.38479852
  6026.30355849  2346.26681356  1168.26563331  1567.42305802
  1567.42305802]
