[ 665.91778822 1429.77524661  731.75430044  564.38496577  782.35433186
  616.28243388 2986.69929011 2841.38637938 2663.63755108 2588.16797219
  809.14303973  450.88610463  448.16171729  602.08960195  460.42146032
  536.70430581  681.09683479  764.19064863 2968.22000601 2520.05828872
 2191.76961435 2400.18524579 2457.39737992 3025.43214013 4183.29675927
 3593.90078836 3593.90078836  307.49953269  307.49953269  510.03528259
  489.33819866  437.59548883  405.0714998   619.4341548   796.83773136
 1726.72814513 2854.71921939 2341.72721052 1949.96097896 1833.17029106
 1877.5211852  2071.18675627 2664.01037459 3151.87021011 4636.14680062
 5225.65221252  614.88063342  614.88063342  401.58870638  401.58870638
  253.28416336  241.6197611   293.27639968  376.59355868  443.24728588
  616.5469766   856.50039453 1861.30533207 1916.29465702 2332.88045202
 2049.60211142 1474.71371431 1446.38588025 1571.36161875 1691.33832771
 2196.24031126 2707.80766752 3564.30806205 5467.27197362 6490.55363176
  506.42539766  506.42539766  269.03849251  269.03849251  253.21269883
  223.53933569  239.36512936  271.01671672  302.66830407  542.03343344
  906.02668801 1592.47048874 2925.79360603 2102.85233482 1974.2677612
 1287.82396046 1129.56602369 1450.03834565 1558.84067718 1988.11533067
 2595.43016302 4152.29261599 6318.44812552 6254.46828883  471.31431097
  349.02735461  428.00434726  692.95941937  573.22010794  613.98242672
  692.95941937  881.48514376  529.91014423  899.31865823 2476.31086629
 3849.49148041 4794.66774728 2030.47300456 1757.87499767 1306.9418461
 1003.77210012 1169.36902019 1513.30108495 1841.94728017 3113.22209733
 4797.2153922  8116.79672839 1288.53415007  597.58105511  451.92067292
  746.97631888  840.34835874  750.71120048  601.3159367  1557.44562487
 1736.7199414  1915.99425793 1680.69671748 1015.88779368  989.74362252
 1318.41320283 2192.37549592 1352.02713718  545.19062888  311.53750222
  467.30625332  311.53750222  545.19062888  623.07500443  700.95937999
  778.84375554  467.30625332  545.19062888  934.61250665  545.19062888]
