[  859.82488364  1878.68834582  1075.57502672   897.82619842
  1168.99046932   804.41075581  3551.08425587  3478.42780051
  3425.23289569  3628.88393575  1182.38410519   735.58458157
   754.65529295   953.5355687    746.48213093   833.66252578
  1074.7708053   1040.71596356  3419.10611064  2860.60670611
  2532.31803174  2686.2459164   2984.56633004  3859.09466591
  5542.76604151  5496.55414691     0.           663.78504894
     0.           820.49154156   869.27752512   770.22719487
   761.35701605   989.02493929  1200.43086802  2332.85703169
  3318.9252447   2628.52965928  2106.66747158  1929.26389503
  2020.92240958  2380.1646521   3045.42806418  4223.68348513
  6501.84108071     0.           951.48195579   718.19391059
   683.20070381     0.           734.85734239   764.85151963
   829.83890365   791.51301051   913.15606265  1178.10462827
  1313.07842585  2342.8785111   2317.8833634   2667.8154312
  2049.60211142  1701.33638679  1621.35191415  1571.36161875
  1879.63510706  2427.86201328  3482.65724623  4934.04215602
  8001.77995042     0.           856.57108276   722.05183651
   650.83576496     0.           809.09370173   797.22435648
   860.52753118   987.1338806   1084.06686687  1353.10535938
  1829.8573939   2547.95278199  3881.27589927  2803.14370503
  2005.91934855  1574.66647086  1398.6045162   1386.73517094
  1717.09861395  2278.91428948  3424.30610685  7475.70928815
  8866.40090751  8488.75288732   799.96050619   881.48514376
  1021.60561459  1859.78079464  1475.08641109  1722.20796874
  1964.23423653  2499.23967061  1801.18496138  2458.47735182
  4916.95470364  7085.0005341   7584.33893924  3260.98550293
  2313.26159114  1635.58804131  1230.51249837  1250.89365777
  1554.06340374  2147.66467107  3378.17716944  6906.66538941
  9428.83386434  2225.98943027  1225.04116297   959.86456976
  1314.67832123  1591.05955922  2494.90090507  2644.29616884
  8437.09752177  9490.3341314  11230.78895439  5800.27111612
  1583.58979603  1053.23660962  1527.56657211  2345.50564129
  2192.37549592   934.61250665   623.07500443   700.95937999
   623.07500443   934.61250665  1324.03438442  1168.26563331
  1100.1168047   1012.4968822    778.84375554  1246.15000886
  1090.38125776]
