[  2738.9377228    6640.28104551   2862.14536663   2496.26821641
   2871.22742355   2912.74539804  24308.77406579  27609.453038
  18340.56523238   9911.32113984   3034.96749582   2401.54743946
   2706.67882145   2761.16656823   2456.03518625   2180.87206499
   2631.75816962   3198.43073616  20165.91508441  25260.51940862
  27494.51702673  32975.9843531   27331.05378638  24650.25664465
  21615.28914883  10948.75739967      0.           2270.76577989
      0.           2414.16700428   2464.43135097   2689.14254794
   2250.06869596   2368.337747     2353.55411562   3509.6340895
  16587.23440782  17970.98230495  17515.64645846  42825.2233802
 155973.22450651  33269.08405648  20087.9983185   18467.7123193
  18030.11683047      0.           2896.10444686   2434.527386
   2117.9221818       0.           2479.51865186   2427.86201328
   2371.20634516   1932.95808882   2361.20828608   2681.14617664
   2022.94062054   2517.844545     6378.76169309  14910.43877476
  17296.64220854  20755.97065025  53256.32803323 118803.60336223
  33913.41639963  17596.58398094  14957.0963838   12067.65730966
  14370.54358444      0.           2051.41850537   2342.21746419
   2180.003079        0.           2767.53566926   2755.666324
   2502.45362517   2818.96949871   2516.30119463   2627.08175037
   1893.1605686    2437.17222625  12249.16430596  13309.49248231
  11208.6183717   16075.04992736  23556.69388813  38345.89807924
  28842.50897623  14259.04010293  10634.93335091   9863.42590916
  10571.6301762    5722.01049968   2030.47300456   3054.62626407
   4649.4519866   10445.34418908   8483.65759747   8114.24908347
   8213.60723551  10185.48440681   3831.65796594   2766.74238764
   4567.92734903   5426.48368847   7910.43748953   8506.58640179
   7706.6258956    9999.50632735  13736.9014311   19927.67859682
  29960.30430818  11678.40433237  10389.29600075   7355.05089607
   8425.06176421   5680.7549051    5882.4385112    7118.68431895
  12847.99268477  13848.94095207  13217.74596262   4986.06692854
   5886.17339279   5886.17339279   6184.96392034   7122.41920054
   9311.05981486  17792.97591577  13240.15525218   7092.54014778
   5557.50381248   3358.76369576   4780.15354962   8070.76841678
   6026.30355849   9229.29850314   5004.07112934   5714.76605627
   4848.30237823   3212.7304916   11332.1766431    7671.61099206
   4614.64925157]
