[ 727.15160782 1628.28306216  908.20569204  721.37480682  980.8621474
  699.31838287 3425.23289569 3290.29947859 3122.93014391 3059.48698187
  973.96847375  592.55424627  622.522507    799.60768404  614.34934498
  679.73464112  877.25272321  875.89052954 3286.97332469 2761.16656823
 2421.98034451 2826.55186437 3236.57215891 3748.75697867 4961.1093446
 4424.74087189    0.          474.55456728    0.          665.26341208
  702.22249053  604.65052342  572.12653439  798.31609449  997.89511812
 1986.92005741 3188.82928856 2508.7822451  1986.92005741 2023.87913586
 2165.8019971  2214.58798065 2962.63972846 3925.05413126 5576.38575636
    0.          711.52853787  463.24340404  534.89616078    0.
  548.22690622  603.21623116  654.87286975  616.5469766   684.86704699
  909.82337629 1071.45866475 2049.60211142 2197.90665444 2506.18014274
 1916.29465702 1581.35967783 1554.69818695 1478.04640067 1972.95032514
 2226.2344885  3364.34688045 4369.15181799 6633.71219963    0.
  603.35838393  549.94633027  490.59960399    0.          427.29642928
  526.20763976  652.81398917  668.63978285  779.42033859  987.1338806
 1463.88591512 2150.32971586 3467.82703946 2532.12698831 1784.35823708
 1432.23432776 1303.64975414 1370.90937727 1748.7502013  2148.35149165
 3281.87396376 4692.34782521 7194.80145038 6970.35651252  613.98242672
  654.74474551  672.57825998 1449.60996185  983.39094073 1207.58369405
 1370.6329692  1864.87608449 1452.15760677 1946.40072206 3992.15959617
 5958.94147762 6555.09038988 2932.33930771 2086.52119289 1472.53876617
 1148.9878608  1250.89365777 1798.63731646 1923.47191774 3174.36557551
 4649.4519866  7994.50977203 1744.18970459  956.12968817  720.83214772
 1045.76684643 1258.65509732 1322.14808442 1893.58496837 7144.82849011
 7992.64661204 8945.04141861 4414.63004459 1348.29225558 1053.23660962
 1408.05036109 2132.61739041 1684.43159908  778.84375554  467.30625332
  545.19062888  467.30625332  778.84375554  934.61250665  934.61250665
 1012.4968822   856.72813109  700.95937999 1168.26563331  856.72813109]
