[  1497.6771712    4674.6644406    1524.48812592   1305.22132313
   1564.70866371   1795.65239683  19710.65839066  21558.20825561
  13867.00348074   7105.20218051   1686.39576294   1294.0839861
   1269.56450004   1269.56450004   1172.84874951   1129.25855208
   1480.70451883   2092.32947647  16874.85517871  24552.17870044
  29118.25188086  21261.11879474  22198.30803941  17801.14687402
  15648.88087609   7161.19104024      0.           1164.95015271
      0.           1164.95015271   1166.42851584   1318.69991905
   1119.12089543   1190.08232605   1329.04846102   2224.93652262
  15989.97570009  20318.62296802  35457.06150065 749920.39881021
  31128.41423272  19798.23914346  15848.05283885  13139.69157012
  13228.3933584       0.           1259.75544409   1256.42275773
   1098.12015563      0.           1166.44022601   1179.77097145
   1124.78164651    939.81755353   1141.44507831   1378.06580987
   1163.10753965   1604.68848235   5640.57166435  16116.87123709
  14797.12743852  32407.0421649   46204.36369541  25221.77037268
  18723.03197063  15290.3650198   12277.61655034   9681.45387588
  11341.13168317      0.           1095.93621213   1139.45714474
   1127.58779948      0.           1224.52078575   1210.67321629
   1084.06686687   1353.10535938   1226.49900996   1273.97639099
   1127.58779948   1511.36329615   9606.25676191  13147.27809712
  18017.6661012   18911.82344395  19987.97741398  20375.70935907
  14326.29972606  12478.63831427  10824.84287503   8225.45626359
   9408.43434094   4142.47064669   1126.05905648   1413.94293291
   2086.52119289   4300.42463199   3587.08405322   3403.65361868
   3541.22644459   3997.25488602   1658.51684563   1411.39528799
   2415.16738811   2985.83985112   5637.93821718   9449.21502373
  10863.15795664  13319.08766354  12753.51049037  12177.74273751
  10531.9641165    9546.02553085   9630.09781334   7971.58096771
   7360.14618591   3215.73305279   2789.95655102   3454.76547483
   5284.85745609   5587.38286524   5348.35044319   2192.37549592
   3271.7562767    3480.90964599   3899.21638456   4085.96046428
   8048.66983595   7305.42839867   8257.82320524   5710.63395785
   3032.72385466   2024.9937644    2034.72931135   3134.84611605
   2735.68869133   3738.45002659   2424.15118912   2657.80431578
   2579.91994022   2112.6136869    2959.60627105   4536.76487602
   2579.91994022]
