[ 1292.28873461  2609.14520956  1650.33948611  1399.93420244
  1721.69850477  1232.56486777  4459.28994791  4668.17725708
  4521.56690965  4922.96792185  1873.01629567  1261.39133803
  1269.56450004  1533.83007194  1304.98153545  1337.67418352
  1623.73485413  1588.31781873  4055.25055433  3541.7035409
  3322.3903601   3660.21439015  4255.49302376  5534.59287949
  7396.7116258   7329.72443797     0.          1235.91158333
     0.          1401.48825478  1451.75260147  1391.13971281
  1357.13736064  1583.32692075  1735.59832396  3070.56023753
  3808.26344336  3141.52166815  2724.62326325  2678.79400597
  2891.67829783  3546.59316795  4593.27426962  6247.56262099
  8967.75079482     0.          1661.34415047  1459.71662569
  1273.08618953     0.          1459.71662569  1516.37229381
  1593.02408009  1396.39558485  1611.35385507  1942.9561479
  1969.61763878  3187.71450337  2949.42742862  3244.37017149
  2587.83095856  2239.56523394  2252.89597938  2376.2053747
  2899.43713322  3835.92200039  5522.26129856  7535.20386002
 10907.88245637     0.          1558.84067718  1410.47386146
  1351.12713517     0.          1875.35655072  2053.39672958
  1976.24598541  2150.32971586  2197.80709689  2579.60436934
  3167.1369596   4122.61925284  5250.20705233  4092.9458897
  2929.75005444  2274.95784106  2005.91934855  2134.50392218
  2720.05828823  3804.1251551   5493.52863011  8371.8448551
 11525.13424524  8427.60940914  1434.32409231  1661.06449056
  2170.59347539  3745.03803852  3462.24945194  3956.49256723
  4585.7608635   5716.91520983  3418.93948823  4076.23187866
  9546.02553085 11291.1623039  10781.63331907  5902.89328929
  3686.44220527  2659.74130083  1948.94836699  1989.71068577
  2455.9297069   3339.96249558  5120.76629757  8379.20415558
 10557.44056574  3182.11911844  2125.14762722  1859.97103402
  4354.87193908  6218.57785469  7451.08878085  5135.46219231
 17270.09249255 17934.90141636 24134.80486308  9101.90644558
  2491.16602347  1803.9478101   2457.55208912  3697.53277847
  3245.61210554  1635.57188663  1100.1168047   1100.1168047
  1100.1168047   3037.4906466   8138.91724539  7905.26411873
  9005.38092343  3134.84611605  1401.91875997  1723.19180913
  1801.07618469]
