[  1856.15015681   4873.17225614   2475.50922916   2109.63207894
   2453.45280521   1743.75492872   9562.10850047  10148.54989019
   9603.62647496   9164.83900891   2837.44941373   2161.80135362
   2169.97451563   2389.28769644   2084.15631445   1962.92107786
   2247.6195548    2104.5892195    7737.26004319   6925.39261613
   7015.29739832   8135.02059471  10371.74260015  15545.3541572
  15142.14483101  12258.5871399       0.           2201.28271241
      0.           2260.41723793   2322.50848972   2402.34009917
   2179.10726534   2334.33539483   2164.32363396   3082.38714263
   6637.85048941   5449.24652649   5391.59036411   6176.60119036
   7542.60872983  10277.58053504  16492.619167    21992.13004018
  17651.65586715      0.           2534.5079768    2661.15005848
   2184.575909        0.           2331.21410884   2307.88530432
   2397.86783604   2227.90083168   3367.67956681   2694.47692208
   2076.2636023    3227.70673969   3592.63589611   5027.3573741
   4635.7667268    5255.64638976   6220.45909099   8681.64796787
  13330.74544011  19416.23073352  30034.16947656  24835.17875492
  20209.4100872       0.           2401.56419048   2439.15045046
   2241.3280295       0.           2575.64792092   2739.84053032
   2629.05997458   3408.48031317   3216.59256484   2945.57584812
   2561.80035146   3008.87902283   5728.93731105   4411.43998745
   3663.67123621   4407.48353903   5586.50516796   7657.70591543
  15343.1069698   35338.99728062 153193.68279284  27315.31988641
  19679.37443728  10374.0101312    2420.26267796   3118.31738718
   4547.54618964   8684.92154648   7805.98404764   8954.97190844
   9849.19527682  13426.08875035   5225.21973946   4611.23731274
  11311.54346329  14047.71411185  11296.25759375   4878.74002978
   3767.96684284   3645.67988648   4346.28224063   6949.97535312
  13217.18186657  31723.27459571 180332.49831212  33292.62386899
  16936.74345585   6636.88459327   3902.95126616   6756.40080429
  14054.35943976  14958.20078561  14842.41945618   7809.63741391
  16523.11617367  17240.2134398   16089.86990872   9520.21318415
   3753.55600238   5953.40126149  15888.18630262 164035.99962648
  10726.57993915   3903.95432464   2735.68869133   7204.30473874
   6503.34535875  10485.18405895  12987.21962362  10417.03523034
  11040.11023477   3680.03674492   4049.98752881  12919.07079501
   6425.4609832 ]
