[  891.71749802  1940.96530756  1149.52891878   961.40059686
  1262.40591193   835.54923668  3822.24852678  3708.07409693
  3561.4637495   3782.81182041  1258.66695069   811.86742707
   830.93813844  1040.71596356   833.66252578   899.04782192
  1141.5182951   1095.20371034  3658.85219648  3081.28208058
  2740.73366319  2925.99200225  3236.57215891  4121.99804414
  5805.66941973  5734.57061212     0.           724.3979376
     0.           903.27987729   941.71731888   830.84008353
   810.1429996   1059.98636991  1271.39229864  2415.64536741
  3450.49956398  2831.06540918  2260.41723793  2072.66511941
  2176.15053907  2594.52730711  3426.84575377  4510.48593389
  6750.20608789     0.           966.47904441   844.83599227
   763.18517645     0.           803.17741277   858.16673771
   936.48486717   858.16673771  1006.47128073  1246.42469865
  1393.06289849  2451.1908178   2627.82319488  2827.78437648
  2157.91441812  1796.31794805  1729.66422085  1706.33541633
  2066.26554322  2721.13841296  3874.24789353  5457.27391454
  8201.74113203     0.           904.0484638    797.22435648
   729.96473335     0.           904.0484638    892.17911854
   971.30808692  1113.74023002  1194.84742261  1450.03834565
  1956.46374331  2690.38492508  4118.66280443  2977.22743548
  2102.85233482  1685.44702659  1479.71170879  1529.16731403
  1893.1605686   2579.60436934  3869.40655401  6092.93056562
  9677.47283345  8794.47027822   861.10398437  1003.77210012
  1347.70416488  2045.7588741   1536.22988927  1824.1137657
  2168.04583046  2990.93514097  1841.94728017  2560.38314879
  5222.67209454  7556.31484507  8055.65325021  3424.03477808
  2394.78622872  1719.66032381  1332.41829534  1334.96594026
  1717.11267889  2336.19039546  3788.34800223  6272.3018033
 10147.26973295  2375.38469404  1258.65509732  1079.38078078
  1493.95263776  1744.18970459  2883.32859088  2853.44953813
  9128.05061674 10244.78021347 12552.93703881  6248.45690745
  1673.2269543   1142.87376789  1676.96183589  2674.1752216
  2345.50564129  1012.4968822    700.95937999   778.84375554
   623.07500443  1012.4968822   1479.80313552  1324.03438442
  1255.88555581  1090.38125776   856.72813109  1401.91875997
  1022.23242915]
