[  1404.55073722   2933.50438529   1462.21116418   1284.46233588
   1533.57018284   1764.51391596  12112.8690584   14240.66525118
   7499.18414284   4275.9259288    1488.87768085   1174.21094317
   1412.59483535   1193.28165455   1129.25855208   1107.46345337
   1535.19226561   2355.2328547   19413.9841788   22181.96171538
  21217.52859732  19991.5542947   15223.87645118  11180.88563988
   8173.16201746   4497.18066565      0.           1068.85654874
      0.           1082.16181698   1083.64018012   1246.26012529
   1093.98872208   1178.25542095   1377.83444457   2545.74132355
  19508.47996842  24268.80927262 435608.56877646  28088.89962109
  20365.93058843  17060.31061197  11803.25129341   9520.65860841
   8036.38201791      0.           1124.78164651   1148.11045103
   1018.13568299      0.           1098.12015563   1059.79426249
   1056.46157613    911.48971947   1113.11724425   1351.40431899
   1204.76611915   1806.31600713   7411.8944647   22522.29442106
  43604.86833459  35299.8139254   22482.30218474  17629.91084454
  12954.15188142  10214.68369348   9298.19494447   8178.41232751
   7475.21550554      0.            985.15565639   1056.37172794
   1064.28462477      0.           1097.91443634   1084.06686687
   1002.95967428   1226.49900996   1147.37004158   1179.02162893
   1175.06518051   1639.94786977  11897.04039664  20249.10300965
  21428.12463859  20154.14824759  18302.53038739  13020.67174771
   9321.39247572   8312.49812882   8201.71757308   7604.29386177
   6365.92550655   3034.24510468   1064.9155783    1312.03713595
   1882.70959896   4012.54075556   3299.20017679   3115.76974225
   3212.58024937   3485.17825626   1454.7052517    1309.48949102
   2109.44999721   2680.12246022   5981.87028194  10638.96520331
  12998.08440309  14098.66701033  11010.92136224   8588.11103936
   7212.38278031   7370.33676561   6555.09038988   6392.04111473
   5658.31937657   3365.12831656   2879.59370929   3331.51438221
   4892.69488868   5135.46219231   4926.30882303   1923.46402112
   2816.10072219   2972.96574915   3813.31410789   4717.15545374
   8317.58131075   5923.52220873   4743.2996249    4836.67166476
   3066.33778901   2102.87813996   1956.84493579   3056.96174049
   2735.68869133   3271.14377327   2112.6136869    2502.03556467
   2648.06876883   1956.84493579   2492.30001773   3602.15236937
   2657.80431578]
