[  2852.47542999   6891.98376588   3143.68913116   2589.68365902
   3047.67881514   2840.08894268  23094.37331186  27900.07885945
  19762.55585878  10589.69358729   3321.02816643   2599.06552155
   2815.65431501   3134.40763369   2807.481153     2345.69749901
   2742.09585686   3145.30518305  18280.63904571  21528.10875398
  23102.80463601  28191.96018555  25315.0071554   24998.97822406
  23941.91593647  11350.8721732       0.           2496.95534
      0.           2677.31564283   2714.27472128   2974.46663356
   2630.00802242   2594.52730711   2557.56822866   3307.0983396
  15132.52508008  15919.01426947  19372.47055973  25699.86479016
  83687.1805132   48490.31092483  22275.97576266  19183.24007807
  19886.94093173      0.           2736.13550158   2747.79990384
   2359.5419429       0.           2907.76884912   2682.81251982
   2626.1568517    2347.87754064   2669.48177438   2961.09183088
   2142.9173295    2557.83678132   6190.46491375  12254.28774582
  12517.56996826  16123.53660981  28914.38685959 161835.2496429
  59348.47869936  20536.01335048  16410.14763677  12870.83472242
  15177.05368356      0.           2545.97455778   2518.27941884
   2433.21577783      0.           2943.59762391   3264.06994587
   3089.98621542   3216.59256484   2834.79529238   2882.27267341
   2017.78869381   2579.60436934   9883.20815125   9586.47451981
  11082.01202228  11588.43741994  16617.08336079  31968.10322743
  53570.31159646  17099.77006794  12035.51609132  10152.24664376
  10872.32025606   6315.61176701   2295.42807667   3199.84202475
   5222.67209454  12228.69563599   9630.09781334   9077.2588648
   9439.02444403  12091.12281009   4550.09383456   3176.91322043
   5243.05325393   6246.82535405   7563.95777985   7258.24038895
   7296.45506281   8175.39256165  11357.40107193  16727.83657207
  22174.70141993  12906.36918582   9342.21393691   8277.29835861
   9082.35415465   5979.54543265   5912.31756395   7630.36309738
  14536.15916544  15738.79103884  15144.94486533   5766.65718177
   6875.91701531   6909.53094966   6935.67512082   7813.37229551
   8168.18604697  15776.13985479  16366.2511467    8564.08349598
   5437.98760146   3748.18557353   5481.11292961   9239.03405009
   6425.4609832   10796.72156117   5792.65043182   6026.30355849
   5782.91488488   3056.96174049   9686.86920952  10017.87780563
   4780.15354962]
