[ 214.31836862  489.133637    146.61034743  114.17442986  166.07189797
  188.12832192 1274.08284226 1232.56486777 1085.95452034  811.86742707
  196.15588842   77.64503917   98.07794421   98.07794421   87.18039485
   98.07794421  110.33768724  261.54118456 1322.69005316 1235.50965831
 1082.94396731 1116.99880905 1129.25855208 1334.94979618 1674.13601991
 1071.81327502 1071.81327502   82.78833573   82.78833573   70.96143062
   82.78833573   82.78833573   70.96143062   82.78833573  118.26905104
  308.97789583 1237.38994647 1175.29869467 1080.68345384  857.45062001
  842.66698863  999.37348126 1212.25777312 1364.52917633 1840.56210675
 2074.59725912  159.96894528  159.96894528   66.6537272    66.6537272
   79.98447264   66.6537272    79.98447264   66.6537272    66.6537272
  106.64596352  133.3074544   293.27639968  708.19585151 1189.76903053
  949.81561261  776.51592189  774.84957871  698.19779243  764.85151963
  896.49263085 1311.41208267 1498.04251883 2076.2636023  2464.86736518
  142.43214309  142.43214309   94.95476206   94.95476206   79.12896838
   63.30317471   79.12896838   79.12896838   79.12896838  110.78055574
  126.60634942  334.31989143 1238.36835522 1002.95967428  779.42033859
  696.33492179  633.03174708  684.46557653  809.09370173  921.85248168
 1177.04340472 1572.68824665 2211.65466635 1538.7775342   142.66811575
  122.28695636  122.28695636  244.57391272  203.81159393  203.81159393
  224.19275333  224.19275333  122.28695636  163.04927515  244.57391272
  407.62318787  856.00869452  799.96050619  652.19710059  570.67246301
  532.45778915  573.22010794  631.81594119  838.17518005 1143.89257095
 1655.96920071 2376.95271425  302.52540915  149.39526378  149.39526378
  268.9114748   328.66958031  239.03242204  149.39526378  388.42768582
  478.06484408  567.70200235  448.18579133  418.30673857  388.42768582
  537.8229496   690.95309497  392.16256741  155.76875111   77.88437555
  155.76875111    0.          155.76875111  155.76875111  155.76875111
  155.76875111   77.88437555  233.65312666  389.42187777   77.88437555]
