[  1990.0991372    5239.04940636   2642.87856383   2225.1039455
   2598.76571594   1869.6062889   10314.62178816  10628.60147027
  10023.99596671   9777.82616022   3056.76259453   2379.75234075
   2366.13040405   2532.31803174   2236.72200544   2060.99902207
   2445.13763689   2257.15491049   8739.834584     7914.34522024
   7892.55012152   9360.99489733  11867.43124935  14297.58475587
  16171.96324521  12495.12524197      0.           2391.99155721
      0.           2415.64536741   2476.25825607   2569.39513376
   2344.68393679   2559.0465918    2306.24649521   3212.48309877
   8459.19387536   6362.87494575   5987.37070871   6903.95585424
   9074.19294075  14606.22780297  16971.60882369  16711.41691141
  18934.87507089      0.           2709.4740107    2842.7814651
   2359.5419429       0.           2532.84163362   2496.18208366
   2572.83386994   2522.84357454   3046.07533306   2881.10735824
   2171.24516356   3269.36531919   4344.15667029   5855.52993457
   4930.70946966   5323.96646014   7055.29702418   9071.57227199
  13597.36034891  26548.17954397  37979.29375886  20169.41785088
  21235.87748609      0.           2482.67138307   2718.08006402
   2449.04157151      0.           2816.9912745    2995.03145336
   2820.94772292   3361.00293214   3376.82872582   2947.55407233
   2640.92931984   3008.87902283   6919.82828524   4490.56895583
   3885.23234769   4456.93914427   5459.89881855   7499.44797866
  13305.53603389  43805.79689779 164968.07328849  24957.27662854
  21364.82146388   9821.17118266   2542.54963432   3220.22318414
   4832.88242114   9464.50089327   9077.2588648    9653.02661766
  10506.48766726  14261.71628548   5472.34129711   4448.18803759
  11393.06810087  13966.18947427  11107.73186936   4858.35887038
   3994.70724109   4035.46955988   4325.90108123   6356.37408579
  12544.60360659  34423.77821532 107286.42304645  27962.95068764
  18572.33149717   7301.69351707   4291.37895198   7208.32147721
  15107.59604939  16045.05132958  15895.65606581   7992.64661204
  16127.21872466  16881.66480673  15559.51672231   9494.06901299
   4321.25800473   5800.27111612  15014.22400953  71769.48471818
   9975.86873867   4293.37620241   3047.22619355   8460.19029455
   7437.9578654   11809.21844337  12675.6821214   10962.22585922
  10796.72156117   3680.03674492   4215.49182686  21836.83179594
   7515.84224096]
