[1.54870535e+03 3.27862255e+03 1.69185746e+03 1.41031370e+03
 1.70093952e+03 1.99416021e+03 1.48893836e+04 1.49101426e+04
 7.30975838e+03 4.46118427e+03 1.85122120e+03 1.45890942e+03
 1.40169729e+03 1.32541444e+03 1.25049379e+03 1.24913160e+03
 1.68912015e+03 2.60723868e+03 1.83623707e+04 2.77996484e+04
 2.37675551e+04 1.74524253e+04 1.49132963e+04 1.10283199e+04
 7.97700613e+03 4.75885094e+03 0.00000000e+00 1.20043087e+03
 0.00000000e+00 1.22408468e+03 1.23738995e+03 1.40148825e+03
 1.21373614e+03 1.30982974e+03 1.52123567e+03 2.71279636e+03
 1.82252608e+04 3.45109091e+04 1.40749632e+06 3.12230295e+04
 2.00820849e+04 1.46357951e+04 1.14927950e+04 8.18421833e+03
 8.48876114e+03 0.00000000e+00 1.21976321e+03 1.26475447e+03
 1.16477388e+03 0.00000000e+00 1.25808910e+03 1.21976321e+03
 1.17810463e+03 1.00647128e+03 1.23476030e+03 1.51303961e+03
 1.35140432e+03 1.94128980e+03 7.07529314e+03 2.10225856e+04
 4.02188590e+04 4.36048683e+04 2.52684280e+04 1.79498487e+04
 1.40572711e+04 1.05112928e+04 9.88808043e+03 7.77848996e+03
 8.09176248e+03 0.00000000e+00 1.09593621e+03 1.17506518e+03
 1.20671677e+03 0.00000000e+00 1.25617237e+03 1.22649901e+03
 1.13154425e+03 1.41640853e+03 1.30562798e+03 1.33727957e+03
 1.28782396e+03 1.78238001e+03 1.23757707e+04 1.78277566e+04
 2.25754947e+04 2.15230794e+04 1.75033278e+04 1.51888055e+04
 1.09791444e+04 9.61812611e+03 8.50240765e+03 7.84365899e+03
 6.33427392e+03 3.28136666e+03 1.16682138e+03 1.43687174e+03
 2.14766467e+03 4.48385507e+03 3.70937101e+03 3.46479710e+03
 3.60236992e+03 3.91573025e+03 1.71711268e+03 1.43432409e+03
 2.33364275e+03 2.96545869e+03 6.45318459e+03 1.20554558e+04
 1.37572826e+04 1.38948554e+04 1.14796880e+04 9.87976702e+03
 8.95497191e+03 6.82259311e+03 7.04678586e+03 7.33466974e+03
 5.67870054e+03 3.66765373e+03 3.26802140e+03 3.66391884e+03
 5.52388988e+03 5.74051301e+03 5.53135964e+03 2.25213360e+03
 3.11489125e+03 3.24187722e+03 4.08222558e+03 5.13919707e+03
 7.80590253e+03 6.64435436e+03 5.97581055e+03 4.93004370e+03
 3.39500737e+03 2.49230002e+03 2.26838244e+03 3.52426799e+03
 3.05696174e+03 3.59241682e+03 2.34626681e+03 2.89145744e+03
 2.90119299e+03 2.73568869e+03 3.03749065e+03 3.91368987e+03
 2.90119299e+03]
