[ 1229.77921043  2714.23758249  1211.80588052  1137.85198846
  1345.44186092  1659.42154303 15138.49144959 15330.51208162
  7457.66616835  3857.73247224  1269.56450004   965.79531173
  1073.40861163  1028.45622053   964.43311806   964.43311806
  1392.16193031  2244.89516746 19027.12117664 23157.29238279
 18809.17018951 16351.77280959 12325.12832233  9333.75102394
  7911.6208329   3831.91725357     0.           901.80151415
     0.           974.24130791   904.75824043  1055.5512805
   916.58514553   999.37348126  1246.26012529  2403.81846231
 17367.81014466 46255.02586025 43936.95245994 18940.78852344
 16557.66714507 12660.70191342  9183.59181296  7947.68022963
  7513.04146707     0.           951.48195579   958.14732851
   856.50039453     0.           923.15412173   884.82822859
   881.49554223   738.19002875   938.15121035  1124.78164651
  1096.45381245  1659.67780729  6645.37660189 24295.28356459
 48750.53607447 23762.05374699 17383.2920539  12610.88518634
  9708.11536676  7855.14175058  7261.9235785   6568.72481561
  6390.42609535     0.           840.74528909   882.28799749
   904.0484638      0.           906.02668801   892.17911854
   797.22435648  1018.78546795   955.48229325  1018.78546795
  1016.80724374  1479.71170879 11422.26658634 17384.63435413
 23240.1780146  16996.90240904 13206.62482341  9044.44108637
  7319.42957559  6603.31241171  6001.93225198  6727.94053691
  5952.47664674  2603.6931125    881.48514376  1087.84438262
  1554.06340374  3273.72372755  2664.83659068  2560.38314879
  2618.97898204  2827.88586582  1207.58369405  1085.29673769
  1760.4226426   2290.33278682  5755.12988369 11703.88078162
 13752.18730064 11148.49418815  9021.21067647  7258.24038895
  4794.66774728  5367.88785522  4751.35778357  6043.01376012
  5329.67318135  2943.08669639  2457.55208912  2674.1752216
  3899.21638456  4085.96046428  3846.92804224  1561.18050646
  2364.18004926  2521.04507623  3361.39343497  4776.91355925
  5882.4385112   5169.07612666  4022.46747718  3514.52358034
  2704.05427435  1713.45626219  1489.53868247  2424.15118912
  2112.6136869   2492.30001773  1645.30743358  2034.72931135
  1956.84493579  1567.42305802  2024.9937644   2969.34181799
  2190.49806245]
