[  1703.0656078    4194.61286052   2401.55533709   2036.97562357
   2411.93483072   1650.33948611   7810.56895154   8918.57989583
   7862.46641966   7982.45490372   2673.98617338   2029.66856767
   2026.94418033   2291.20975223   1995.61372593   1908.43333108
   2247.6195548    2016.04663097   6816.41712256   6170.73732318
   5743.00851093   6500.38819122   7974.2817417   10984.72975146
  13589.24404769  11161.64169154      0.           2035.70604096
      0.           2142.14818689   2226.41488576   2224.93652262
   2094.84056648   2261.89560107   2176.15053907   3462.32646908
   6114.50993857   5673.95772346   4392.21688286   4939.2112439
   5471.42197356   7495.30110942  10425.41684884  13281.61443136
  15676.56271485      0.           2479.51865186   2556.17043814
   2091.26069092      0.           2171.24516356   2199.57299762
   2264.56038164   1999.61181602   2536.17431998   2681.14617664
   2144.58367268   3550.97731661   3431.00060765   4359.15375891
   3712.61260507   3889.24498215   4010.88803429   4870.72111518
   6693.70055411  10994.53230173  23382.12750195  19696.17638776
  17343.29981758      0.           2401.56419048   2411.45531152
   2178.02485479      0.           2356.06503366   2579.60436934
   2470.80203781   3024.70481651   3232.41835852   3329.35134479
   2801.16548082   3103.83378489   5252.18527654   3980.18710975
   3250.2223764    3214.61434063   3756.64777407   4745.75987887
   7400.53676818  14393.55934918  60486.18343329  42856.24927717
  18373.74645893  10990.54020285   2356.57155485   2871.19582953
   4341.18695078   8065.84382991   6763.99727366   7377.97970038
   8988.09129246  12952.22679446   5143.69510189   4672.38079092
  12784.08222946  15530.44345771  13217.18186657   5085.09926863
   3584.5364083    3215.1278943    3528.48821997   4899.12118917
   7477.33785243  17746.89454174 118251.48680006  55375.61007166
  19637.24707547   6461.34515833   3660.18396252   6338.09406571
  12915.22055347  14087.97337411  14181.34541397   8142.04187581
  18868.62181496  19585.71908109  19032.95660511  10424.05453
   3477.1747644    5023.41574448   9762.98048779  47358.29861712
  17128.16699196   3426.91252437   2346.26681356   5481.11292961
   5870.53480738   9774.48913202  13454.52587694  10806.45710811
  12286.26024364   3991.57424714   3816.33440214   8538.0746701
   4458.88050046]
