[  1414.75637382   3278.62254826   1493.34964505   1274.08284226
   1523.19068922   1774.89340959  12922.46956102  15870.24575004
   7540.70211733   4713.19009673   1510.67277956   1206.90359124
   1356.7448949    1193.28165455   1118.36100272   1116.99880905
   1513.3971669    2322.54020663  19904.37389985  23059.21443859
  26132.32335715  19070.71137407  14123.22396617  11600.44129011
   8481.01778678   4662.7573371       0.           1080.68345384
      0.           1082.16181698   1071.81327502   1246.26012529
   1082.16181698   1154.60161074   1354.18063436   2628.52965928
  18798.8656622   23458.66627303 864404.84021323  34605.52433319
  22317.36993053  16084.59094092  10185.92202049   9091.93329841
   8083.68963832      0.           1124.78164651   1141.44507831
   1018.13568299      0.           1098.12015563   1073.12500793
   1056.46157613    898.15897403   1099.78649881   1324.74282811
   1191.43537371   1752.99302537   6928.6549425   20002.78353288
  38445.86984927  37766.00183182  25588.36587228  17896.52575334
  13144.11500395  10751.24619745   9568.14253964   8128.42203211
   8118.42397302      0.            985.15565639   1048.4588311
   1048.4588311       0.           1127.58779948   1084.06686687
   1002.95967428   1226.49900996   1131.5442479    1163.19583526
   1159.23938684   1592.47048874  12023.64674606  19805.9807867
  20439.01253378  20154.14824759  17764.45340237  13499.40200644
  10820.88642661   8692.31717706   8249.19495411   8257.10785095
   6765.52679689   3077.55506839   1044.53441891   1312.03713595
   1900.54311343   3951.39727738   3258.43785801   3075.00742347
   3171.81793059   3464.79709686   1413.94293291   1289.10833163
   2109.44999721   2659.74130083   5897.79799944  10638.96520331
  14022.23766261  13156.03838839   9655.57426259   7729.55469992
   7355.05089607   7472.24256258   6842.97426631   6656.99618684
   5841.74981111   3335.24926381   2819.83560378   3215.73305279
   4832.93678317   5045.82503405   4866.55071752   1923.46402112
   2845.97977494   2972.96574915   3779.70017354   4564.02530837
   6999.16810792   5650.87585234   5221.36446898   4597.63924272
   3062.60290742   2102.87813996   1878.96056024   3125.1105691
   2657.80431578   3271.14377327   2112.6136869    2502.03556467
   2346.26681356   1956.84493579   2414.41564217   3602.15236937
   2579.91994022]
