[  952.95131762  2129.09362948   970.48265378   866.68771755
  1074.27759001  1241.64692469 11090.4889365  10524.80653403
  6139.47047819  3069.02233756  1050.25131924   768.27722964
   809.14303973   852.73323715   788.71013468   788.71013468
  1107.46345337  1751.78105907 11573.19741672 15654.32965077
 14074.18499406 13066.16167857 10284.5622053   8391.11300459
  7252.31909682  3212.48309877     0.           702.22249053
     0.           759.87865291   761.35701605   832.31844667
   749.53011094   808.66463646  1031.89747029  1927.78553189
 12158.05844652 46645.31372867 22417.89862391 15327.66901429
 12107.79409983  9565.00950255  7728.88248521  7353.37824817
  6560.97560623     0.           789.84666733   784.84763779
   708.19585151     0.           774.84957871   698.19779243
   721.52659695   616.5469766    751.52077419   923.15412173
   923.15412173  1431.38879163  6148.80633425 26381.54522597
 28807.74089607 16363.49002773 12660.87548174  9551.47910784
  7348.57342386  6542.06332473  7235.26208762  6060.49014571
  6270.44938639     0.           698.313146     731.94295756
   729.96473335     0.           731.94295756   731.94295756
   668.63978285   813.05015015   779.42033859   858.54930697
   856.57108276  1242.32480364 11133.44585173 15536.97294234
 14931.6363342  13527.09714537  9637.90834926  7244.25705562
  6221.51513925  5683.43815423  6033.58383934  6027.64916671
  5444.07302487  2254.66575789   736.26938308   901.86630315
  1286.5606867   2598.59782265  2111.99764213  2027.92535964
  2106.90235228  2275.04691728  1001.2244552    919.69981762
  1513.30108495  1961.68659161  4934.78821811 10944.68259421
 11556.11737601  8338.44183679  6600.94799851  5513.10361589
  5039.24166     5001.02698614  5181.90977575  5225.21973946
  4939.88350796  2405.2637468   1949.60819228  2162.49644316
  3058.86802582  3215.73305279  2976.70063074  1262.38997891
  2005.6314162   2248.39871983  2849.71465653  3335.24926381
  4713.42057215  4115.83951704  4078.4907011   3458.50035642
  2282.01265418  1479.80313552  1324.03438442  1878.96056024
  1645.30743358  2024.9937644   1324.03438442  1645.30743358
  1489.53868247   944.34805359  1557.68751108  2424.15118912
  1723.19180913]
