[  2852.47542999   6808.94781689   3007.45827735   2589.68365902
   3026.9198279    3028.2172646   24890.02570869  27983.11480844
  18548.15510485   9957.6357246    3167.10028176   2511.8851267
   2848.34696308   2851.07135042   2577.27042284   2300.74510791
   2762.5287619    3340.0988778   20607.26583335  25827.19197516
  28540.68176496  33542.65691964  28072.08714263  24737.4370395
  21658.87934626  11185.29550175      0.           2378.68628897
      0.           2510.26060824   2572.35186004   2832.54377232
   2380.1646521    2488.08516117   2461.47462469   3616.07623543
  16918.38775073  18846.17328262  18036.03028302  45734.64203569
 165482.05620982  34510.90909236  20513.76690223  18662.85625351
  18172.03969171      0.           2977.75526268   2559.5031245
   2251.2296362       0.           2612.82610626   2536.17431998
   2479.51865186   2052.93479778   2496.18208366   2827.78437648
   2142.9173295    2637.82125396   6592.05362013  16656.76642741
  18256.45588023  21989.06460346  58042.06564622 118163.72758111
  33913.41639963  16843.39686357  14637.15849324  12817.51174066
  14477.18954796      0.           2162.19906111   2454.97624414
   2306.60942841      0.           2911.94603656   2882.27267341
   2629.05997458   2963.37986601   2674.5591314    2755.666324
   1988.11533067   2563.77857567  12439.07383008  13752.61470527
  12446.98672692  15786.22919275  23746.60341226  39295.44569986
  24957.27662854  14516.20925018  10286.76589002   9958.38067122
  10619.10755723   5844.29745604   2111.99764213   3179.46086536
   4894.02589932  10959.96846376   8914.20958965   8524.41991626
   8700.20741602  10720.48984089   4017.63604541   2929.79166279
   4771.73894296   5691.43876059   8155.01140225   9123.11647344
   8012.3432865   10019.88748674  13899.95070625  19927.67859682
  31723.27459571  12539.50831674   9260.68929934   7436.57553364
   8608.49219875   6009.42448541   6184.96392034   7507.11200476
  13509.06672698  14629.5312053   13882.55488642   5169.07612666
   6155.08486759   6155.08486759   6483.7544479    7540.72593911
   9912.37575156  17643.58065199  14173.87565079   7301.69351707
   5830.15016887   3514.53244687   5169.57542739   8538.0746701
   6269.69223209   9774.48913202   5237.724256     6026.30355849
   5081.9555049    3446.38361826  12042.87157003   7905.26411873
   4702.26917407]
