[ 1066.48902481  2244.56549604  1503.72913868  1274.08284226
  1617.90356853  1013.29806498  4269.86418929  4302.30010686
  4271.16162599  4450.28671851  1599.21536808  1054.33790025
  1073.40861163  1403.05947966  1130.62074575  1196.00604189
  1502.49961754  1379.90218728  4032.09326195  3355.08300817
  3190.25757415  3528.0816042   3785.53620775  5075.53361284
  6835.48783393  6806.38388713     0.          1009.72202322
     0.          1213.73613626  1298.00283512  1210.77940998
  1190.08232605  1417.7502493   1617.32927292  2974.46663356
  3760.95582295  2950.81282335  2559.0465918   2845.84904056
  2998.12044377  3143.00003129  3950.18630461  5626.65010305
  7897.41588294     0.          1234.76029639  1241.42566911
  1058.12791931     0.          1151.44313739  1234.76029639
  1338.07357355  1194.76806007  1409.72633029  1767.99011399
  1849.64092981  3001.0840672   2827.78437648  3191.04718973
  2439.52641554  2332.88045202  2252.89597938  2027.93965008
  2442.8591019   3217.70868061  4572.44568596  6410.42221351
  9474.82732156     0.          1173.0869563   1113.74023002
  1032.63303742     0.          1303.64975414  1370.90937727
  1450.03834565  1703.25104448  1784.35823708  2166.15550953
  2785.33968714  3756.64777407  4979.19033561  3790.27758563
  2627.08175037  2259.13204738  1796.22758233  1816.00982443
  2274.95784106  3167.1369596   4619.15352946  7269.97397035
 10536.02214043  9963.83929841  1085.29673769  1434.32409231
  1882.70959896  3090.29329301  2417.71503303  2950.17282218
  3666.06104587  4692.76195031  2723.43242393  3543.77408951
  7744.84056946 10264.46139946 10167.65089234  4919.50234856
  3090.29329301  2252.11811296  1620.30217177  1640.68333116
  2066.1400335   2889.029344    4588.30850842  7602.17245371
 11316.63875314  3066.33778901  1859.97103402  1531.30145371
  2278.27777259  3484.64452758  5497.74570697  4235.35572806
 13154.25297551 14203.75470354 19346.68665904  8171.92092857
  2184.90573273  1471.5433482   2009.36629779  3365.12831656
  2916.94252523  1479.80313552  1090.38125776  1090.38125776
   934.61250665  1557.68751108  5471.37738266  4858.03792518
  6493.60981181  2346.26681356  1168.26563331  1645.30743358
  1645.30743358]
