[1.36372819e+03 2.13947312e+03 9.60103160e+02 8.66687718e+02
 1.22996999e+03 1.93058581e+03 8.14271275e+03 7.04767617e+03
 4.21796672e+03 2.57727042e+03 1.00666112e+03 7.12427289e+02
 7.64190649e+02 8.09143040e+02 8.54095431e+02 1.14969146e+03
 1.97245643e+03 3.92175557e+03 1.50331693e+04 1.31751372e+04
 7.91162083e+03 6.77282693e+03 7.20328012e+03 5.46648320e+03
 4.31542955e+03 2.97594500e+03 0.00000000e+00 7.24397938e+02
 0.00000000e+00 7.00744127e+02 7.25876301e+02 8.91452972e+02
 1.10581563e+03 1.43844733e+03 3.73138856e+03 9.91981666e+03
 3.81181151e+04 1.88934809e+04 1.01859220e+04 7.56626254e+03
 4.76772112e+03 4.60214445e+03 4.11576298e+03 4.74702404e+03
 3.86296288e+03 0.00000000e+00 9.24820465e+02 7.08195852e+02
 6.94865106e+02 0.00000000e+00 7.34857342e+02 7.51520774e+02
 8.96492631e+02 8.84828229e+02 1.01980203e+03 1.68633930e+03
 3.52264948e+03 1.13911220e+04 3.93139680e+06 3.55131059e+04
 1.03746526e+04 8.07176636e+03 5.38895384e+03 4.09253885e+03
 2.99108601e+03 3.81925857e+03 3.79259708e+03 3.05607339e+03
 3.49765433e+03 0.00000000e+00 9.21852482e+02 7.49746975e+02
 7.61616321e+02 0.00000000e+00 8.72396876e+02 9.08004912e+02
 8.76353325e+02 1.08208864e+03 1.28980218e+03 1.63994787e+03
 2.81501305e+03 6.46088027e+03 3.43577981e+04 1.93232941e+04
 7.79815983e+03 5.60035274e+03 3.94655730e+03 2.76951389e+03
 2.67060268e+03 4.04349028e+03 2.38771662e+03 2.86249043e+03
 3.45397947e+03 2.13237880e+03 1.10822554e+03 9.83390941e+02
 1.28656069e+03 2.78457590e+03 2.66483659e+03 2.58331195e+03
 2.70050362e+03 2.56293079e+03 1.63558804e+03 1.71966032e+03
 2.78457590e+03 5.11821865e+03 1.50871532e+04 1.21930286e+04
 5.63284293e+03 3.89025380e+03 2.72598007e+03 2.39988152e+03
 2.57821666e+03 2.80495706e+03 2.29288043e+03 2.84571938e+03
 3.30174782e+03 4.71715545e+03 3.51078870e+03 2.61441712e+03
 3.27175628e+03 3.66391884e+03 3.27549116e+03 1.86370592e+03
 2.84597977e+03 4.32125800e+03 6.45761028e+03 3.54440263e+03
 2.90573788e+03 2.16249644e+03 2.45755209e+03 3.36512832e+03
 4.95618788e+03 3.04722619e+03 2.11261369e+03 2.58965549e+03
 2.51177111e+03 2.88172190e+03 1.87896056e+03 4.31284730e+03
 2.90119299e+03 1.24615001e+03 2.18076252e+03 3.36849924e+03
 3.83580550e+03]
