[  2698.1151764    6578.00408377   2850.4684363    2589.68365902
   2828.41201235   2819.32995543  23260.44520983  27111.23734408
  19259.15041805   9954.91133726   3002.27484775   2368.85479139
   2641.29352531   2706.67882145   2401.54743946   2137.28186756
   2566.37287348   3109.88814764  19637.38394061  24857.31008243
  26263.09394943  31265.06910411  26982.33220696  24170.76447296
  21528.10875398  10756.57019174      0.           2235.28506458
      0.           2366.85938386   2440.77754076   2665.48873773
   2238.24179086   2332.85703169   2306.24649521   3308.57670274
  15824.39902864  16084.59094092  20135.30593891  36734.36725184
 146748.23852569  37976.19228772  22134.05290142  17231.80073597
  18455.8854142       0.           2817.7863174    2434.527386
   2091.26069092      0.           2441.19275872   2401.2005224
   2331.21410884   1892.9658525    2361.20828608   2679.47983346
   1954.62055016   2412.86492466   6378.76169309  12037.66313242
  15310.36113796  20489.35574144  49563.71154632 135866.95752557
  37179.44903246  16790.07388181  14690.481475    11824.37120537
  14450.52805708      0.           2051.41850537   2326.39167051
   2193.85064847      0.           2658.73333773   2771.49211768
   2518.27941884   2803.14370503   2484.64960728   2595.43016302
   1875.35655072   2403.54241469  11928.691984    10983.1008118
  11624.04545572  20154.14824759  27505.22941053  34769.26870825
  26935.50083816  15885.14040323   9902.99039335   9641.86479768
  10777.365494     5742.39165907   2027.92535964   2973.1016265
   4588.30850842  10404.58187029   8460.72879315   8053.10560529
   8208.51194566  10165.10324742   3872.42028473   2746.36122825
   4547.54618964   5406.10252908   7785.60288825   7235.31158463
   7727.00705499  11759.92896995  15703.68331256  17140.55504978
  25486.63982135  11270.78114451   7867.12752582   7049.33350517
   8567.72987997   5617.26191799   5643.40608915   6999.16810792
  12728.47647375  13669.66663554  13128.10880435   4956.18787578
   5912.31756395   5886.17339279   6125.20581483   7032.78204227
   9673.34332952  17665.98994156  13146.78321232   7092.54014778
   5079.4389684    3358.76369576   4780.15354962   8070.76841678
   5948.41918293   9307.1828787    5315.60863156   5481.11292961
   4702.26917407   3134.84611605  10709.10163867   7905.26411873
   4536.76487602]
