[  1394.34510062   3173.53017533   1462.21116418   1263.70334864
   1502.43170197   1733.37543509  12341.21791811  15538.10195409
   7540.70211733   4636.90725124   1488.87768085   1174.21094317
   1367.64244425   1171.48655584   1107.46345337   1106.1012597
   1491.60206819   2268.05245984  19457.57437623  21964.01072825
  24464.99830559  20035.14449213  14738.93550481  11644.03148754
   8393.83739193   4674.5842422       0.           1057.02964364
      0.           1070.33491188   1059.98636991   1234.43322019
   1070.33491188   1142.77470564   1342.35372926   2451.12608272
  19035.40376427  22317.36993053 765437.29830615  31790.72091852
  22364.67755094  17131.27204259  10614.6473305    9544.31241862
   8060.03582812      0.           1086.45575337   1136.44604877
   1029.80008525      0.           1109.78455789   1046.46351705
   1043.13083069    898.15897403   1086.45575337   1311.41208267
   1203.09977597   1739.66227993   6915.32419706  19949.46055112
  39845.59812048  35353.13690716  24461.9178826   18083.1561895
  12740.85995438  10617.93874305   8978.25705391   8018.44338222
   7905.13204598      0.            969.32986271   1042.52415847
   1048.4588311       0.           1066.26284898   1097.91443634
    987.1338806    1210.67321629   1131.5442479    1147.37004158
   1143.41359316   1576.64469507  11897.04039664  19837.63237405
  20439.01253378  19861.37106457  17891.05975179  13024.62819613
  10120.59505641   9392.60854727   8265.02074779   7859.48478481
   6731.89698533   3057.173909     1044.53441891   1291.65597655
   1900.54311343   3931.01611799   3238.05669861   3054.62626407
   3151.43677119   3424.03477808   1434.32409231   1268.72717223
   2127.28351168   2639.36014144   5877.41684005  10516.67824695
  14042.618822    13609.51918489  10170.19853727   7586.88658416
   7355.05089607   7515.55252629   6636.61502745   6761.44962873
   5923.27444868   3305.37021105   2819.83560378   3241.87722395
   4773.17867766   4986.06692854   4836.67166476   1923.46402112
   2816.10072219   2999.10992031   3693.79789687   4534.14625561
   7503.37712317   5352.08532479   5101.84825796   4776.91355925
   3062.60290742   2102.87813996   1878.96056024   3047.22619355
   2657.80431578   3193.25939771   2034.72931135   2424.15118912
   2424.15118912   1878.96056024   2414.41564217   3602.15236937
   2579.91994022]
