[1.21957357e+03 1.72169850e+03 8.97826198e+02 7.73272275e+02
 1.14693405e+03 1.72299594e+03 6.72331699e+03 6.10833200e+03
 3.46545343e+03 2.16043916e+03 9.63070924e+02 6.47041993e+02
 6.87907803e+02 7.32860194e+02 7.77812585e+02 1.05161351e+03
 1.80899319e+03 3.65885220e+03 1.31914835e+04 1.06741496e+04
 8.26306680e+03 7.73998443e+03 5.61496231e+03 4.89708624e+03
 3.69154484e+03 2.49991207e+03 0.00000000e+00 6.99265764e+02
 0.00000000e+00 6.51958144e+02 6.78568680e+02 8.66320799e+02
 1.02302729e+03 1.29652447e+03 3.25535563e+03 9.32255795e+03
 3.69354246e+04 1.91300190e+04 1.16140208e+04 5.84101276e+03
 5.15948735e+03 4.73371877e+03 5.68430627e+03 3.78165291e+03
 3.47119665e+03 0.00000000e+00 8.71497483e+02 6.59871899e+02
 6.28211379e+02 0.00000000e+00 6.81534361e+02 7.23192940e+02
 8.41503306e+02 8.04843756e+02 9.64812701e+02 1.52637035e+03
 3.17438376e+03 9.87474968e+03 3.38622263e+06 3.37534475e+04
 1.23875952e+04 7.38856566e+03 4.71741754e+03 3.26103360e+03
 4.51912270e+03 3.47265919e+03 2.97442258e+03 3.45766210e+03
 3.18938085e+03 0.00000000e+00 8.88222670e+02 7.10182491e+02
 6.98313146e+02 0.00000000e+00 8.24919495e+02 8.58549307e+02
 8.42723513e+02 1.00295967e+03 1.14737004e+03 1.49553750e+03
 2.60729951e+03 5.69728572e+03 2.83756481e+04 1.69415121e+04
 8.59340597e+03 5.42626901e+03 3.30956910e+03 3.42430611e+03
 3.16515874e+03 2.51432297e+03 2.08702654e+03 3.27593929e+03
 3.07218220e+03 1.94894837e+03 1.08529674e+03 9.22247463e+02
 1.24579837e+03 2.82533822e+03 2.58331195e+03 2.46102500e+03
 2.53745434e+03 2.43809619e+03 1.53113460e+03 1.63813569e+03
 2.59859782e+03 4.62652318e+03 1.30541326e+04 1.02695567e+04
 6.29013532e+03 3.74758568e+03 2.72598007e+03 2.97310163e+03
 2.97055398e+03 2.08652119e+03 1.96423424e+03 2.88648170e+03
 3.22022318e+03 4.35487194e+03 3.45103059e+03 2.61441712e+03
 3.18211912e+03 3.45476547e+03 3.09621684e+03 1.71431065e+03
 2.58080318e+03 3.96270937e+03 5.91605245e+03 3.39500737e+03
 2.72646356e+03 2.34550564e+03 2.03551047e+03 3.00284480e+03
 4.44824398e+03 2.88172190e+03 1.87896056e+03 2.50203556e+03
 2.42415119e+03 2.64806877e+03 1.48953868e+03 3.99157425e+03
 2.89145744e+03 1.24615001e+03 2.02499376e+03 3.04722619e+03
 3.36849924e+03]
