[ 1621.42051499  3903.98703907  2297.76040086  1942.26274426
  2317.2219514   1556.9240435   7276.02502994  8101.19477299
  7673.04066103  7587.41873954  2552.75093679  1919.33088043
  1905.70894374  2169.97451563  1875.74068301  1830.78829191
  2138.64406123  1905.70894374  6178.9104852   5579.54527058
  5251.25659622  6203.42997125  8178.61079214  9799.62125893
 12864.55701548 11016.76210402     0.          1949.96097896
     0.          2022.40077272  2084.49202451  2093.36220334
  1952.91770523  2131.79964493  2069.70839313  3082.38714263
  5400.46054294  4330.12563106  4166.02732275  4914.07907055
  6614.1966792   8781.47703944 10327.84488173 13494.49872323
 14487.95875193     0.          2399.53417922  2412.86492466
  1996.27912966     0.          2036.27136598  2052.93479778
  2142.9173295   1852.97361617  2321.21604976  2519.51088818
  2076.2636023   3482.65724623  3510.98508029  3942.56796391
  3485.98993259  3406.00545995  4155.85989095  5057.35155134
  7751.82847342 13567.36617167 19436.22685168 19636.18803328
 17503.26876286     0.          2338.26101577  2229.45868424
  2019.76691802     0.          2272.97961685  2405.5206389
  2342.21746419  2850.62108606  3311.5473269   3487.60928156
  2767.53566926  3169.11518381  5234.38125865  3916.88393504
  3408.48031317  3262.09172166  3788.29936142  4793.23725991
  7176.9974325  14425.21093654 42982.85562659 41194.54094109
 20565.61888319 11586.6891151   2336.19039546  2748.90887317
  4053.30307435  7456.95669303  6310.51647716  6600.94799851
  7862.03223597 11066.96955057  4896.57354425  4611.23731274
 12498.74599796 15076.96266121 12789.17751931  5001.02698614
  3890.2537992   3520.8452852   3322.12898111  4430.35452312
  7477.33785243 14995.43802364 72047.3984554  60695.09267331
 21328.88330511  5919.78732714  3327.77950062  5766.65718177
 11742.46773282 13008.59259333 13307.38312088  8410.95335061
 19286.92855353 19525.96097557 19697.76552892 10360.56154289
  3361.39343497  4179.33250414  8616.3718383  36721.35583624
 14483.87082312  3436.64807132  2346.26681356  4147.34299825
  5169.57542739  8518.60357621 13298.75712584 10339.15085479
 11974.72274142  3757.92112048  3582.68127548  7983.14849428
  4312.8472963 ]
