[ 1507.8828078   3434.31495261  2120.01157256  1817.70882078
  2192.66802792  1410.31369607  6515.72712203  6557.24509652
  6339.27573043  6808.24396054  2377.02795341  1732.7103477
  1729.98596036  2006.51127529  1743.60789706  1753.14325274
  2017.40882464  1785.83590081  5368.4052518   4834.42533333
  4745.8827448   5369.76744547  6503.11257856  8396.56177927
 11025.59556155 10162.26821028     0.          1747.42522906
     0.          1855.34573813  1929.26389503  1902.65335854
  1785.86267065  2023.87913586  2020.92240958  3462.32646908
  4841.63927679  4103.93607096  3582.07388326  3689.99439233
  4260.64256358  5592.64775087  7649.05087576 10517.07536339
 13198.82609564     0.          2212.90374306  2149.58270222
  1782.98720261     0.          1847.97458663  1877.96876388
  1956.28689334  1731.33056403  2119.58852498  2346.21119746
  2089.59434774  3455.99575535  3122.72711934  3849.25274583
  3162.71935567  2991.08600812  3271.03166237  3704.28088917
  4842.39328112  7135.28149682 12064.3246233  16843.39686357
 16030.22139173     0.          2083.07009273  1974.2677612
  1796.22758233     0.          2069.22252326  2261.11027159
  2168.13373374  2579.60436934  2676.53735561  3137.46359645
  2959.42341759  3550.91245626  5297.68443336  3948.5355224
  3200.76677116  2864.46865553  2864.46865553  3471.78348788
  4886.21379776  8276.89009304 20375.70935907 38330.07228556
 18785.21709454 11973.93114358  1966.78188146  2338.73804038
  3398.55832884  6450.63694799  5492.7224565   5902.89328929
  6491.39926677  8687.4691914   4690.21430539  4774.28658789
 12315.31556342 15041.29563227 13038.84672188  5536.03242021
  3727.20452405  2886.48169908  2603.6931125   3362.8912999
  4998.47934121  8812.30379269 26719.69996465 86375.3535089
 20218.11011818  5527.62475973  2939.3518148   4564.02530837
  9669.60844793 10875.97520292 11656.56545615  7480.9678336
 21176.7786403  20646.4254539  22401.81980327 11144.88667772
  2849.71465653  3066.33778901  5523.88987813 19443.7935805
 19055.36589468  3037.4906466   1645.30743358  2034.72931135
  4147.34299825  7038.80044069 12987.21962362 10027.61335257
 12130.49149253  3757.92112048  2959.60627105  4303.11174936
  7515.84224096]
