[ 1477.265898    3351.27900363  2088.87309169  1796.94983354
  2191.37059122  1379.1752152   6287.37826232  6411.9321858
  6160.22946543  6644.78072019  2344.33530534  1700.01769963
  1697.29331229  2005.14908162  1710.91524899  1731.34815403
  1995.61372593  1764.0408021   5281.22485695  4790.8351359
  4591.95486014  5030.58122174  6140.76906245  7968.83296702
 10761.32998965  9993.73481256     0.          1723.77141885
     0.          1831.69192792  1893.78317972  1867.17264323
  1762.20886044  2012.05223075  1997.26859937  3271.61762429
  4794.33165638  3997.49392502  3474.15337419  3571.72534129
  4117.2413392   5366.45819077  7232.15247086  9804.5043309
 12749.4037017      0.          2186.24225218  2124.58755452
  1756.32571173     0.          1821.31309575  1864.63801843
  1929.62540246  1704.66907315  2079.59628866  2344.54485428
  2064.59920004  3509.31873711  3525.98216891  3647.62522105
  3069.40413758  2842.7814651   3111.06271708  3530.98119845
  4642.43209952  6677.03712231 11231.15303329 15183.71905628
 15763.60648293     0.          2083.07009273  1944.59439805
  1764.57599498     0.          2053.39672958  2245.28447792
  2152.30794006  2532.12698831  2611.2559567   3010.85724704
  3006.90079862  3724.99618671  5329.33602071  3901.05814137
  3042.50883439  2672.58090719  2769.51389347  3329.35134479
  4678.50025575  7622.09787966 18152.18534746 37317.22149024
 18880.1718566  12035.07462176  1987.16304085  2297.9757216
  3317.03369126  6226.44419466  5367.88785522  5760.22517354
  6348.73115102  8236.53603983  4751.35778357  4733.5242691
 12213.40976645 14913.91338606 13059.22788127  5536.03242021
  3561.60760398  2784.57590211  2501.78731553  3199.84202475
  4792.12010235  8175.39256165 23856.14706988 90207.01147485
 20870.30721876  4866.55071752  2760.07749827  4324.99288633
  9370.81792037 10513.69168826 11357.7749286   7361.45162258
 21146.89958755 20825.69977043 22820.12654184 11294.2819415
  2875.8588277   2976.70063074  5135.46219231 19085.24494743
 17008.65078094  3115.37502216  1567.42305802  1956.84493579
  3835.80549603  6727.26293847 12597.79774585 10105.49772812
 12052.60711697  3757.92112048  2959.60627105  5237.724256
  6347.57660765]
