[  1363.72819081   4288.02830313   1398.63676574   1180.66739965
   1438.85730353   1628.28306216  17416.79029991  19840.40206095
  12699.31044812   6601.19052277   1554.26297699   1130.62074575
   1127.89635841   1149.69145712   1052.97570658   1040.71596356
   1348.57173288   1916.60649309  15033.16933744  22225.5519128
  28584.27196239  21217.52859732  19686.42291271  15872.2806379
  14112.32641681   6637.85048941      0.           1080.68345384
      0.           1080.68345384   1048.15946481   1198.95250488
   1034.85419657   1071.81327502   1198.95250488   2105.18910844
  14511.61256214  20224.00772719  30986.49137148 538928.41176166
  31270.33709397  17178.57966301  14233.6802922   13092.38394971
  12223.10642459      0.           1139.77873513   1138.11239195
   1003.13859437      0.           1071.45866475   1059.79426249
   1043.13083069    858.16673771   1046.46351705   1231.42761003
   1056.46157613   1484.71177339   5345.62892148  16730.08552733
  16890.05447262  19202.93880647  42111.8248453   23395.45824739
  17276.64609038  13730.66780331  11471.10645121   9361.51598531
  10617.93874305      0.           1000.98145007   1032.63303742
   1016.80724374      0.           1127.58779948   1084.06686687
   1002.95967428   1210.67321629   1129.56602369   1177.04340472
   1016.80724374   1384.75694673   9384.69565043  13946.48067781
  16909.86054382  17447.93752883  18911.82344395  17511.24070354
  14231.34496399  11655.69704307   9744.73245658   8419.32223614
   8945.52987589   3897.89673397   1044.53441891   1271.27481716
   1880.16195403   3849.49148041   3217.67553922   3075.00742347
   3171.81793059   3546.32173444   1454.7052517    1268.72717223
   2190.97463478   2720.88477901   5451.96013771   9367.69038616
  10695.01339165  11474.59273844  13084.70433051  11214.73295618
  10022.43513167   8053.10560529   8830.13730716   8012.3432865
   7153.78694706   2972.96574915   2547.18924739   3152.24006568
   4713.42057215   4986.06692854   4747.03450649   1953.34307388
   3055.13314423   3182.11911844   3600.42585701   3727.41183122
   8044.93495436   6614.4753037    6483.7544479    5258.71328493
   2793.69143262   1791.34063774   1723.19180913   2667.53986272
   2424.15118912   3125.1105691    2190.49806245   2346.26681356
   2346.26681356   1878.96056024   2570.18439328   4147.34299825
   2268.38243801]
