[  2360.05346399   6492.37326138   2914.04283474   2360.0373626
   2714.23758249   2256.24242637  16622.75903773  16705.79498671
  14095.35234045  11164.53931585   3210.69047919   2479.19247863
   2530.95583807   2641.29352531   2401.54743946   2148.17941692
   2477.83028496   2608.60087724  13496.61487816  12123.52365923
  11551.40231801  14384.76515072  16798.57233321  18024.54663583
  20078.73468955  12637.04810322      0.           2473.30152979
      0.           2675.83727969   2737.92853149   2760.10397856
   2523.56587648   2535.39278159   2294.4195901    3070.56023753
  11040.41591423  10466.8110167    9567.96622883  11634.71789568
  20271.3153476   33505.62215855  23801.64652103  19230.54769848
  18266.65493254      0.           2614.49244944   2749.46624702
   2344.54485428      0.           2572.83386994   2737.80184476
   2639.48759714   2119.58852498   2804.45557196   2841.11512192
   2129.58658406   2557.83678132   4997.36319686   9691.45193496
   9158.22211735   9304.86031719  10751.24619745  21195.88524977
 208492.85868327  69053.26137975  19736.16862408  21882.41863994
  15390.3456106       0.           2274.95784106   2530.1487641
   2401.56419048      0.           2801.16548082   3089.98621542
   3139.44182066   3424.30610685   3026.68304072   2850.62108606
   2051.41850537   2627.08175037   7984.11291002   9392.60854727
   6114.69103193   6638.92044748   8427.23513297  15062.19913203
  52320.07389598  41526.88260831  18658.61074512  18903.91054711
  14199.69337664   7339.76502652   2417.71503303   3176.91322043
   4914.40705871  12147.17099842   9528.19201638   9056.87770541
  10012.24455197  12911.46447567   4835.43006607   3503.01177073
   6412.42227412   7721.91176515   7849.29401135   6827.68839676
   5123.3139425    5755.12988369   6580.56683912  11316.63875314
  23071.47243324  38224.86444218  15489.68113893  14246.43041593
  12712.74817158   5770.39206336   4892.69488868   7025.31227908
  14625.79632371  15529.63766956  15417.59122172   6278.3359602
   8108.42794146   8739.62293092   7776.02347956   7809.63741391
   5916.05244555   9045.88322166  23365.41925463  13072.08558043
   5979.54543265   3826.06994909   4069.45862269   8927.49654787
   6659.11410986  11264.02781449   8138.91724539   8538.0746701
   7671.61099206   2969.34181799   7340.60239596  20201.2599093
   4780.15354962]
