[ 30.6169098   83.03594899  20.75898725  10.37949362  20.75898725
  20.75898725 365.87715022 313.97968211 208.88730917  77.64503917
  21.79509871   0.           0.          21.79509871   0.
  10.89754936  10.89754936  54.48774678 502.64946407 437.26416793
 348.72157941 283.33628327 241.10827951 272.43873392 239.74608585
  94.61524083   0.           0.           0.           0.
   0.          11.8269051    0.           0.           0.
  35.48071531 715.52775877 544.03763477 354.80715311 249.84337031
 212.88429187 155.22812948 189.23048166 189.23048166 212.88429187
   0.          13.33074544  19.99611816   0.           0.
  13.33074544   0.          13.33074544   0.           0.
  13.33074544  26.66149088  26.66149088 293.27639968 639.87578113
 386.59161776 253.28416336 199.9611816  121.64305214 119.97670896
 119.97670896 159.96894528 146.63819984 186.63043616   0.
  15.82579368  17.80401789  15.82579368   0.           0.
   0.           0.           0.           0.          15.82579368
  15.82579368  15.82579368 743.81230282 476.75203452 255.19092304
 189.90952412 158.25793677 110.78055574 110.78055574 110.78055574
  94.95476206 142.43214309 142.43214309  40.76231879   0.
   0.           0.          40.76231879   0.          20.38115939
  40.76231879  20.38115939  20.38115939  20.38115939   0.
  40.76231879 244.57391272 308.26503582 203.81159393 142.66811575
 101.90579697  81.52463757  61.14347818  81.52463757 101.90579697
 122.28695636 101.90579697  29.87905276   0.           0.
  59.75810551  59.75810551  29.87905276   0.           0.
  29.87905276  59.75810551  29.87905276  59.75810551  29.87905276
  59.75810551  29.87905276  29.87905276   0.           0.
   0.           0.           0.           0.           0.
   0.           0.           0.           0.           0.        ]
