[ 1569.11662741  3580.92530004  2182.2885343   1869.6062889
  2265.32448329  1462.21116418  6702.55800725  6860.84528501
  6725.9118679   7094.30463115  2464.20834826  1788.56028815
  1754.50544641  2082.79412078  1808.9931932   1796.73345017
  2062.36121574  1829.42609824  5699.41831351  4986.99102432
  5097.32871155  5644.93056672  7083.4070818   9121.24881148
 11398.83662701 10446.11393277     0.          1796.21121261
     0.          1904.13172168  2012.05223075  1985.44169427
  1856.82410127  2094.84056648  2056.40312489  3367.71122826
  5008.69431138  4259.16420044  3772.78272805  3904.35704733
  4602.14444845  5996.24088753  8187.17505798 11826.90510362
 13677.81575233     0.          2266.22672482  2231.23351804
  1862.97167525     0.          1902.96391158  1946.28883426
  2036.27136598  1811.31503667  2174.57784992  2426.1956701
  2091.26069092  3484.32358941  3351.01613501  4370.81816117
  3391.00837133  3164.38569885  3500.98702121  4107.53593873
  5338.96354876  7885.13592782 13614.02378071 18856.33942503
 16510.12822757     0.          2178.02485479  2065.26607484
  1845.68318757     0.          2164.17728532  2326.39167051
  2247.26270213  2690.38492508  2882.27267341  3343.19891425
  2975.24921127  3453.97946999  5139.42649659  4332.31101906
  3248.24415219  3072.18219754  3325.39489637  4172.07485808
  5823.89207312  9440.0859283  25218.40222421 42650.51395937
 19101.73296807 11933.16882479  1969.32952638  2481.40615614
  3564.15524891  6799.6643026   5818.82100679  6170.39600633
  6799.6643026   9324.38042245  4669.833146    4855.81122546
 12519.12715735 15245.10722621 13059.22788127  5474.88894203
  3788.34800223  3151.43677119  2932.33930771  3979.42137155
  5757.67752861 10162.5556025  33934.63038988 79160.42308366
 19642.34236531  5979.54543265  3118.62613133  4896.42977027
 10270.92438463 11447.41208687 12228.0023401   7899.27457218
 21146.89958755 20758.47190173 22043.27117021 11025.3704667
  3058.86802582  3398.74225091  6274.60107861 22297.24311863
 17553.94349373  2881.7218955   1801.07618469  2579.91994022
  4536.76487602  7506.10669401 13298.75712584 10105.49772812
 12286.26024364  3757.92112048  3115.37502216  4692.53362713
  5636.88168072]
