[ 132.67327581  312.6822454    93.41544261   83.03594899   93.41544261
  124.55392348 1002.91857135  982.15958411  835.54923668  558.49940453
  130.77059228   65.38529614   76.2828455    76.2828455    65.38529614
   76.2828455    87.18039485  185.25833906 1050.25131924 1005.29892815
  908.58317761  939.91363201  899.04782192 1093.84151667 1333.58760252
  749.53011094  749.53011094   47.30762041   47.30762041   59.13452552
   59.13452552   59.13452552   47.30762041   70.96143062   70.96143062
  202.5357499   987.54657615  996.41675498  819.01317843  737.70320584
  734.74647956  832.31844667  891.45297219 1068.85654874 1425.14206499
 1606.35482553  106.64596352  106.64596352   39.99223632   39.99223632
   53.32298176   53.32298176   66.6537272    39.99223632   53.32298176
   79.98447264   93.31521808  186.63043616  533.2298176  1016.46933981
  828.17256047  681.53436063  641.54212431  576.55474028  669.86995837
  748.18808783  963.14635805 1164.77388283 1633.01631641 1938.65972543
   94.95476206   94.95476206   63.30317471   63.30317471   63.30317471
   47.47738103   63.30317471   47.47738103   63.30317471   79.12896838
   94.95476206  174.08373045  983.17743218  858.54930697  636.9881955
  648.85754075  569.72857237  492.57782819  648.85754075  716.11716388
  874.37510065 1287.82396046 1829.8573939   942.62862194  101.90579697
   81.52463757   81.52463757  203.81159393  142.66811575  163.04927515
  183.43043454  183.43043454  101.90579697  122.28695636  163.04927515
  244.57391272  652.19710059  675.1259049   591.05362241  489.14782544
  369.408514    389.7896734   529.91014423  754.10289755  940.08097702
 1678.89800502 1640.68333116  239.03242204  119.51621102  119.51621102
  209.15336929  268.9114748   179.27431653  119.51621102  268.9114748
  328.66958031  418.30673857  388.42768582  328.66958031  298.79052755
  448.18579133  571.43688394  358.54863306   77.88437555   77.88437555
  155.76875111    0.          155.76875111   77.88437555   77.88437555
  155.76875111   77.88437555  155.76875111  311.53750222   77.88437555]
