[ 1178.75102742  2703.85808887  1189.74945657  1085.95452034
  1303.92388643  1576.38559404 14116.1113277  14033.07537871
  7561.46110458  3859.09466591  1247.76940133   933.10266366
  1018.92086484  1006.66112182   942.63801935   931.74046999
  1337.67418352  2135.9196739  17839.28829677 20868.80701791
 16793.12355853 16923.89415081 11622.23638882 10480.71809372
  8064.18652389  3818.61198533     0.           867.79916198
     0.           962.41440281   892.93133532  1031.89747029
   892.93133532   963.89276594  1198.95250488  2319.55176345
 17030.74334921 49720.30905561 37562.25060909 19940.1620047
 15227.14032091 11563.75646506 10351.49869194  8234.48267839
  7657.92105459     0.           924.82046491   941.48389671
   829.83890365     0.           909.82337629   871.49748315
   868.16479679   724.85928331   911.48971947  1123.11530333
  1056.46157613  1606.35482553  6417.08758623 25954.96137189
 40125.54377472 24461.9178826  18723.03197063 11724.39061457
  9091.56839015  8098.42785486  8171.74695479  6597.05264967
  6150.47267743     0.           824.91949541   866.46220381
   888.22267012     0.           906.02668801   876.35332486
   781.3985628   1002.95967428   939.65649957  1002.95967428
   985.15565639  1432.23432776 11422.26658634 18278.79169687
 22923.66214106 16870.29605962 13811.96143155  8898.05249486
  6619.13820538  6065.23542669  6001.93225198  5932.69440465
  5618.15675532  2522.16847492   861.10398437  1047.08206383
  1513.30108495  3192.19908998  2603.6931125   2499.23967061
  2557.83550386  2766.74238764  1225.41720852  1044.53441891
  1719.66032381  2208.80814925  5734.7487243  11459.3068689
 14220.95396669 10491.20179771  8628.87335815  6417.51756397
  5347.50669582  4774.28658789  4916.95470364  4957.71702243
  5454.50778264  2853.44953813  2397.79398361  2644.29616884
  3809.5792263   3996.32330602  3697.53277847  1531.30145371
  2304.42194375  2461.28697072  3211.99817119  4508.00208445
  6427.73122398  4780.64844084  3992.58842442  3578.01656744
  2614.41711609  1713.45626219  1411.65430692  2346.26681356
  2034.72931135  2414.41564217  1489.53868247  1956.84493579
  1801.07618469  1333.76993136  1947.10938885  2891.45744244
  2112.6136869 ]
