[  2883.09233979   6819.32731051   3059.35574547   2808.95046181
   3037.29932152   2997.07878373  24225.7381168   28408.67404699
  19674.33016298  10153.79161302   3210.69047919   2577.27042284
   2849.70915675   2916.45664656   2599.06552155   2322.54020663
   2763.89095557   3285.61113102  19991.5542947   25696.42138288
  27756.05821128  33499.06672222  27854.13615549  24911.79782921
  22094.78132053  11019.7188303       0.           2402.34009917
      0.           2557.56822866   2655.14019576   2891.67829783
   2417.12373055   2523.56587648   2473.30152979   3522.93935774
  16492.619167    16705.50345886  19892.85438429  41926.37859233
 152046.69201211  38461.09539697  21613.66907686  18183.86659681
  18698.33696882      0.           3072.73682394   2597.82901764
   2277.89112708      0.           2692.8105789    2589.49730174
   2519.51088818   2066.26554322   2549.50506542   2894.43810368
   2116.25583862   2586.16461538   7371.90222838  12520.90265462
  15983.56378269  20436.03275968  52989.71312442 142212.39235506
  36859.5111419   19042.96986119  15010.41936556  12280.9492367
  14610.49700236      0.           2180.003079     2520.25764305
   2354.08680945      0.           2927.77183024   2995.03145336
   2755.666324     3026.68304072   2692.36314929   2787.31791135
   2003.94112434   2563.77857567  12059.25478183  11988.03871029
  11683.39218201  18658.61074512  29483.45362015  40118.38697106
  27885.04845878  20067.10638237  10124.55150483  10211.59337005
  10777.365494     5925.82209361   2152.75996092   3199.84202475
   5016.31285568  11347.21049223   9158.78350237   8768.99382898
   8886.18549549  11066.96955057   4160.30416116   2990.93514097
   4914.40705871   5813.72571695   8134.63024286   7665.86357681
   8073.48676468  11352.30578208  17385.1289625   19311.14852517
  27331.13474645  11963.74056388   8422.51411929   7314.28857728
   8649.25451754   6009.42448541   6155.08486759   7570.60499187
  13811.59213613  14842.41945618  14300.861625     5348.35044319
   6304.48013136   6248.45690745   6573.39160616   7570.60499187
  10237.31045028  19623.06789703  14110.38266368   7514.58176795
   5497.74570697   3592.41682243   5247.45980295   8771.72779676
   6425.4609832   10163.91100979   5627.14613377   6026.30355849
   5159.83988045   3368.49924271  11809.21844337   8304.42154344
   4780.15354962]
