[  964.4326588   2087.57565499  1348.03673433  1128.76993153
  1501.13426527   919.88262237  4217.96672117  4051.8948232
  3916.9614061   4111.10049478  1445.28748342   954.89776237
   973.96847375  1260.02914436   998.4879598   1074.7708053
  1349.93392655  1238.23404564  3778.7252394   3278.80016267
  3014.53459077  3123.51008434  3532.16818521  4570.15976143
  6364.16882426  6283.0433363      0.           867.79916198
     0.          1093.98872208  1154.60161074  1021.54892832
  1023.02729146  1274.34902491  1497.58185875  2773.4092468
  3653.03531388  2950.81282335  2368.337747    2214.58798065
  2297.37631638  2785.2361519   3700.34293429  5115.13645731
  7504.17128825     0.          1151.44313739  1063.12694885
   936.48486717     0.           989.80784893  1059.79426249
  1138.11239195  1046.46351705  1221.42955095  1514.70595063
  1648.01340503  2854.44586736  2829.45071966  3297.69315325
  2304.55261796  1916.29465702  1849.64092981  1839.64287073
  2214.57008624  2936.09668318  4249.17510903  6368.76363401
  9234.87390363     0.          1046.48060689   957.46051746
   874.37510065     0.          1095.93621213  1115.71845422
  1194.84742261  1368.93115306  1481.689933    1800.18403075
  2385.7383968   3216.59256484  4549.91568212  3422.32788264
  2324.4134463   1814.03160022  1635.99142135  1626.10030031
  2067.24429905  2848.64286185  4219.55223912  7190.84500196
 10488.5447594   9617.35958872   983.39094073  1230.51249837
  1655.96920071  2578.21666326  1946.40072206  2356.57155485
  2845.71938029  3872.42028473  2292.88043175  3156.53206104
  6613.68622313  9240.30813995  9530.7396613   4020.18369033
  2723.43242393  1943.85307714  1436.87173723  1477.63405602
  1862.32843956  2601.14546757  4076.23187866  7380.52734531
 12116.59925933  2827.30536697  1617.20373038  1292.26903167
  1796.47804691  2491.16602347  4026.20235877  3604.16073861
 11652.83057456 13034.73676449 16313.96280438  7660.24215013
  1886.11520518  1292.26903167  1859.97103402  2946.82157799
  2793.69143262  1246.15000886   934.61250665   934.61250665
   778.84375554  1246.15000886  2891.45744244  1411.65430692
  2813.57306689  1801.07618469  1012.4968822   1411.65430692
  1333.76993136]
