[  1312.70000781   4093.41279769   1346.73929762   1158.6109757
   1386.95983541   1555.62660679  16451.49739294  19300.66839254
  12445.01285435   6533.08083929   1488.87768085   1096.56590401
   1104.73906603   1106.1012597    1009.38550916    997.12576613
   1294.0839861    1851.22119695  14640.8575606   21658.87934626
  27756.05821128  24377.81791073  17327.10347701  15654.32965077
  13894.37542968   6543.23524858      0.           1045.20273853
      0.           1033.37583343   1034.85419657   1117.64253229
    987.54657615   1046.68110167   1151.64488446   2022.40077272
  13606.85432171  19750.93152304  26799.7669648  465506.9848784
  29697.35871518  17941.41504219  13423.53729261  12950.46108846
  11844.64546127      0.           1124.78164651   1101.45284199
    963.14635805      0.           1018.13568299    993.14053529
    989.80784893    818.17450139   1006.47128073   1178.10462827
   1016.46933981   1431.38879163   5144.0013967   16223.51720061
  17536.59562646  19896.13756936  30794.02196665  23828.70747419
  16843.39686357  13087.45933582  10264.67398888   9174.88554915
  10238.012498        0.            953.50406904    995.04677744
    969.32986271      0.           1064.28462477   1050.43705531
    939.65649957   1147.37004158   1082.08864266   1113.74023002
    985.15565639   1337.2795657    9285.78443995  13847.56946733
  15026.59109626  18270.87880003  18777.3041977   16490.47701138
  14037.47899145  11560.74228101  10061.24833012   8625.05755394
   8739.79455809   3813.82445148    983.39094073   1210.13133898
   1798.63731646   3704.27571974   3092.84093794   2950.17282218
   3029.14981483   3401.10597376   1431.77644738   1227.96485345
   2109.44999721   2618.97898204   5350.05434075   9489.97734252
  10040.26864614  11841.45360752  12427.41194008  11235.11411557
   9548.57317577   8012.3432865    8830.13730716   8073.48676468
   7051.88115009   2853.44953813   2427.67303637   3002.84480191
   4500.53232126   4717.15545374   4508.00208445   1833.82686286
   2965.49598596   3092.48196017   3480.90964599   3604.16073861
   7297.95863548   6311.94989455   6364.23823687   5198.95517942
   2674.1752216    1713.45626219   1645.30743358   2511.77111161
   2268.38243801   3115.37502216   2034.72931135   2190.49806245
   2190.49806245   1723.19180913   2492.30001773   3913.68987159
   2190.49806245]
