[  1867.63149799   4695.42342784   2527.40669728   2142.06799651
   2546.86824782   1764.51391596   9123.57489489  10758.34514056
   9040.5389459    8990.4782192    2870.1420618    2194.49400169
   2180.87206499   2432.87789386   2127.74651188   2037.84172969
   2303.46949525   2137.28186756   7889.82573419   6794.62202385
   6906.32190475   8442.87636403  13752.70728804  14275.78965716
  14728.03795546  12305.89476031      0.           2213.10961751
      0.           2284.07104814   2334.33539483   2403.81846231
   2214.58798065   2369.81611014   2235.28506458   3247.96381408
   6161.81755898   5354.63128566   5141.7469938    5818.83731098
   7149.36413514   9730.586174    15729.78378781  24233.32855731
  18461.79886675      0.           2601.161704     2717.8057266
   2237.89889076      0.           2344.54485428   2334.5467952
   2411.19858148   2201.2393408    3006.08309674   2814.45363104
   2117.9221818    3416.00351903   3271.03166237   4920.71141058
   5054.01886498   5632.23994845   6315.44065225   6978.6452379
   8824.95348135  15097.06921092  31967.12756538  22748.91709354
  19116.28896111      0.           2482.67138307   2530.1487641
   2259.13204738      0.           2561.80035146   2755.666324
   2629.05997458   3693.34459936   3313.52555111   3200.76677116
   2704.23249455   3103.83378489   5633.98254899   5014.79837138
   4761.58567255   5028.64594085   5554.85358061   6733.87520954
  10342.15616788  20660.57364525 120719.15416775  31398.37465506
  18943.4750313   10807.10976831   2519.62083      3176.91322043
   4934.78821811   8766.44618405   7581.79129432   8873.44727087
   9910.338755    13772.56846004   5350.05434075   4957.71702243
  12254.17208524  15076.96266121  12422.31665023   5166.62390621
   4835.43006607   4463.47390714   4389.59220434   5905.44093422
   9303.99926305  23152.99707081 215143.51855591  36237.70140133
  16646.3119345    6823.62867299   4022.46747718   6905.79606806
  14237.36863789  15230.847142    15200.96808925   8440.83240337
  17875.14331085  18592.24057697  17591.29230967  10300.80343738
   4018.73259558   5471.60153581  11324.16099425 121727.26092501
  12287.76044561   4527.02932907   2424.15118912   7126.42036319
   6425.4609832   10329.41530784  13766.06337916  10806.45710811
  12519.9133703    3913.68987159   4127.87190436  11273.76336143
   5714.76605627]
