[  0.          10.37949362   0.           0.           0.
   0.          63.57439844  62.27696174  51.89746812  10.89754936
   0.           0.           0.           0.           0.
   0.           0.          10.89754936 130.77059228 108.97549357
  65.38529614  43.59019743  54.48774678  54.48774678  32.69264807
   0.           0.           0.           0.           0.
   0.           0.           0.           0.           0.
   0.         119.74741417 118.26905104  70.96143062  59.13452552
  35.48071531  23.65381021  35.48071531  23.65381021  35.48071531
   0.           0.           3.33268636   0.           0.
   0.           0.           0.           0.           0.
   0.           0.           0.          66.6537272  133.3074544
  79.98447264  39.99223632  26.66149088  13.33074544   0.
  13.33074544  26.66149088  13.33074544  39.99223632   0.
   0.           1.97822421   0.           0.           0.
   0.           0.           0.           0.           0.
   0.           0.         189.90952412  94.95476206  31.65158735
  15.82579368  31.65158735   0.          15.82579368  15.82579368
   0.          15.82579368  15.82579368   0.           0.
   0.           0.           0.           0.           0.
   0.           0.           0.           0.           0.
   0.          40.76231879  61.14347818  20.38115939  20.38115939
   0.           0.           0.           0.          20.38115939
  20.38115939   0.           0.           0.           0.
   0.           0.           0.           0.           0.
   0.           0.           0.           0.           0.
   0.           0.           0.           0.           0.
   0.           0.           0.           0.           0.
   0.           0.           0.           0.           0.        ]
