[ 20.4112732   41.51797449  10.37949362  10.37949362  10.37949362
   0.         229.64629642 198.50781555 134.9334171   54.48774678
  10.89754936   0.           0.          10.89754936   0.
  10.89754936   0.          32.69264807 326.9264807  283.33628327
 207.05343778 174.36078971 163.46324035 163.46324035 152.56569099
  47.30762041   0.           0.           0.           0.
   0.           0.           0.           0.           0.
  11.8269051  356.28551625 331.1533429  212.88429187 155.22812948
 130.09595614 106.44214593 118.26905104 106.44214593 130.09595614
   0.          13.33074544  13.33074544   0.           0.
   0.           0.           0.           0.           0.
  13.33074544  13.33074544  13.33074544 186.63043616 386.59161776
 253.28416336 159.96894528 119.97670896  93.31521808  66.6537272
  66.6537272   93.31521808  79.98447264 119.97670896   0.
   0.          11.86934526   0.           0.           0.
   0.           0.           0.           0.           0.
  15.82579368   0.         474.77381031 286.84251039 189.90952412
 110.78055574  94.95476206  63.30317471  63.30317471  63.30317471
  63.30317471  79.12896838  79.12896838   0.           0.
   0.           0.          20.38115939   0.           0.
  20.38115939  20.38115939   0.           0.           0.
  20.38115939 142.66811575 185.97807946 122.28695636  81.52463757
  40.76231879  40.76231879  20.38115939  61.14347818  61.14347818
  61.14347818  40.76231879   0.           0.           0.
  29.87905276  29.87905276   0.           0.           0.
  29.87905276  29.87905276   0.           0.           0.
  29.87905276   0.           0.           0.           0.
   0.           0.           0.           0.           0.
   0.           0.           0.           0.           0.        ]
