[  1908.45404439   5082.05956531   2537.7861909    2140.77055981
   2494.9707797    1806.03189046   9938.36514432  10210.82685193
   9813.81122084   9538.08007437   2915.09445289   2238.08419911
   2246.25736113   2432.87789386   2127.74651188   1973.81862722
   2292.5719459    2169.97451563   8431.97881468   7475.71885863
   7628.28454963   8922.36853572  11426.0805004   13681.87321722
  15823.2416658   12329.54857052      0.           2261.89560107
      0.           2331.37866855   2381.64301524   2461.47462469
   2214.58798065   2737.92853149   2199.80434927   3165.17547836
   8255.17976233   6090.85612836   5820.31567412   6664.46102589
   8636.59745192  12370.94273838  16279.73487513  16137.81201389
  18698.33696882      0.           2587.83095856   2726.1374425
   2291.22187252      0.           2411.19858148   2387.86977696
   2426.1956701    2374.53903152   2979.42160586   2707.80766752
   2102.92509318   3161.05301249   4477.4641247    5587.24868258
   4877.3864879    5282.30788064   6568.72481561   8278.39291831
  11641.07345557  23762.05374699  36259.62759709  19682.84564232
  21182.55450433      0.           2449.04157151   2518.27941884
   2354.08680945      0.           2672.58090719   2866.44687974
   2708.18894297   3232.41835852   3248.24415219   2866.44687974
   2514.32297042   2945.57584812   6680.46315588   4363.96260642
   3837.75496666   4520.24231898   5044.47173453   7578.57694705
  11078.05557386  37253.91831553 173893.82092229  23556.69388813
  20605.18336738   9757.48005955   2458.47735182   3077.55506839
   4588.30850842   8993.1865823    8504.03875686   9202.09346609
  10053.00687076  13527.99454732   5286.36321764   4302.97227692
  10939.58730437  13436.27933005  10802.01447846   4715.69075463
   3890.2537992    3727.20452405   4101.70832791   6234.08712943
  11535.73621662  31315.65140784 128360.54185915  28217.71518006
  18327.75758445   6879.6518969    4022.46747718   6875.91701531
  14356.88484891  15290.60524751  15025.42865431   7690.12120289
  15589.39577507  16336.37209395  15167.3541549    9161.66455109
   3992.58842442   5680.7549051   13871.35024164  67078.4734356
   9733.10143503   4137.6074513    2891.45744244   8061.03286983
   7048.53598763  11108.25906338  12208.37586808  10494.91960589
  10407.2996834    3524.26799382   3981.8387002   17621.33996908
   7048.53598763]
