[  1477.265898     4560.49001074   1534.86761955   1305.22132313
   1575.08815734   1764.51391596  19041.18105196  19923.43800994
  13114.49019305   7257.7678715    1675.49821358   1326.77663417
   1269.56450004   1270.92669371   1205.54139757   1140.15610144
   1480.70451883   2081.43192711  17272.61573023  23189.98503086
  27625.287619    24900.90027985  19125.19912085  16662.35296626
  14728.03795546   7400.68586859      0.           1188.60396291
      0.           1200.43086802   1201.90923116   1343.8320924
   1142.77470564   1213.73613626   1329.04846102   2260.41723793
  15848.05283885  20229.92117974  28609.28344565 161318.98561335
  39643.78590733  20844.92024513  15942.66807968  13092.38394971
  12512.86559963      0.           1273.08618953   1298.08133723
   1111.45090107      0.           1193.10171689   1181.43731463
   1178.10462827    966.47904441   1194.76806007   1404.72730075
   1176.43828509   1606.35482553   5907.18657315  18849.67405231
  20376.0444052   29127.67878663  52189.86839802  27314.69740678
  19689.51101504  17436.61503566  10721.25202021  10697.92321569
  10561.28307492      0.           1127.58779948   1163.19583526
   1159.23938684      0.           1317.49732361   1273.97639099
   1147.37004158   1400.58274041   1273.97639099   1305.62797835
   1143.41359316   1527.18908983  11038.49108967  14041.43543987
  18342.09487158  20470.66412113  22543.84309281  21530.99229749
  16553.78018609  13337.18762125  10951.44922445   9072.13622531
   8787.27193912   4020.18369033   1128.60670141   1475.08641109
   2168.04583046   4667.28550107   3872.42028473   3688.98985019
   3767.96684284   4323.35343631   1719.66032381   1452.15760677
   2435.5485475    3006.22101052   5780.60633293  10103.95976924
  11866.93005676  14715.19708198  15907.49490649  15092.24853076
  13115.2760696    9566.40669024   8789.37498837   7584.33893924
   7011.1188313    3335.24926381   2909.47276205   3723.67694963
   5733.04324742   5949.66637989   5740.51301061   2282.01265418
   3327.77950062   3480.90964599   3899.21638456   4265.23478082
   9736.83631663   8989.85999774   7835.78158507   5169.07612666
   3066.33778901   2024.9937644    2034.72931135   3290.61486715
   2891.45744244   3826.06994909   2424.15118912   2657.80431578
   2579.91994022   2112.6136869    3202.99494466   4614.64925157
   2579.91994022]
