[  1877.83713459   4696.72086455   2537.7861909    2142.06799651
   2557.24774144   1774.89340959   9165.09286938  10841.38108954
   9123.57489489   8968.68312049   2881.03961115   2205.39155104
   2191.76961435   2432.87789386   2127.74651188   2048.73927904
   2303.46949525   2148.17941692   7900.72328354   6862.73170732
   6884.52680604   8374.76668055  13158.79084811  14777.07692756
  14749.83305417  12305.89476031      0.           2224.93652262
      0.           2295.89795324   2369.81611014   2437.82081448
   2226.41488576   2381.64301524   2247.11196969   3249.44217722
   6244.60589471   5413.76581118   5165.40080401   5901.62564671
   7184.84485045   9801.54760462  15540.55330615  24753.71238187
  18408.57779378      0.           2601.161704     2722.80475614
   2251.2296362       0.           2357.87559972   2347.87754064
   2399.53417922   2227.90083168   3086.06756938   2814.45363104
   2117.9221818    3416.00351903   3524.31582573   4962.36999008
   5094.0111013    5792.20889373   6598.71899285   7448.55401466
   9348.18523987  15417.00710148  32180.41949242  24408.59490084
  19729.50325136      0.           2480.69315886   2536.08343673
   2274.95784106      0.           2561.80035146   2787.31791135
   2644.88576826   3709.17039303   3329.35134479   3216.59256484
   2704.23249455   3121.63780278   5649.80834267   4904.01781564
   4664.65268628   5044.47173453   5699.26394791   7212.60546827
  11014.75239915  21301.51828917 124169.17718932  31327.15858352
  18595.30757041  10766.34744952   2481.40615614   3156.53206104
   4934.78821811   8827.58966223   7663.31593189   8975.35306783
   9991.86339258  13915.23657579   5370.43550014   4978.09818182
  12213.40976645  15036.20034242  12361.17317205   5085.09926863
   4669.833146     4629.07082721   4593.40379827   6111.80017307
   9979.12516796  23244.71228808 224274.27796412  35748.55357589
  16768.59889086   6793.74962023   4052.34652993   6995.43322633
  14327.00579616  15320.48430027  15260.72619476   8470.71145612
  17785.50615258  18532.48247146  17471.77609865  10270.92438463
   4138.24880661   5620.99679959  11708.85379847 123161.45545726
  12138.36518183   4293.37620241   2424.15118912   7204.30473874
   6503.34535875  10329.41530784  13766.06337916  10806.45710811
  12364.14461919   3913.68987159   4127.87190436  11507.4164881
   5870.53480738]
