[ 224.52400522  490.4310737   146.61034743  124.55392348  176.4513916
  198.50781555 1325.98031038 1274.08284226 1137.85198846  855.45762449
  207.05343778   77.64503917   98.07794421  108.97549357   87.18039485
   98.07794421  152.56569099  272.43873392 1356.7448949  1258.66695069
 1126.53416474 1126.53416474 1172.84874951 1369.00463792 1761.31641476
 1142.77470564 1142.77470564   82.78833573   82.78833573   70.96143062
   82.78833573   82.78833573   70.96143062   94.61524083  118.26905104
  320.80480094 1284.69756688 1210.77940998 1093.98872208  904.75824043
  878.14770394 1011.20038636 1235.91158333 1413.31515988 1901.17499541
 2142.9173295   159.96894528  159.96894528   66.6537272    66.6537272
   79.98447264   66.6537272    79.98447264   66.6537272    79.98447264
  119.97670896  133.3074544   306.60714512  734.85734239 1229.76126685
  976.47710349  814.84181503  788.18032415  711.52853787  791.51301051
  923.15412173 1353.07066217 1553.03184377 2169.57882038 2575.64792092
  142.43214309  142.43214309   94.95476206   94.95476206   79.12896838
   79.12896838   79.12896838   79.12896838   79.12896838  110.78055574
  142.43214309  318.49409775 1285.84573625 1034.61126163  811.07192594
  666.66155864  648.85754075  589.51081447  904.0484638   921.85248168
 1179.02162893 1683.46880239 2306.60942841 1661.06449056  142.66811575
  122.28695636  142.66811575  264.95507211  203.81159393  224.19275333
  224.19275333  244.57391272  101.90579697  163.04927515  264.95507211
  407.62318787  876.38985391  840.72282497  672.57825998  591.05362241
  512.07662976  613.98242672  692.95941937  899.31865823 1266.17952731
 1717.11267889 2420.26267796  332.4044619   179.27431653  149.39526378
  268.9114748   328.66958031  239.03242204  179.27431653  418.30673857
  507.94389684  567.70200235  478.06484408  418.30673857  418.30673857
  597.58105511  750.71120048  392.16256741  155.76875111   77.88437555
  155.76875111    0.          233.65312666  155.76875111  155.76875111
  155.76875111   77.88437555  233.65312666  389.42187777   77.88437555]
