[ 1312.70000781  2724.61707612  1745.05236542  1515.406069
  1868.3088522   1263.70334864  4886.14662317  4980.85950248
  4856.305579    5229.4614975   1916.60649309  1306.34372912
  1358.10708857  1665.96285789  1437.1143214   1458.90942012
  1776.30054513  1642.80556551  4403.97213374  3793.70936977
  3607.08883704  3966.70796581  4594.67924748  5930.99123733
  8075.08407325  7829.4111786      0.          1271.39229864
     0.          1497.58185875  1595.15382585  1568.54328937
  1500.53858502  1750.38195534  1843.51883303  3153.34857325
  4248.81565847  3342.57905491  2950.81282335  2904.98356608
  3165.17547836  3867.39796888  4915.55743369  6602.36977409
  9417.17318876     0.          1689.67198453  1524.70400971
  1353.07066217     0.          1539.70109833  1609.68751189
  1701.33638679  1516.37229381  1797.98429123  2064.59920004
  2022.94062054  3402.67277359  3311.02389869  3377.67762589
  2707.80766752  2401.2005224   2494.51574048  2697.80960844
  3314.35658505  4344.15667029  6043.82671391  7831.81294606
 11284.47601505     0.          1685.44702659  1513.34152036
  1477.73348458     0.          2003.94112434  2134.50392218
  2071.20074747  2308.58765262  2292.76185895  2563.77857567
  3086.029767    4361.98438221  5250.20705233  4075.14187181
  2898.09846709  2371.89082733  2259.13204738  2421.34643257
  2991.07500494  4077.12009602  6033.58383934  9167.09098737
 11556.78583259  8363.91828603  1638.13568624  1824.1137657
  2394.78622872  4239.28115381  4038.0172048   4611.23731274
  5202.29093515  6578.01919419  3625.29872709  4221.44763934
 10264.46139946 12233.79092584 11459.3068689   5885.05977482
  3666.06104587  2680.12246022  2111.99764213  2213.9034391
  2639.36014144  3607.46521262  5635.39057225  9118.02118359
 10761.25215967  3305.37021105  2244.66383824  2192.37549592
  5613.5270364   7271.81446432  8653.72065425  5736.77812901
 18988.13802598 19585.71908109 24560.58136484 10846.09615017
  2521.04507623  1923.46402112  2521.04507623  3817.04898949
  3484.64452758  1791.34063774  1324.03438442  1255.88555581
  1255.88555581  3903.95432464  8917.76100093  8693.84342121
 10027.61335257  3212.7304916   1635.57188663  1878.96056024
  1878.96056024]
