[ 20.4112732   41.51797449   0.          10.37949362   0.
  10.37949362 125.85136018 155.69240435 134.9334171   76.2828455
  21.79509871   0.          10.89754936  10.89754936   0.
  10.89754936   0.          21.79509871 152.56569099 174.36078971
 163.46324035 185.25833906 164.82543402 217.95098713 207.05343778
  94.61524083  94.61524083   0.           0.           0.
   0.           0.           0.           0.           0.
  23.65381021 130.09595614 165.57667145 165.57667145 141.92286124
 118.26905104 118.26905104 153.74976635 201.05738676 236.53810207
 266.6149088   13.33074544  13.33074544   0.           0.
  13.33074544   0.          13.33074544   0.           0.
  13.33074544  13.33074544  13.33074544  79.98447264 173.29969072
 173.29969072 133.3074544   93.31521808  79.98447264  79.98447264
 119.97670896 159.96894528 199.9611816  293.27639968 348.16746089
   0.           0.          15.82579368  15.82579368   0.
   0.           0.           0.           0.           0.
  15.82579368  15.82579368 142.43214309 158.25793677 158.25793677
  79.12896838  79.12896838  63.30317471  94.95476206 110.78055574
 126.60634942 205.7353178  255.19092304 101.90579697   0.
   0.           0.          20.38115939   0.           0.
  20.38115939   0.           0.          20.38115939   0.
  20.38115939  61.14347818 122.28695636 101.90579697  61.14347818
  40.76231879  61.14347818  40.76231879 101.90579697 122.28695636
 203.81159393 247.12155764   0.           0.           0.
  29.87905276  29.87905276   0.           0.           0.
  59.75810551  59.75810551  29.87905276  29.87905276   0.
  59.75810551  29.87905276   0.           0.           0.
   0.           0.           0.           0.           0.
   0.           0.           0.           0.           0.        ]
