[ 727.15160782 1638.66255578  897.82619842  700.61581957  960.10316016
  699.31838287 3320.14052276 3164.44811841 3028.2172646  3070.38453122
  952.17337503  581.65669691  600.72740828  766.91503597  592.55424627
  647.04199305  855.45762449  843.19788147 3198.43073616 2706.67882145
 2487.36564065 2487.36564065 2742.09585686 3440.90120935 4839.874108
 4436.56777699 4436.56777699  450.90075708 3783.13127002  641.60960187
  666.74177522  557.34290301  546.99436104  774.66228429  997.89511812
 2010.57386762 3106.04095284 2532.43605531 2093.36220334 1988.39842055
 1985.44169427 2083.01366137 2606.35421221 3627.90314053 5444.81143708
 6137.14193199  723.19294013  723.19294013  508.2346699   508.2346699
  519.89907216  536.56250396  588.21914254  564.89033802  631.54406523
  856.50039453 1058.12791931 2089.59434774 2264.56038164 2506.18014274
 1996.27912966 1621.35191415 2077.92994548 1409.72633029 1609.68751189
 2024.60696372 2962.75817406 4195.85212727 6447.08176347    0.
  571.70679658  571.70679658  411.4706356   411.4706356   363.99325457
  334.31989143  431.2528777   573.68502079  700.2913702   860.52753118
 1368.93115306 2087.02654115 3339.24246584 2484.64960728 1926.79038017
 1430.25610355 1479.71170879 1194.84742261 1446.08189723 1879.31299914
 2929.75005444 4725.97763678 7050.39108308 7525.74310598  593.60126733
  532.45778915  550.29130362 1184.65488974  840.72282497  881.48514376
 1164.27373034 1658.51684563 1309.48949102 1821.56612078 3785.80035731
 5938.56031823 6639.16267237 2850.81467014 2066.1400335  1411.39528799
 1230.51249837 1026.70090444 1286.5606867  1757.87499767 2886.48169908
 4776.83423281 7706.6258956  1710.57577024  866.4925299   631.19498946
  956.12968817 1109.25983354 1112.99471513 1591.05955922 4982.33204694
 3988.85354283 6304.48013136 3637.77467296 1404.3154795   900.10646425
 1228.77604456 1983.22212663 1624.67349357  700.95937999  389.42187777
  467.30625332  389.42187777  700.95937999  934.61250665  856.72813109
  866.46367804  778.84375554  623.07500443 1012.4968822   700.95937999]
