[ 1127.72284441  2546.86824782  1148.23148208  1034.05705222
  1252.02641831  1493.34964505 13093.7312058  13078.16196537
  7309.75838421  3201.1551235   1215.07675326   911.30756495
   973.96847375   984.8660231    909.94537128   909.94537128
  1294.0839861   2047.37708537 16607.86521947 19114.30157149
 16482.54340187 14515.535743   10701.39346819  9050.41474066
  7977.00612904  3806.78508023     0.           866.32079884
     0.           926.9336875    881.10443022  1020.07056519
   881.10443022   940.23895574  1163.47178957  2224.93652262
 17078.05096962 57573.37404441 33280.91096158 18562.32756013
 15510.98604339 11111.37734485  9541.35569234  9068.2794882
  7513.04146707     0.           898.15897403   921.48777855
   816.50815821     0.           896.49263085   844.83599227
   854.83405135   711.52853787   898.15897403  1084.78941019
  1029.80008525  1564.69624603  6228.79080689 24935.15934572
 38139.26270415 23435.45048371 16896.71984534 11537.76017841
  9308.19300355  8525.01170895  7878.4705551   7641.84982354
  6512.06914749     0.           809.09370173   852.61463435
   872.39687644     0.           874.37510065   860.52753118
   765.57276912   971.30808692   908.00491221   971.30808692
   953.50406904  1384.75694673 11707.13087252 16170.00468942
 21649.68575006 15497.40845815 12280.81589331  9028.6152927
  7461.86171868  7129.52005146  6177.99420664  6330.31747078
  5378.79162595  2440.64383735   820.34166558  1026.70090444
  1472.53876617  3069.91213362  2540.00198939  2397.33387364
  2455.9297069   2685.21775007  1146.44021587  1024.15325951
  1696.73151949  2147.66467107  5551.31828976 11173.97063739
 13645.18621383 10842.77679725  8137.17788778  6868.45071555
  6208.61068019  4978.09818182  4835.43006607  5123.3139425
  5021.40814553  2733.93332711  2278.27777259  2580.80318174
  3630.30490977  3817.04898949  3634.03979136  1471.5433482
  2244.66383824  2431.40791796  3148.50518409  4205.47667531
  6397.85217122  4959.92275738  4773.17867766  3514.52358034
  2524.77995782  1635.57188663  1557.68751108  2268.38243801
  1956.84493579  2336.53126662  1479.80313552  1878.96056024
  1723.19180913  1401.91875997  1869.22501329  2891.45744244
  2034.72931135]
