[ 102.05636601  259.48734058   72.65645536   62.27696174   72.65645536
   93.41544261  794.03126218  792.73382548  657.80040838  395.03616418
   98.07794421   43.59019743   54.48774678   54.48774678   54.48774678
   54.48774678   65.38529614  141.66814164  851.37104349  809.14303973
  743.75774359  731.49800056  734.2223879   874.52833587 1059.78667493
  535.16745594  535.16745594   35.48071531   35.48071531   35.48071531
   47.30762041   47.30762041   35.48071531   47.30762041   59.13452552
  143.40122438  773.18392115  805.70791018  688.91722229  617.95579166
  628.30433363  629.78269677  712.57103249  878.14770394 1139.81797936
 1284.75059179   79.98447264   79.98447264   39.99223632   39.99223632
   39.99223632   39.99223632   53.32298176   26.66149088   39.99223632
   66.6537272    66.6537272   133.3074544   426.58385408  841.50330591
  654.87286975  548.22690622  546.56056304  456.57803132  483.2395222
  626.54503569  789.84666733  989.80784893 1324.74282811 1572.68824665
   79.12896838   79.12896838   63.30317471   63.30317471   47.47738103
   31.65158735   47.47738103   31.65158735   31.65158735   63.30317471
   79.12896838  126.60634942  777.44211438  700.2913702   557.85922711
  490.59960399  490.59960399  429.27465349  553.90277869  636.9881955
 1002.95967428 1271.99816678 1400.58274041  634.36358612   61.14347818
   61.14347818   81.52463757  163.04927515  122.28695636  122.28695636
  142.66811575  142.66811575   81.52463757  101.90579697  122.28695636
  203.81159393  489.14782544  552.83894854  468.76666605  407.62318787
  308.26503582  369.408514    489.14782544  652.19710059 1289.10833163
 1105.67789709 1189.75017959  179.27431653   89.63715827   89.63715827
  179.27431653  209.15336929  149.39526378   89.63715827  209.15336929
  268.9114748   328.66958031  298.79052755  268.9114748   268.9114748
  418.30673857  541.55783119  268.9114748    77.88437555    0.
   77.88437555    0.          155.76875111    0.            0.
   77.88437555    0.          155.76875111  233.65312666    0.        ]
