[ 387.81419084  906.90825534  365.87715022  281.54376453  416.47718164
  355.4976566  2077.19616136 1973.40122513 1806.03189046 1633.27020982
  435.90197426  186.62053273  152.56569099  174.36078971  163.46324035
  230.21073016  340.54841739  457.69707298 2101.86483216 1828.06390457
 1554.26297699 1501.13742387 1622.37266047 2037.84172969 2780.2372796
 2118.49437669 2118.49437669  130.09595614  130.09595614  118.26905104
  130.09595614  130.09595614  130.09595614  238.01646521  415.42004176
  737.70320584 2010.57386762 1710.46615061 1391.13971281 1178.25542095
 1139.81797936 1237.38994647 1556.71638426 2080.0569351  3006.99062259
 3389.34202815  294.94274286  294.94274286  106.64596352  106.64596352
  119.97670896  119.97670896  133.3074544   106.64596352  133.3074544
  226.62267248  441.5809427   763.18517645 1244.75835547 1766.32377081
 1433.05513481 1191.43537371  963.14635805  831.50524683  913.15606265
 1218.09686459 1821.31309575 2371.20634516 3442.66500991 4087.01121707
  237.38690515  237.38690515  126.60634942  126.60634942  126.60634942
  110.78055574  126.60634942  126.60634942  142.43214309  189.90952412
  411.4706356   844.70173751 1954.4855191  1608.29628242 1305.62797835
  969.32986271  969.32986271  779.42033859  840.74528909 1177.04340472
 1511.36329615 2561.80035146 3628.06320044 3260.98550293  264.95507211
  183.43043454  203.81159393  366.86086908  305.7173909   326.09855029
  346.47970969  328.64619522  203.81159393  264.95507211  468.76666605
  754.10289755 1309.48949102 1413.94293291 1021.60561459  815.24637573
  657.29239043  636.91123104  733.72173816  960.46213641 1472.53876617
 2356.57155485 3729.75216898  687.21821337  298.79052755  239.03242204
  388.42768582  448.18579133  388.42768582  268.9114748   687.21821337
  836.61347715  926.25063541  690.95309497  597.58105511  451.92067292
  687.21821337  903.84134585  661.07404221  233.65312666  155.76875111
  233.65312666   77.88437555  311.53750222  311.53750222  311.53750222
  311.53750222  155.76875111  311.53750222  467.30625332  233.65312666]
