[ 142.87891241  426.85667526  103.79493623   83.03594899  124.55392348
  177.7488283  2016.21663633 1567.30353712 1232.56486777  548.96404884
  119.87304292   65.38529614   65.38529614   76.2828455    65.38529614
   76.2828455   119.87304292  283.33628327 2652.19107466 2313.00485094
 1369.00463792 1127.89635841 1063.87325594 1148.32926345 1225.97430262
  523.34055084    0.           59.13452552    0.           59.13452552
   47.30762041   70.96143062   59.13452552   59.13452552  106.44214593
  249.84337031 2964.11809159 2080.0569351  1377.83444457  999.37348126
  807.18627332  714.04939563  759.87865291  854.49389374 1104.33726405
    0.           93.31521808   79.98447264   39.99223632    0.
   66.6537272    53.32298176   66.6537272    39.99223632   26.66149088
   93.31521808  106.64596352  213.29192704 1847.97458663 2104.59143636
 1393.06289849  963.14635805  749.85443101  576.55474028  523.23175852
  534.89616078  601.54988798  708.19585151  909.82337629    0.
   79.12896838   75.17251997   63.30317471    0.           47.47738103
   47.47738103   47.47738103   63.30317471   47.47738103   63.30317471
   94.95476206  176.06195466 3200.76677116 1750.72842551 1082.08864266
  761.6163207   601.38015972  445.10044716  458.94801663  458.94801663
  429.27465349  601.38015972  811.07192594  267.50271704   61.14347818
   61.14347818  101.90579697  203.81159393  142.66811575  142.66811575
  163.04927515  163.04927515   81.52463757   81.52463757  122.28695636
  203.81159393 1082.74909277 1189.75017959  835.62753513  591.05362241
  389.7896734   328.64619522  326.09855029  346.47970969  387.24202847
  468.76666605  654.74474551  209.15336929  149.39526378  149.39526378
  239.03242204  239.03242204  209.15336929   59.75810551  149.39526378
  209.15336929  298.79052755  239.03242204  328.66958031  239.03242204
  268.9114748   239.03242204  209.15336929  155.76875111    0.
   77.88437555    0.           77.88437555   77.88437555   77.88437555
   77.88437555    0.           77.88437555  155.76875111   77.88437555]
