[  849.61924704  1711.31901114   845.9287303    783.65176856
  1001.62113465  1085.95452034  5911.12161847  5493.34700014
  4457.99251121  2347.05969268   919.48072696   701.52973983
   731.49800056   732.86019423   745.11993726   777.81258533
  1140.15610144  2048.73927904  8036.9426505  10804.92018708
 12139.86998326 10521.58390381  6996.22668694  5960.95949807
  5696.69392617  2533.91441845     0.           641.60960187
     0.           665.26341208   737.70320584   841.18862549
   737.70320584   796.83773136  1127.99107426  2427.47227252
 16936.12810838 26515.92124231 12802.62477467 10182.96529422
  7826.45445232  6924.65293817  6682.20138354  5851.36130001
  5396.02545353     0.           709.86219469   719.86025377
   654.87286975     0.           708.19585151   671.53630155
   681.53436063   589.88548572   724.85928331   909.82337629
  1043.13083069  1819.64675257 10184.68951624 63241.05636787
 16976.70431798  8844.94959951  9144.89137191  6600.38533603
  6530.39892247  6072.15454797  6207.12834555  5094.0111013
  4584.11008822     0.           650.83576496   747.76875124
   682.48735232     0.           700.2913702    684.46557653
   636.9881955    795.24613227   747.76875124   842.7235133
   951.52584483  1511.36329615 14377.73355551 22979.05241893
 12514.24635005  8909.92184012  7066.21687676  6209.64579399
  5997.97580356  5588.48339217  5125.57892712  4913.90893669
  3916.88393504  1926.01956267   695.5070643    840.72282497
  1184.65488974  2455.9297069   2068.68767842  1946.40072206
  2004.99655532  2111.99764213  1019.05796967   919.69981762
  1492.91992556  2043.21122918  6985.64238206 12870.70215688
  9734.55125524  7003.47589653  6068.49020936  5311.83966688
  4978.09818182  4753.90542849  4259.6623132   3936.11140784
  3956.49256723  2494.90090507  2039.24535055  2102.73833765
  2849.71465653  3032.72385466  2793.69143262  1202.6318734
  1886.11520518  2248.39871983  3028.98897307  2853.44953813
  4683.54151939  4145.71856979  3719.94206803  3096.21684177
  2401.52886521  1479.80313552  1246.15000886  1723.19180913
  1567.42305802  1791.34063774  1168.26563331  1723.19180913
  1635.57188663  1012.4968822   1401.91875997  2346.26681356
  1801.07618469]
