[  2883.09233979   6840.08629776   3122.93014391   2590.98109572
   3068.43780239   2965.94030286  23177.40926084  28699.29986844
  20302.28952719  10393.53769887   3308.7684234    2588.16797219
   2871.50425547   2992.73949206   2729.83611383   2345.69749901
   2785.68605428   3265.17822597  19332.25255862  24029.09633132
  26088.73315972  33542.65691964  27461.82437866  24781.02723693
  22754.0830566   11067.02645071      0.           2485.1284349
      0.           2616.70275418   2702.44781618   2938.98591825
   2511.73897138   2582.700402     2508.7822451    3558.42007305
  15463.67842298  16208.77344451  20898.14131809  36024.75294562
 130805.57044601  42588.68527813  23896.26176186  17568.86753142
  20407.32475629      0.           2817.7863174    2687.81154936
   2344.54485428      0.           2734.4691584    2656.15102894
   2586.16461538   2172.91150674   2629.48953806   2947.76108544
   2129.58658406   2624.49050852   6070.48820479  12414.2566911
  16010.22527357  20969.26257729  51923.25348922 164394.7527674
  40405.48942896  19089.62747023  14903.77340204  12440.91818198
  14717.14296588      0.           2274.95784106   2502.45362517
   2385.7383968       0.           3006.90079862   3184.94097749
   2852.59931027   3200.76677116   2787.31791135   2898.09846709
   2019.76691802   2658.73333773  12015.73384922  10029.59674276
  15442.01818028  16268.9158999   21641.77285322  39485.35522398
  35354.8230743   15248.15220774  10729.88811297  10690.32362878
  11224.44416537   6030.2755355    2213.9034391    3179.46086536
   5161.52861636  11795.59599889   9487.42969759   9016.11538662
   9212.28404578  11520.45034708   4325.90108123   3092.84093794
   5080.00397879   6081.22843398   7991.96212711   7357.59854099
   9181.71230669   9714.17009584  13940.71302503  18205.47062809
  25853.50069043  11882.21592631   8277.29835861   7622.5536131
   8712.94564065   5979.54543265   6065.44770932   7749.8793084
  14233.6337563   15380.24240578  14812.54040343   5527.62475973
   6517.36838225   6547.247435     6696.64269878   7962.76755928
   9128.05061674  19346.68665904  14745.31253473   7484.7027152
   5467.86665422   3748.18557353   5481.11292961   9161.14967453
   6347.57660765  10407.2996834    5481.11292961   6104.18793404
   5471.37738266   3368.49924271  11653.44969226   8927.49654787
   4935.92230073]
