[ 778.17979083 1721.69850477  961.40059686  773.27227494 1043.13910914
  740.83635736 3373.33542757 3228.02251685 3112.55065029 3235.20996524
 1028.45622053  615.71153865  634.78225002  843.19788147  647.04199305
  712.42728919  911.30756495  897.68562825 3221.58802855 2761.16656823
 2673.98617338 2543.2155811  2776.1506986  3551.23889659 5026.49464074
 4735.19713086 4735.19713086  498.20837749  498.20837749  712.57103249
  737.70320584  628.30433363  595.78034459  845.62371491 1058.50800677
 2189.45580731 3177.00238346 2520.60915021 2678.79400597 1941.09080013
 2020.92240958 2238.24179086 2866.54612449 3723.9967445  5730.1355227
 6458.74616573  776.51592189  776.51592189  561.55765166  561.55765166
  548.22690622  603.21623116  668.20361519  618.21331978  711.52853787
  924.82046491 1164.77388283 2251.2296362  2372.87268834 2519.51088818
 2091.26069092 1742.99496629 1528.03669607 2054.60114096 1851.30727299
 2171.24516356 3029.41190126 4410.8103975  6901.99345162 8193.80467624
  619.18417761  619.18417761  474.77381031  474.77381031  411.4706356
  381.79727246  589.51081447  668.63978285  765.57276912  987.1338806
 1527.18908983 2308.58765262 3467.82703946 2563.77857567 1816.00982443
 1669.62123292 1287.82396046 1626.10030031 1558.84067718 1974.2677612
 2850.62108606 5234.38125865 7576.59872284 7709.17354052  634.36358612
  613.98242672  631.81594119 1408.84764306  983.39094073  983.39094073
 1368.08532428 1844.4949251  1472.53876617 2027.92535964 4236.73350889
 6493.9469117  7130.85814274 3075.00742347 2168.04583046 1554.06340374
 1108.22554201 1640.68333116 1408.84764306 1801.18496138 2784.57590211
 6743.61611427 8157.55904718 1859.97103402  956.12968817  720.83214772
 1045.76684643 1228.77604456 1262.38997891 1889.85008677 7114.94943735
 6278.3359602  8526.73468004 4205.47667531 1408.05036109 1083.11566238
 1288.53415007 1953.34307388 1830.09198126  778.84375554  467.30625332
  623.07500443  467.30625332  778.84375554 1012.4968822   934.61250665
  944.34805359  934.61250665  700.95937999 1090.38125776  856.72813109]
