[ 706.74033462 1607.52407491  856.30822392  679.85683233  918.58518566
  668.179902   3340.89951    3176.12504873 3059.35574547 3003.63704142
  919.48072696  559.8615982   578.93230957  745.11993726  570.75914755
  625.24689434  822.76497642  832.30033211 3188.89538048 2717.5763708
 2487.36564065 2882.40180482 2808.84334667 3496.7511498  4916.1569535
 4341.95253617    0.          450.90075708    0.          617.95579166
  654.91487011  557.34290301  512.99200887  739.18156898  938.7605926
 1904.13172168 3117.86785794 2461.47462469 2081.53529824 2083.01366137
 1985.44169427 2190.93417045 2785.2361519  3663.38385585 5505.42432573
    0.          696.53144925  429.91654044  494.90392446    0.
  519.89907216  536.56250396  601.54988798  576.55474028  631.54406523
  843.16964909 1004.80493755 1967.9512956  2131.25292724 2452.85716098
 1876.3024207  1623.01825733 1688.00564135 1478.04640067 1904.63025476
 2426.1956701  3149.38861023 4115.86765463 6540.39698155    0.
  601.38015972  510.38184608  458.94801663    0.          379.81904825
  381.79727246  589.51081447  605.33660814  700.2913702   892.17911854
 1366.95292885 2069.22252326 3355.06825951 2452.99801993 1752.70664972
 1430.25610355 1366.95292885 1305.62797835 1574.66647086 2498.49717675
 2787.31791135 4534.08988845 7129.52005146 7237.85922955  593.60126733
  573.22010794  611.4347818  1327.32300549  922.24746255 1024.15325951
 1286.5606867  1681.44564995 1309.48949102 1821.56612078 3666.06104587
 5632.84292733 6147.46720201 2868.64818461 2004.99655532 1472.53876617
 1108.22554201 1230.51249837 1554.06340374 1903.09075835 2703.05126454
 4631.61847213 7849.29401135 1654.55254632  896.37158266  661.07404221
  986.00874092 1169.01793905 1202.6318734  1740.45482299 6603.27065892
 6969.28905517 8015.0559016  3906.68614775 1437.92941385 1019.62267527
 1676.96183589 1863.70591561 1680.69671748  700.95937999  389.42187777
  545.19062888  389.42187777  778.84375554  934.61250665  856.72813109
  934.61250665  856.72813109  623.07500443 1090.38125776  778.84375554]
