[ 1117.51720781  2578.00672869  1137.85198846  1023.6775586
  1252.02641831  1502.43170197 13301.32107827 13156.00816754
  7455.07129494  3672.47413318  1215.07675326   920.84292063
   963.07092439   984.8660231    909.94537128   909.94537128
  1283.18643674  2025.58198666 16041.19265293 19201.48196635
 16662.35296626 15082.20830955 10943.86394137  8698.96877391
  8020.59632646  3818.61198533     0.           854.49389374
     0.           926.9336875    881.10443022  1008.24366008
   881.10443022   940.23895574  1151.64488446  2177.6289022
 16936.12810838 57620.68166483 32275.62402777 18798.8656622
 14322.38208048 11276.9540163   9588.66331276  8592.24655778
  7584.00289769     0.           898.15897403   921.48777855
   816.50815821     0.           883.16188541   844.83599227
   854.83405135   698.19779243   884.82822859  1096.45381245
  1029.80008525  1564.69624603  6175.46782513 25201.77425452
 35726.39777949 24081.99163755 15990.22915541 11937.68254162
  8931.59944487  8631.65767247  8335.04858643  7911.7974187
  6565.39212925     0.           809.09370173   850.63641014
   856.57108276     0.           874.37510065   860.52753118
   765.57276912   971.30808692   908.00491221   971.30808692
   953.50406904  1368.93115306 11802.08563458 15406.41014451
 20510.22860532 16071.09347894 12411.37869115  8502.40765294
  7064.23865255  7687.37927858  6478.6842865   6187.88532769
  5428.24723119  2420.26267796   820.34166558  1085.29673769
  1472.53876617  3049.53097423  2519.62083     2397.33387364
  2455.9297069   2664.83659068  1184.65488974  1024.15325951
  1696.73151949  2147.66467107  5510.55597097 10700.10868149
 13278.32534475 10409.67716014  8465.824083    7133.40578766
  5900.34564437  5306.74437704  5018.86050061  5245.60089886
  4837.97771099  2704.05427435  2248.39871983  2580.80318174
  3600.42585701  3843.19316065  3518.25846193  1471.5433482
  2244.66383824  2431.40791796  3118.62613133  4145.71856979
  6367.97311847  4900.16465187  4321.25800473  3424.88642207
  2494.90090507  1635.57188663  1411.65430692  2268.38243801
  1956.84493579  2336.53126662  1479.80313552  1878.96056024
  1723.19180913  1178.00118025  1791.34063774  2891.45744244
  2034.72931135]
