[  1652.03742479   3957.18194389   2318.51938811   1974.69866183
   2358.7399259    1588.06252437   7506.96876306   7872.84591328
   7486.20977581   7620.11138761   2607.23868357   1953.38572217
   1950.66133483   2235.35981177   1941.12597915   1874.37848934
   2182.23425866   1939.76378548   6421.38095838   5930.99123733
   5481.46732637   6301.50791546   7742.70881787  10894.82496927
  12711.99132448  10709.26257133      0.           1998.74696251
      0.           2081.53529824   2155.45345513   2153.975092
   2023.87913586   2190.93417045   2117.01601355   3497.80718439
   6019.89469774   4758.85094107   4236.98875337   4461.69995034
   5447.76816335   7518.95491963  10398.80631236  13760.60408806
  15031.9963867       0.           2399.53417922   2471.18693596
   2049.60211142      0.           2116.25583862   2119.58852498
   2184.575909     1919.62734338   2414.53126784   2586.16461538
   2102.92509318   3509.31873711   3552.64365979   4452.468977
   3887.57863897   3485.98993259   3929.23721847   4724.08291534
   6758.68793813  11877.69418714  23968.68030131  20069.43726008
  16643.43568197      0.           2338.26101577   2346.17391261
   2114.72168008      0.           2306.60942841   2484.64960728
   2421.34643257   2913.92426077   3216.59256484   3455.9576942
   2783.36146293   3088.00799121   5218.55546497   3932.70972872
   3234.39658273   3293.74330901   3564.76002573   4698.28249784
   7145.34584514  14009.78385252  53934.30485103  42476.43022892
  18405.39804629  10807.10976831   2275.04691728   2769.29003257
   4157.75651624   7762.67408393   6516.87571601   7049.33350517
   8537.15814088  13135.657229     5039.24166      4570.47499395
  12478.36483856  15082.05795106  12952.22679446   4919.50234856
   3581.98876338   3459.70180702   3671.15633572   4715.69075463
   8585.56339444  16473.07207965 101457.41145996  58493.92745884
  18490.80685959   6162.55463078   3480.90964599   6125.20581483
  12343.78366952  13606.17364844  13729.42474105   8142.04187581
  18539.95223465  19227.17044802  18913.44039409  10241.04533187
   3660.18396252   4691.01128258  10872.24032133  43817.63086562
  17464.30633546   3115.37502216   2112.6136869    5013.80667629
   5558.99730516   8839.87662537  13065.10399917  10494.91960589
  11974.72274142   3835.80549603   3660.56565104   8138.91724539
   4380.99612491]
