[  912.12877122  1972.10378843  1191.04689327   992.53907773
  1294.84182951   866.68771755  3706.77666022  3635.41764156
  3551.08425587  3804.60691913  1291.35959876   811.86742707
   821.40278275  1084.30616098   844.56007514   953.5355687
  1196.00604189  1138.79390777  3593.46690034  2958.68465032
  2663.08862402  2848.34696308  3169.8246691   4089.30539607
  5740.28412359  5639.95537129     0.           688.91722229
     0.           926.9336875    965.37112908   854.49389374
   845.62371491  1120.59925857  1355.6589975   2653.66183262
  3497.80718439  2724.62326325  2177.6289022   2000.22532565
  2069.70839313  2476.25825607  3236.13690898  4531.18301782
  6762.03299299     0.          1004.80493755   744.85540147
   749.85443101     0.           789.84666733   859.83308089
   949.81561261   873.16382633  1046.46351705  1313.07842585
  1488.04445975  2666.14908802  2667.8154312   2749.46624702
  2104.59143636  1767.99011399  1674.67489591  1651.34609139
  1946.28883426  2586.16461538  3737.60775277  5912.18560269
  8415.03305907     0.           856.57108276   783.37678701
   714.13893967     0.           919.87425747   908.00491221
   957.46051746  1097.91443634  1210.67321629  1529.16731403
  2085.04831694  2898.09846709  4134.4885981   2977.22743548
  2071.20074747  1653.79543924  1416.40853409  1434.21255197
  1796.22758233  2466.84558939  3598.3898373   7893.11459638
  9487.56330933  8509.13404671   840.72282497   983.39094073
  1082.74909277  2004.99655532  1579.53985298  1926.01956267
  2168.04583046  2746.36122825  2066.1400335   2807.50470643
  5714.3675649   8111.70143854  8608.49219875  3607.46521262
  2537.45434447  1778.25615707  1312.03713595  1312.03713595
  1615.20688192  2252.11811296  3523.39293012  5981.87028194
 10144.72208803  2461.28697072  1288.53415007  1079.38078078
  1378.17130834  1740.45482299  2704.05427435  3032.72385466
  9848.88276446 11021.6355851  12855.46244796  6640.61947486
  1732.98505981  1112.99471513  1617.20373038  2584.53806333
  2371.64981245  1012.4968822    623.07500443   700.95937999
   623.07500443  1012.4968822   1401.91875997  1246.15000886
  1178.00118025  1168.26563331   856.72813109  1401.91875997
  1022.23242915]
