[1.66096736e+03 4.90431074e+03 1.67109847e+03 1.44145218e+03
 1.72169850e+03 1.98248328e+03 2.15063108e+04 2.26480551e+04
 1.45364808e+04 7.32315317e+03 1.84032365e+03 1.46980697e+03
 1.41259484e+03 1.40169729e+03 1.30498154e+03 1.29135960e+03
 1.64416776e+03 2.26805246e+03 1.78828785e+04 2.55656508e+04
 2.76688778e+04 2.55220606e+04 2.27649806e+04 1.85476290e+04
 1.60902316e+04 7.35337825e+03 0.00000000e+00 1.28469757e+03
 0.00000000e+00 1.33052682e+03 1.29800284e+03 1.46210114e+03
 1.27287066e+03 1.32165665e+03 1.44879588e+03 2.36833775e+03
 1.67055035e+04 2.21754471e+04 3.74558085e+04 1.09223834e+06
 3.32690841e+04 2.04605458e+04 1.74151178e+04 1.32343068e+04
 1.36541619e+04 0.00000000e+00 1.37973215e+03 1.38973021e+03
 1.23142761e+03 0.00000000e+00 1.33807357e+03 1.30141402e+03
 1.27141985e+03 1.05979426e+03 1.30141402e+03 1.51303961e+03
 1.27141985e+03 1.73966228e+03 6.12214484e+03 1.67567470e+04
 1.71566694e+04 3.22337425e+04 5.96150936e+04 2.73280282e+04
 1.86697090e+04 1.58235948e+04 1.27608561e+04 1.03513238e+04
 1.16344081e+04 0.00000000e+00 1.22254256e+03 1.26012882e+03
 1.22452079e+03 0.00000000e+00 1.38277872e+03 1.38475695e+03
 1.24232480e+03 1.49751573e+03 1.40058274e+03 1.43223433e+03
 1.22452079e+03 1.63994787e+03 9.95442422e+03 1.28940654e+04
 1.77723663e+04 1.87140010e+04 2.25359302e+04 2.11432604e+04
 1.63005675e+04 1.23836836e+04 1.10147524e+04 8.64088335e+03
 9.55086648e+03 4.32590108e+03 1.21013134e+03 1.55915869e+03
 2.33364275e+03 4.89402590e+03 4.09916068e+03 3.91318260e+03
 4.01254076e+03 4.52971268e+03 1.84449493e+03 1.53622989e+03
 2.64190779e+03 3.25334257e+03 5.92327445e+03 9.73455126e+03
 1.10873507e+04 1.33190877e+04 1.43483362e+04 1.27942728e+04
 1.32732301e+04 9.60716901e+03 9.87721937e+03 7.68369709e+03
 7.56395778e+03 3.57428169e+03 3.20826329e+03 3.93283032e+03
 6.03556866e+03 6.36797312e+03 6.12894070e+03 2.46502185e+03
 3.57054680e+03 3.72367695e+03 4.17186274e+03 4.50800208e+03
 8.35493013e+03 8.11589770e+03 7.98891173e+03 6.03930354e+03
 3.33524926e+03 2.25864689e+03 2.34626681e+03 3.68003674e+03
 3.05696174e+03 4.13760745e+03 2.65780432e+03 2.90119299e+03
 2.89145744e+03 2.50203556e+03 3.34902815e+03 4.84830238e+03
 2.74542424e+03]
