[ 1251.4661882   2463.83229883  1629.58049886  1389.55470882
  1721.69850477  1201.4263869   4333.43858773  4345.11551806
  4250.40263874  4725.44983976  1807.63099953  1217.8011406
  1236.87185198  1522.93252259  1283.18643674  1337.67418352
  1623.73485413  1555.62517066  3868.6300216   3355.08300817
  3124.87227801  3451.79875871  3938.10189874  5108.22626091
  7241.42154747  7258.76300735     0.          1188.60396291
     0.          1377.83444457  1417.7502493   1389.66134968
  1333.48355043  1583.32692075  1759.25213416  3058.73333242
  3641.20840878  2974.46663356  2570.8734969   2465.9097141
  2689.14254794  3355.88432315  4272.46946868  5925.27945691
  8669.12144095     0.          1541.36744151  1413.05901665
  1219.76320777     0.          1393.06289849  1476.38005749
  1566.36258921  1396.39558485  1624.68460051  1982.94838422
  2077.92994548  3269.36531919  2976.0889195   3231.03942605
  2519.51088818  2119.58852498  2144.58367268  2227.90083168
  2751.1325902   3580.97149385  5158.99848532  7818.48220062
 10427.97562052     0.          1430.25610355  1335.30134149
  1256.17237311     0.          1717.09861395  1895.13879281
  1926.79038017  2102.85233482  2213.63289056  2674.5591314
  3357.04648372  4267.02962015  5376.81340174  4251.20382647
  2993.05322915  2290.78363474  2001.96290013  2055.37495379
  2656.75511352  3645.86721833  5317.46667545  9372.82630517
 11366.87630847  9265.78458919  1291.65597655  1599.92101238
  2109.44999721  3541.22644459  3136.15090165  3729.75216898
  4483.85506653  5431.57897832  3276.27137248  4015.08840048
  9115.47353866 10939.58730437 10516.67824695  6333.44528147
  3645.67988648  2618.97898204  1908.1860482   1887.80488881
  2351.476265    3174.36557551  5286.36321764 11500.06918768
 11133.2083186   3215.73305279  2039.24535055  1740.45482299
  3873.0722134   5770.39206336  6939.41000241  4806.79261201
 15197.23320765 16911.54385949 22797.71725228  8623.84160149
  2606.9473529   1744.18970459  2278.27777259  3548.13751469
  3245.61210554  1635.57188663  1022.23242915  1022.23242915
  1246.15000886  2648.06876883  7827.37974317  7515.84224096
  8538.0746701   3202.99494466  1401.91875997  1723.19180913
  1723.19180913]
