[  901.92313462  1920.20632031  1149.52891878   951.02110324
  1283.16489918   856.30822392  3696.3971666   3583.52017345
  3509.56628138  3694.26923189  1247.76940133   779.174779
   809.14303973  1051.61351291   800.96987771   909.94537128
  1172.84874951  1148.32926345  3570.30960796  2916.45664656
  2641.29352531  2762.5287619   3104.43937296  4055.25055433
  5707.59147552  5449.24652649     0.           641.60960187
     0.           913.62841925   940.23895574   807.18627332
   786.48918939  1095.46708522  1320.17828219  2606.35421221
  3474.15337419  2734.97180521  2177.6289022   2000.22532565
  2057.88148803  2440.77754076  3200.65619367  4543.00992293
  6620.11013175     0.           951.48195579   669.86995837
   709.86219469     0.           761.51883327   831.50524683
   896.49263085   819.84084457   966.47904441  1246.42469865
  1448.05222343  2599.49536082  2681.14617664  2736.13550158
  2091.26069092  1754.65936855  1636.34900277  1611.35385507
  1999.61181602  2586.16461538  5520.59495538  5337.29720558
  8068.43367762     0.           809.09370173   737.87763019
   650.83576496     0.           840.74528909   844.70173751
   923.83070589   971.30808692  1115.71845422  1402.56096462
  2019.76691802  2850.62108606  3992.05645501  2929.75005444
  2055.37495379  1653.79543924  1416.40853409  1418.3867583
  1827.87916969  2451.01979572  3964.36131608  6235.36270872
  9072.13622531  7994.50977203   779.57934679   922.24746255
   940.08097702  1882.70959896  1454.7052517   1762.97028752
  1984.61539592  2562.93079371  1923.47191774  2664.83659068
  5487.62716665  7864.5798809   8282.39364846  3546.32173444
  2496.69202568  1737.49383828  1291.65597655  1291.65597655
  1594.82572253  2231.73695357  3523.39293012  6106.70488322
  9612.26429888  2311.89170694  1198.89699181   989.74362252
  1374.43642674  1620.93861197  2222.25454867  2793.69143262
  9579.97128966 10424.05453    12160.7744714   6248.45690745
  1703.10600705  1083.11566238  1587.32467762  2524.77995782
  2282.01265418  1012.4968822    623.07500443   778.84375554
   623.07500443  1012.4968822   1246.15000886  1168.26563331
  1178.00118025  1168.26563331   856.72813109  1324.03438442
  1090.38125776]
