[ 1538.49971761  3517.3509016   2151.15005343  1838.46780803
  2213.42701517  1441.45217694  6588.38357739  6725.9118679
  6494.96813478  6949.91210218  2420.61815084  1755.86764008
  1742.24570339  2039.20392336  1776.30054513  1764.0408021
  2050.10147271  1807.63099953  5489.64048839  4888.91308011
  4867.1179814   5534.59287949  7086.13146914  9074.93422672
 11156.36615383 10304.19107153     0.          1760.7304973
     0.          1878.99954834  1964.74461034  1926.30716875
  1821.34338596  2059.35985117  2032.74931468  3249.44217722
  4853.4661819   4152.72205451  3688.51602919  3786.0879963
  4426.21923503  5830.66421608  8021.59838653 11185.29550175
 13583.20051151     0.          2239.56523394  2184.575909
  1822.97943893     0.          1849.64092981  1892.9658525
  1982.94838422  1784.65354579  2134.5856136   2386.20343378
  2089.59434774  3455.99575535  3122.72711934  4089.20616375
  3204.37793517  3097.73197164  3392.67471451  3879.24692307
  5057.35155134  7481.88087826 12920.82501782 18289.78274383
 16403.48226405     0.          2130.54747376  2019.76691802
  1827.87916969     0.          2100.87411061  2308.58765262
  2215.61111477  2627.08175037  2787.31791135  3248.24415219
  2991.07500494  3487.60928156  5218.55546497  4140.42327073
  3248.24415219  3072.18219754  3151.31116592  3647.84544254
  5107.77490923  8688.36072864 23050.26849047 41257.8441158
 19323.29407955 12014.69346236  1948.94836699  2399.88151856
  3520.8452852   6595.85270866  5635.39057225  6045.56140504
  6575.47154927  9036.49654601  4690.21430539  4835.43006607
 12396.84020099 15143.20142924 13038.84672188  5536.03242021
  3808.72916163  3069.91213362  2748.90887317  3505.55941565
  5202.29093515  9464.50089327 29919.5419894  83358.94191869
 20049.96555318  5830.15016887  3028.98897307  4776.91355925
  9852.61764605 11174.76573047 11869.45370703  7660.24215013
 21266.41579857 20698.71379622 22103.02927572 11085.12857221
  3058.86802582  3185.85400003  5852.55945844 20579.1975852
 18547.42199784  2803.83751994  1645.30743358  2190.49806245
  4303.11174936  7194.5691918  13142.98837473 10105.49772812
 12208.37586808  3757.92112048  3037.4906466   4147.34299825
  6581.22973431]
