[  1784.71070061   4476.15662505   2465.12973554   2109.63207894
   2484.59128608   1722.99594147   8456.69242959   8939.33888307
   8311.37951886   8573.64695631   2772.06411759   2116.84896252
   2104.5892195    2367.49259772   2073.25876509   1994.25153226
   2281.67439654   2125.02212454   7023.47056033   8505.53727283
   8374.76668055   8968.68312049   9758.75544884  11883.77757338
  14003.35092324  11992.48177507      0.           2153.975092
      0.           2224.93652262   2321.03012659   2343.20557365
   2167.28036024   2322.50848972   2235.28506458   3344.05741805
   6149.99065388   5103.30955221   4807.63692462   5092.96101025
   6138.16374878   9136.28419254  11584.45354899  14759.97756932
  16794.20524714      0.           2534.5079768    2662.81640166
   2184.575909        0.           2264.56038164   2267.893068
   2357.87559972   2092.9270341    2737.80184476   2761.13064928
   2171.24516356   3510.98508029   3552.64365979   4532.45344964
   3980.89385705   3809.26050951   4384.14890662   5353.96063738
   7538.53654638  13487.38169903  28314.50331479  19476.219088
  19569.53430608      0.           2464.86736518   2466.84558939
   2243.30625371      0.           2451.01979572   2660.71156194
   2565.75679987   3200.76677116   3184.94097749   3200.76677116
   2783.36146293   3056.35640386   5489.57218169   5269.98929442
   3837.75496666   3596.41161309   3978.20888554   5159.20873868
   7734.85665961  16806.99288492  92201.07396189  33170.86354688
  19038.42979337  11092.44599982   2519.62083      3034.24510468
   4832.88242114   8496.39582209   7110.47698335   8114.24908347
   9502.71556714  13482.13693868   5286.36321764   4692.76195031
  12580.27063553  15566.11048665  12875.79744673   5739.84401414
   3747.58568345   3378.17716944   3650.77517633   5125.86158742
   8134.63024286  18480.6162799  168674.47513914  39203.16009306
  18042.42135294   7122.41920054   3988.85354283   6726.52175153
  13755.56891221  14808.80552184  14782.66135067   8381.07429786
  18592.24057697  19085.24494743  18315.85933899  10453.93358275
   3686.32813368   5083.17384999  10958.142598    65972.94848366
  14394.23366486   3582.68127548   2346.26681356   6503.34535875
   6337.8410607   10008.14225868  13532.4102525   10962.22585922
  12442.02899474   4147.34299825   3816.33440214   9706.34030341
   4614.64925157]
