[ 594.47833201 1324.68287367  647.42091475  481.34901678  687.64145254
  554.00547214 2829.70944905 2694.77603195 2496.26821641 2379.75234075
  711.06509552  405.93371353  403.20932619  524.44456279  395.03616418
  460.42146032  603.45179562  667.47489809 2814.29212134 2442.41324955
 2202.6671637  2190.40742068 2357.95724204 2860.60670611 3920.39338104
 3271.61762429 3271.61762429  272.01881738  272.01881738  449.42239394
  416.8984049   378.46096332  356.28551625  512.99200887  700.74412739
 1524.19239523 2712.79635814 2306.24649521 1986.92005741 1774.03576554
 1877.5211852  1915.95862679 2307.72485834 2984.81517553 4327.16890479
 4877.3864879   548.22690622  548.22690622  359.93012688  359.93012688
  226.62267248  201.62752478  239.95341792  268.28125198  363.26281324
  534.89616078  723.19294013 1539.70109833 1727.99787767 2291.22187252
 1754.65936855 1554.69818695 1473.04737113 1383.06483941 1609.68751189
 1982.94838422 2694.47692208 3459.32844171 5065.68326724 6013.80159724
  443.12222295  443.12222295  237.38690515  237.38690515  237.38690515
  191.88774833  207.71354201  239.36512936  239.36512936  445.10044716
  729.96473335 1337.2795657  2718.08006402 2150.32971586 1465.86413933
 1351.12713517 1364.97470464 1273.97639099 1637.96964556 2308.58765262
 3008.87902283 4486.61250741 5570.67937429 5617.55705778  410.17083279
  346.47970969  387.24202847  631.81594119  512.07662976  532.45778915
  591.05362241  654.74474551  428.00434726  634.36358612 1469.99112124
 2025.37771471 2927.24401787 1887.80488881 1370.6329692  1327.32300549
 1128.60670141 1006.31974505 1368.08532428 1943.85307714 2784.57590211
 4055.85071927 5800.98749232 1139.1388863   507.94389684  422.04162017
  657.33916062  750.71120048  631.19498946  537.8229496  1284.79926848
 1408.05036109 1583.58979603 1142.87376789 1045.76684643  810.46930599
 1228.77604456 1684.43159908 1169.01793905  467.30625332  311.53750222
  389.42187777  233.65312666  467.30625332  545.19062888  623.07500443
  623.07500443  389.42187777  467.30625332  856.72813109  467.30625332]
