[ 1302.49437121  2631.20163351  1691.8574606   1431.07268331
  1763.21647926  1242.94436139  4521.56690965  4659.09520016
  4614.98235226  5010.1483167   1916.60649309  1294.0839861
  1281.82424307  1566.52272001  1337.67418352  1370.36683159
  1656.4275022   1599.21536808  4120.63585047  3607.08883704
  3376.87810688  3725.59968629  4300.44541485  5644.93056672
  7527.48221808  7495.30110942     0.          1271.39229864
     0.          1426.62042812  1476.88477481  1416.27188616
  1392.61807595  1620.2859992   1771.07903927  3082.38714263
  3926.5324944   3177.00238346  2737.92853149  2714.27472128
  2962.63972846  3595.3791515   4665.71406338  6318.52405161
  9130.37073999     0.          1703.00272997  1504.70789155
  1313.07842585     0.          1513.03960745  1556.36453013
  1619.68557097  1423.05707573  1664.67683683  1996.27912966
  1996.27912966  3282.69606463  3204.37793517  3284.36240781
  2614.49244944  2306.21896114  2306.21896114  2442.8591019
  2992.7523513   3940.90162073  5562.25353488  7591.85952814
 11071.18408801     0.          1637.96964556  1463.88591512
  1414.43030988     0.          1970.31131278  2102.85233482
  2023.72336644  2213.63289056  2229.45868424  2579.60436934
  3151.31116592  4138.44504652  5281.85863968  4077.12009602
  2945.57584812  2322.43522209  2037.57093591  2197.80709689
  2769.51389347  3821.92917298  5556.83180482  8450.97382349
 11382.70210214  8346.08477157  1536.22988927  1722.20796874
  2252.11811296  3869.87263981  3607.46521262  4160.30416116
  4771.73894296  6045.56140504  3482.63061133  4119.54184238
  9854.29056667 11678.40433237 11072.06484042  5902.89328929
  3706.82336466  2662.28894575  1969.32952638  2010.09184517
  2458.47735182  3360.34365497  5123.3139425   8483.65759747
 10618.58404392  3211.99817119  2155.02667997  1949.60819228
  4653.66246663  6461.34515833  7843.25134826  5318.47139044
 17994.65952187 18622.11962973 24500.82325933  9494.06901299
  2521.04507623  1803.9478101   2427.67303637  3667.65372571
  3305.37021105  1713.45626219  1100.1168047   1178.00118025
  1178.00118025  3271.14377327  8450.4547476   8294.6859965
  9472.68717675  3358.76369576  1401.91875997  1723.19180913
  1801.07618469]
