[  1692.8599712    4705.80292147   2078.49359807   1702.23695422
   1992.86277567   1638.66255578  10794.67336824  11692.49956666
   9940.96001772   8355.69596918   2366.13040405   1788.56028815
   1785.83590081   1873.01629567   1665.96285789   1566.52272001
   1798.09564384   1927.50404245   8786.14916877  11355.24642959
  13589.24404769  17713.96647917  25532.95814254  19250.52093845
  15207.53012715   9878.4224878       0.           1794.73284947
      0.           1771.07903927   1821.34338596   2034.22767782
   1868.65100637   1774.03576554   1674.9854353    2319.55176345
   7826.45445232  10729.95965526  10803.87781215  14588.48744531
  23937.65592972  30406.9730214   37077.34749984  32086.39354612
  18266.65493254      0.           1971.28398196   1992.9464433
   1688.00564135      0.           1834.64384119   1824.64578211
   1847.97458663   1583.02602101   1957.95323652   2049.60211142
   1539.70109833   2087.92800456   3604.30029837   8874.94377675
   7265.25626486   8275.06023195   8854.94765859  14597.16625692
  38565.84655823 110111.95733528  41578.59502769  30047.500222
  18023.16783502      0.           1748.7502013    1814.03160022
   1732.92440763      0.           1988.11533067   2102.85233482
   2118.6781285    2340.23923998   2387.71662101   2023.72336644
   1653.79543924   2037.57093591   6075.12654774   6733.87520954
   6336.25214341   7542.96891127   8197.76112466   9934.6419807
  21261.95380498 164651.55741495  29301.45699287  21143.2603524
  18342.09487158   6766.54491858   1762.97028752   2275.04691728
   3378.17716944   8007.24799665   6863.3554257    6435.35107844
   7003.47589653   9240.30813995   3464.79709686   2662.28894575
   5487.62716665   6575.47154927   6888.83187494   6109.25252815
   4710.59546478   5347.50669582   6254.46828883   8384.29944543
  14832.38874849  39427.35284638  19260.19562669  14139.42932912
  12789.17751931   4623.78341388   3361.39343497   4986.06692854
  10382.97083246  10812.48221582  10756.4589919    4657.39734823
   7895.53969058   8825.52520759   7891.80480899   5949.66637989
   6274.60107861   6913.26583125  19451.26334369  14300.861625
   5348.35044319   2969.34181799   2579.91994022   5870.53480738
   4624.38479852   8051.29732289   6727.26293847   6425.4609832
   5792.65043182   2502.03556467   4361.52503102  21457.14546511
   3991.57424714]
