[2.50293238e+03 6.23288592e+03 2.96594030e+03 2.41323227e+03
 2.79727353e+03 2.36003736e+03 1.79980419e+04 1.92954786e+04
 1.65449128e+04 1.00230210e+04 3.18889538e+03 2.53368023e+03
 2.57727042e+03 2.70804102e+03 2.51188513e+03 2.22446226e+03
 2.52278268e+03 2.70667882e+03 1.26411573e+04 1.39652095e+04
 1.70110745e+04 2.03021345e+04 2.36040919e+04 2.02639930e+04
 1.98607837e+04 1.09014498e+04 0.00000000e+00 2.47330153e+03
 0.00000000e+00 2.61670275e+03 3.21396146e+03 2.85619758e+03
 2.48808516e+03 2.54721969e+03 2.37720793e+03 3.14152167e+03
 1.04224601e+04 1.04195034e+04 1.17322899e+04 2.16077556e+04
 4.68700249e+04 5.60122226e+04 2.64213060e+04 1.67528111e+04
 1.53690632e+04 0.00000000e+00 2.60116170e+03 2.73780184e+03
 2.39953418e+03 0.00000000e+00 2.69447692e+03 2.67114812e+03
 2.88110736e+03 2.14791636e+03 2.72280476e+03 2.90943519e+03
 2.14291733e+03 2.47785231e+03 4.75740978e+03 7.88180324e+03
 7.34524074e+03 1.55303184e+04 1.89896469e+04 6.30810874e+04
 7.96517372e+06 5.16699693e+04 1.74032882e+04 1.21743033e+04
 1.43438821e+04 0.00000000e+00 2.46684559e+03 2.56971325e+03
 2.53014876e+03 0.00000000e+00 2.97524921e+03 3.15328939e+03
 3.25022238e+03 3.34517714e+03 2.93172828e+03 2.88227267e+03
 2.09889589e+03 2.62708175e+03 7.25414818e+03 5.41242144e+03
 6.14436440e+03 9.74077601e+03 1.34598375e+04 3.56080358e+04
 1.00747003e+05 3.58612485e+04 1.99325871e+04 1.02155498e+04
 1.03144610e+04 6.68247264e+03 2.62407427e+03 3.26098550e+03
 5.08000398e+03 1.20248840e+04 9.40590506e+03 9.13840234e+03
 9.64538368e+03 1.22745532e+04 4.65454728e+03 3.38072481e+03
 5.63539057e+03 6.71813967e+03 6.90411774e+03 5.14624275e+03
 5.59462825e+03 8.99573423e+03 1.25700801e+04 2.59146442e+04
 3.52594058e+04 2.56598797e+04 1.62692605e+04 8.62632571e+03
 8.36391829e+03 5.68075491e+03 5.25497840e+03 7.62662822e+03
 1.44129081e+04 1.53802424e+04 1.50851868e+04 6.09906164e+03
 7.50711200e+03 7.72000026e+03 7.17844242e+03 7.54072594e+03
 8.94877630e+03 1.46332661e+04 2.20133921e+04 1.20188490e+04
 5.50148059e+03 4.68279808e+03 5.40322855e+03 9.48242272e+03
 7.43795787e+03 1.15755653e+04 7.74949537e+03 8.07076842e+03
 7.20430474e+03 3.29061487e+03 8.59648795e+03 1.62875700e+04
 5.24745980e+03]
