[ 1322.90564441  2620.82213989  1702.23695422  1441.45217694
  1754.13442234  1253.32385501  4490.42842878  4678.55675071
  4583.84387139  4999.25076734  1916.60649309  1294.0839861
  1292.72179243  1577.42026937  1348.57173288  1381.26438095
  1667.32505156  1621.0104668   4087.9432024   3574.39618897
  3355.08300817  3703.80458758  4341.31122494  5568.64772123
  7494.78957001  7471.64729921     0.          1271.39229864
     0.          1426.62042812  1488.71167992  1438.44733323
  1404.44498105  1620.2859992   1782.90594437  3129.69476304
  3855.57106378  3165.17547836  2748.27707345  2714.27472128
  2938.98591825  3583.5522464   4642.06025317  6318.52405161
  9106.71692979     0.          1727.99787767  1504.70789155
  1313.07842585     0.          1526.37035289  1583.02602101
  1621.35191415  1436.38782117  1678.00758227  1984.6147274
  2022.94062054  3269.36531919  2949.42742862  3271.03166237
  2601.161704    2279.55747026  2292.8882157   2416.19761102
  2952.76011498  3927.57087529  5548.92278944  7641.84982354
 11071.18408801     0.          1637.96964556  1459.9294667
  1398.6045162      0.          1970.31131278  2118.6781285
  2055.37495379  2245.28447792  2276.93606527  2642.90754405
  3230.44013431  4187.90065176  5313.51022703  4124.59747705
  2961.4016418   2306.60942841  2037.57093591  2181.98130321
  2767.53566926  3806.10337931  5541.00601114  8514.2769982
 11556.78583259  8386.84709035  1515.84872988  1722.20796874
  2252.11811296  3849.49148041  3587.08405322  4139.92300177
  4751.35778357  5964.03676747  3523.39293012  4180.68532056
  9874.67172606 11698.78549177 11112.82715921  6004.79908626
  3747.58568345  2682.67010515  1969.32952638  2010.09184517
  2458.47735182  3380.72481437  5123.3139425   8358.82299619
 10659.34636271  3241.87722395  2184.90573273  1919.72913953
  4564.02530837  6401.58705282  7783.49324275  5318.47139044
 17964.78046911 18622.11962973 24799.61378688  9434.31090748
  2521.04507623  1833.82686286  2457.55208912  3727.41183122
  3335.24926381  1713.45626219  1178.00118025  1178.00118025
  1178.00118025  3193.25939771  8450.4547476   8294.6859965
  9472.68717675  3212.7304916   1401.91875997  1723.19180913
  1801.07618469]
