[  1774.50506401   4393.12067606   2454.75024191   2088.87309169
   2474.21179246   1712.61644785   8352.89749336   8583.84122648
   8332.13850611   8440.15197669   2750.26901887   2095.05386381
   2092.32947647   2356.59504837   2040.56611703   1952.0235285
   2281.67439654   2114.12457518   7429.40427387   7914.34522024
   7200.55573738   7037.09249703   9058.58790268  11491.46579654
  13872.58033096  11803.25129341      0.           2118.49437669
      0.           2201.28271241   2297.37631638   2307.72485834
   2143.62655003   2298.85467952   2235.28506458   3379.53813336
   6090.85612836   5721.26534388   4736.675494     5152.09553576
   6362.87494575   8349.79500315  11067.02645071  14162.71886158
  17367.81014466      0.           2507.84648592   2621.15782216
   2144.58367268      0.           2237.89889076   2241.23157712
   2331.21410884   2052.93479778   2657.81737212   2761.13064928
   2171.24516356   3564.30806205   3472.65918715   4385.8152498
   3834.25565721   3729.27603687   4264.17219765   5218.9868398
   8128.42203211  13544.03736715  25208.43962724  19422.89610624
  18876.33554319      0.           2514.32297042   2545.97455778
   2195.82887268      0.           2435.19400204   2658.73333773
   2549.9310062    3105.8120091    3169.11518381   3184.94097749
   2785.33968714   3121.63780278   5378.79162595   4474.74316216
   3455.9576942    3388.69807108   3804.1251551    4953.47342088
   7974.22178897  15762.49050224  71374.32948303  35655.51315416
  19038.42979337  11173.97063739   2438.09619243   2993.48278589
   4527.16503024   8333.34654694   6988.19002699   7808.53169257
   9360.04745138  13319.08766354   5265.98205825   4713.14310971
  12722.93875128  15652.73041407  13176.41954778   5309.29202196
   3747.58568345   3398.55832884   3464.79709686   4860.90651531
   7930.81864893  17991.46845446 158809.99399277  42983.86516052
  18246.23294687   6733.99151472   3899.21638456   6636.88459327
  13512.80160857  14599.65215255  14633.2660869    8261.55808683
  18838.7427622   19525.96097557  18734.16607756  10513.69168826
   3596.69097542   4840.40654636  10539.83585942  54559.15033114
  15447.47027448   3504.79689993   2268.38243801   6191.80785654
   6182.07230959  10086.02663424  13620.030175    11040.11023477
  12519.9133703    4225.2273738    3972.10315325   9083.26529898
   4536.76487602]
