[  1650.76172022   4904.31073701   1650.33948611   1410.31369607
   1700.93951752   1963.02173151  21672.38268547  22523.50116258
  13908.52145523   7609.21383825   1807.63099953   1404.42167333
   1379.90218728   1401.69728599   1315.87908481   1249.131595
   1611.47511111   2223.10006875  17970.05888905  23549.60415963
  26132.32335715  27015.02485503  21184.83594925  19430.33050283
  16046.64142761   7758.44974797      0.           1295.04610885
      0.           1296.52447198   1286.17593002   1519.75730581
   1249.21685157   1309.82974023   1413.31515988   2284.07104814
  14227.76683965  19845.54676387  28278.13010275 113490.98137432
  49554.73238416  21796.98610597  17704.87694012  13524.06598599
  13323.00859923      0.           1393.06289849   1423.05707573
   1204.76611915      0.           1313.07842585   1301.41402359
   1284.75059179   1059.79426249   1301.41402359   1499.70886201
   1231.42761003   1686.33929817   6068.82186161  14643.82386596
  20482.69036872  26648.16013477  53056.36685162  35966.35119741
  22155.69892146  20269.39844168  13084.12664946   9788.0998394
  11474.43913757      0.           1206.71676787   1275.9546152
   1254.1941489       0.           1414.43030988   1386.73517094
   1273.97639099   1513.34152036   1384.75694673   1432.23432776
   1206.71676787   1576.64469507  10785.27839084  12957.368573
  19457.81332581  21744.64051212  25091.7958748   23374.69726085
  16878.20895646  13048.36688664  11497.4391063    7430.21013133
   8834.74932016   4203.61412487   1210.13133898   1579.53985298
   2412.61974318   5220.12444961   4323.35343631   4078.77952359
   4195.9711901    4835.43006607   1864.87608449   1515.84872988
   2598.59782265   3192.19908998   5964.03676747  10249.17552992
  12503.8412878   14429.86085047  15377.58476226  14185.28693775
  12294.93440402   9441.57208896   9240.30813995   5408.650174
   6825.14075184   3634.03979136   3238.14234235   4082.22558269
   6394.11728963   6700.37758037   6401.58705282   2465.02185231
   3507.05381715   3604.16073861   3992.58842442   4567.76018996
  10453.93358275   9706.95726387   7656.50726854   5531.35964132
   3275.4911583    2180.76251551   2346.26681356   3835.80549603
   3056.96174049   4371.26057797   2735.68869133   2823.30861383
   3047.22619355   2346.26681356   3592.41682243   5159.83988045
   2813.57306689]
