[ 1652.03742479  3936.42295664  2349.65786898  1964.31916821
  2369.11941952  1588.06252437  7327.92249805  8207.58458263
  7737.91249618  7718.18933182  2618.13623293  1931.59062346
  1917.96868676  2204.02935737  1919.33088043  1853.94558429
  2182.23425866  1917.96868676  6421.38095838  5482.82952004
  5392.92473785  6402.31024701  8200.40589085  9712.44086408
 12951.73741033 11137.98788133     0.          1985.44169427
     0.          2057.88148803  2131.79964493  2106.66747158
  1988.39842055  2190.93417045  2105.18910844  3188.82928856
  5305.84530211  4367.08470951  4392.21688286  5557.16703556
  7090.22960962  8175.34815288 10185.92202049 14139.06505138
 14748.15066421     0.          2441.19275872  2471.18693596
  2036.27136598     0.          2076.2636023   2092.9270341
  2157.91441812  1892.9658525   2374.53903152  2561.16946768
  2117.9221818   3537.64657117  3457.66209853  3955.89870935
  3565.97440523  3567.64074841  4237.51070677  5338.96354876
  7685.17474622 11691.06375097 18956.32001583 20176.0832236
 18096.48693494     0.          2401.56419048  2271.00139264
  2067.24429905     0.          2306.60942841  2468.8238136
  2405.5206389   2866.44687974  3359.02470793  3519.26086891
  2848.64286185  3279.89573955  5362.96583228  3885.23234769
  3313.52555111  3438.15367632  3724.99618671  4761.58567255
  7428.23190712 13819.87432839 42413.12705422 42729.64292776
 20787.17999467 11729.35723086  2376.95271425  2769.29003257
  4076.23187866  7579.24364939  6394.58875965  6723.23495487
  7963.93803294 10985.444913    4980.64582674  4753.90542849
 12829.9398381  15571.2057765  13176.41954778  5146.24274681
  4015.08840048  3398.55832884  3220.22318414  4430.35452312
  7169.0728166  15306.25070439 64771.32455198 66198.00570951
 20462.6840309   6188.69880194  3451.03059323  5826.41528728
 11861.98394385 13157.98785711 13490.39231901  8773.23686527
 20033.90487241 20123.54203068 20534.37900607 10633.20789928
  3451.03059323  4209.2115569   8829.26008918 34853.91503903
 14031.9501502   3202.99494466  2034.72931135  4069.45862269
  5247.45980295  8528.33912316 13610.29462805 10572.80398145
 12140.22703947  3835.80549603  3582.68127548  7126.42036319
  4380.99612491]
