[  2083.22557119   5490.75212673   2622.11957659   2131.68850289
   2484.59128608   1983.78071875  11837.81247738  12486.53082884
  11318.83779622   9189.35849496   2936.88955161   2281.67439654
   2311.64265727   2411.08279515   2138.64406123   2423.34253818
   2258.51710416   2311.64265727  10251.86955723  13349.49796185
  16482.54340187  22884.85364888  25009.87577342  18111.72703068
  15997.6024555   10874.83924278      0.           2284.07104814
      0.           2284.07104814   2369.81611014   2665.48873773
   2368.337747     2309.20322148   2139.19146062   2795.58469387
   8349.79500315  11398.17979361  11758.90039927  13589.11396406
  24410.73213387  32784.18094723  37751.48109075  27852.36151902
  16267.90797003      0.           2427.86201328   2561.16946768
   2184.575909        0.           2397.86783604   2441.19275872
   2411.19858148   2092.9270341    2562.83581086   2614.49244944
   1942.9561479    2517.844545     3927.57087529   8924.93407215
   9384.84478984   8528.34439531  11934.34985526  17976.51022598
  47737.39942102 165354.56643908  41898.53291826  30260.79214904
  18129.81379855      0.           2178.02485479   2367.93437891
   2259.13204738      0.           2609.27773249   2850.62108606
   2852.59931027   3026.68304072   3153.28939013   2644.88576826
   2098.89588641   2516.30119463   6870.37268      7513.29554813
   7465.8181671    7161.17163882   9040.48463796  16458.82542402
  36921.57664832 129075.17322917  33566.5083888   28961.20242881
  18911.82344395   7441.67082349   2173.14112031   2911.95814832
   4483.85506653  10791.82389876   9056.87770541   8565.18223504
   9316.73748767  12193.02860706   4649.4519866    3421.48713315
   6822.59310691   8152.46375733   8032.72444589   5434.12662324
   5920.72680376   5900.34564437   6804.75959245  11724.26194101
  23611.57315716  83644.2781502   19382.48258305  18118.85070066
  15418.34708105   5591.11774683   4381.01611024   6457.61027673
  13721.95497786  14416.64295442  14394.23366486   6158.81974918
   9699.48750068  11017.90070351   9520.21318415   7510.84688636
   5404.37366711   8265.29296843  28056.43053721  16104.8094351
   6521.10326384   3748.18557353   3290.61486715   7914.99966567
   6347.57660765  10718.83718561   8606.22349871   8382.30591899
   7204.30473874   2969.34181799   6016.56801154  20201.2599093
   5091.69105184]
