[ 1270.60175683  2755.75555699  1253.32385501  1170.28790603
  1397.33932904  1721.69850477 14889.38360263 15200.76841133
  7540.70211733  3880.88976462  1313.15469747   998.4879598
  1148.32926345  1072.04641796  1008.02331549   997.12576613
  1446.64967709  2311.64265727 19196.03319167 23811.14534419
 18896.35058436 17185.43533537 12477.69401332  9510.83620098
  8020.59632646  3891.05177909     0.           915.10678239
     0.          1021.54892832   940.23895574  1080.68345384
   952.06586084  1012.6787495   1293.56774571  2604.87584907
 17509.73300591 48821.46426773 44220.79818243 18940.78852344
 15274.44794132 12229.01987714  9349.16848441  7853.0649888
  7634.26724439     0.           978.14344667   986.47516257
   883.16188541     0.           963.14635805   911.48971947
   883.16188541   764.85151963   926.48680809  1178.10462827
  1136.44604877  1726.33153449  6712.03032909 26114.93031717
 52776.42119738 27954.5731879  16683.42791829 12234.29162766
  9228.20853091  8045.1048731   7448.55401466  6542.06332473
  6257.11864095     0.           872.39687644   908.00491221
   935.70005115     0.           937.67827536   923.83070589
   828.87594383  1050.43705531   987.1338806   1050.43705531
  1064.28462477  1543.0148835  11548.87293575 18175.92403797
 24134.33535734 17606.1954656  13143.3216487   9060.26688005
  7111.71603358  6383.72952444  5857.52188468  6474.72783808
  6015.77982145  2644.45543128   901.86630315  1108.22554201
  1594.82572253  3357.79601005  2766.74238764  2624.07427189
  2720.88477901  2929.79166279  1286.5606867   1105.67789709
  1821.56612078  2351.476265    5877.41684005 11948.45469434
 13752.18730064 11168.87534754  8055.65325021  6519.42336094
  5676.15289104  5306.74437704  4547.54618964  5900.34564437
  5454.50778264  3006.5796835   2577.06830014  2793.69143262
  3992.58842442  4265.23478082  3996.32330602  1650.81766473
  2423.93815477  2610.68223449  3510.78869875  5049.55991564
  5550.03404929  5079.4389684   3809.5792263   3395.00736932
  2823.57048537  1791.34063774  1567.42305802  2579.91994022
  2268.38243801  2648.06876883  1645.30743358  2112.6136869
  2034.72931135  1567.42305802  2102.87813996  2901.19298938
  2346.26681356]
