[  81.64509281  186.83088522   51.89746812   41.51797449   51.89746812
   72.65645536  595.52344664  595.52344664  500.81056732  284.69847694
   76.2828455    32.69264807   43.59019743   43.59019743   32.69264807
   43.59019743   54.48774678  108.97549357  644.31760571  644.31760571
  578.93230957  568.03476021  580.29450324  698.80535249  787.34794102
  357.76387938  357.76387938   23.65381021   23.65381021   23.65381021
   35.48071531   35.48071531   23.65381021   35.48071531   35.48071531
  118.26905104  594.30198146  651.95814384  557.34290301  476.03293042
  484.90310925  499.68674063  582.47507635  722.91957446  878.14770394
  989.80784893   66.6537272    66.6537272    26.66149088   26.66149088
   39.99223632   26.66149088   39.99223632   26.66149088   13.33074544
   53.32298176   53.32298176   93.31521808  319.93789056  653.20652657
  546.56056304  453.24534496  426.58385408  389.92430412  536.56250396
  801.51106959  774.84957871  856.50039453 1029.80008525 1222.54256154
   47.47738103   47.47738103   47.47738103   47.47738103   31.65158735
   15.82579368   31.65158735   15.82579368   31.65158735   47.47738103
   63.30317471   94.95476206  617.2059534   540.05520923  429.27465349
  395.64484192  411.4706356   413.44885981  666.66155864  700.2913702
  668.63978285  791.28968385 1066.26284898  450.93315158   40.76231879
   40.76231879   61.14347818  122.28695636   81.52463757  101.90579697
  101.90579697  101.90579697   61.14347818   61.14347818   81.52463757
  122.28695636  366.86086908  430.55199218  346.47970969  326.09855029
  308.26503582  328.64619522  428.00434726  550.29130362  631.81594119
  672.57825998  901.86630315  119.51621102   59.75810551   59.75810551
  119.51621102  179.27431653   89.63715827   59.75810551  149.39526378
  209.15336929  239.03242204  239.03242204  209.15336929  209.15336929
  358.54863306  328.66958031  179.27431653   77.88437555    0.
   77.88437555    0.           77.88437555    0.            0.
    0.            0.           77.88437555  233.65312666    0.        ]
