[ 686.32906142 1492.05220835  773.27227494  605.90294026  843.33385689
  647.42091475 3069.73523909 2934.80182199 2767.43248731 2729.83611383
  852.73323715  483.5787527   480.85436536  645.67979938  472.68120334
  569.39695388  724.68703221  796.8832967  3013.1723971  2585.44358486
 2257.15491049 2311.64265727 2633.12036329 3145.30518305 4326.32709457
 3794.95817512 3794.95817512  342.980248    342.980248    557.34290301
  546.99436104  473.07620414  440.55221511  666.74177522  855.97225687
 1844.99719616 2927.15901315 2414.16700428 1975.0931523  1726.72814513
 1831.69192792 2153.975092   2593.04894397 3329.27378667 4813.55037717
 5425.61339412  616.5469766   616.5469766   428.25019726  428.25019726
  279.94565424  268.28125198  346.59938144  443.24728588  496.57026764
  669.86995837  923.15412173 1956.28689334 1969.61763878 2439.52641554
 1927.95905928 1969.61763878 1473.04737113 1383.06483941 1797.98429123
 2182.90956582 3189.38084655 3685.95111419 5682.23024385 6745.7445548
  522.25119134  522.25119134  284.86428619  284.86428619  269.03849251
  239.36512936  255.19092304  302.66830407  397.62306613  605.33660814
 1016.80724374 1721.05506237 3004.92257441 2197.80709689 1687.4252508
 1796.22758233 1364.97470464 1115.71845422 1622.14385189 2100.87411061
 2898.09846709 4009.8604729  6237.34093293 6542.35216526  491.69547036
  369.408514    448.38550665  733.72173816  613.98242672  654.74474551
  774.48405695 1105.67789709  774.48405695 1103.13025216 2822.79057598
 4667.28550107 5429.0313334  2193.52227971 1696.73151949 1574.44456313
 1210.13133898  965.55742626 1469.99112124 1987.16304085 2641.90778636
 4713.14310971 6702.85379548 1378.17130834  627.46010786  537.8229496
  776.85537164  900.10646425  810.46930599  720.83214772 1886.11520518
 2035.51046895 2244.66383824 2072.8592849  1254.92021572  870.2274115
 1408.05036109 1833.82686286 1322.14808442  545.19062888  311.53750222
  467.30625332  311.53750222  623.07500443  700.95937999  700.95937999
  778.84375554  545.19062888  545.19062888 1012.4968822   545.19062888]
