[ 1558.91099081  3549.78681917  2171.90904068  1859.22679527
  2244.56549604  1451.83167056  6650.66053913  6808.94781689
  6650.66053913  7050.71443373  2442.41324955  1766.76518944
  1753.14325274  2060.99902207  1787.19809448  1774.93835146
  2051.46366638  1829.42609824  5642.20617938  4932.50327754
  5041.4787711   5612.23791865  7053.43882107  9118.52442414
 11289.86113345 10398.80631236     0.          1784.38430751
     0.          1902.65335854  1988.39842055  1961.78788406
  1833.17029106  2083.01366137  2044.57621979  3284.92289253
  4936.25451762  4223.68348513  3747.65055471  3880.70323712
  4554.83682803  5948.93326712  8148.73761639 11445.48741403
 13583.20051151     0.          2252.89597938  2209.5710567
  1836.31018437     0.          1876.3024207   1919.62734338
  2009.6098751   1797.98429123  2161.24710448  2399.53417922
  2102.92509318  3469.32650079  3109.3963739   4250.84145221
  3271.03166237  3137.72420797  3512.65142347  4079.20810467
  5283.97422382  7791.82070974 13350.74155827 18696.37047975
 16563.45120933     0.          2162.19906111  2049.44028116
  1859.53075704     0.          2132.52569797  2294.74008316
  2231.43690845  2658.73333773  2850.62108606  3295.72153322
  2975.24921127  3469.80526367  5155.25229027  4282.85541382
  3264.06994587  3040.53061018  3359.02470793  3997.99112764
  5539.02778693  9139.39584844 24640.76075501 42270.69491112
 19354.94566691 11933.16882479  1987.16304085  2461.02499674
  3561.60760398  6718.13966502  5757.67752861  6147.46720201
  6697.75850563  9202.09346609  4631.61847213  4835.43006607
 12437.60251978 15183.96374803 13018.46556248  5553.86593468
  3808.72916163  3090.29329301  2932.33930771  3793.44329208
  5449.41249279  9956.19636364 32467.18691356 81300.44481996
 19683.1046841   5919.78732714  3058.86802582  4866.55071752
 10151.40817361 11327.89587585 12078.60707632  7779.75836116
 21206.65769306 20668.83474346 22043.27117021 11025.3704667
  3058.86802582  3365.12831656  6095.32676208 21692.19230033
 17852.73402128  2803.83751994  1723.19180913  2579.91994022
  4458.88050046  7350.3379429  13142.98837473 10105.49772812
 12208.37586808  3757.92112048  3115.37502216  4458.88050046
  5568.73285211]
