[  2555.23626399   6663.63490616   3164.44811841   2549.46312122
   2954.26337253   2444.37074829  17624.38017238  17541.34422339
  14744.07069191  11295.30990813   3473.59385742   2709.40320879
   2761.16656823   2861.96889978   2631.75816962   2325.26459397
   2708.04101512   2849.70915675  14417.45779879  13420.33203266
  13376.74183524  15349.19826878  17763.00545127  18678.39959723
  20383.86607154  12755.31715425      0.           2664.01037459
      0.           2819.23850407   3048.38479046   3021.77425397
   2737.92853149   2785.2361519    2508.7822451    3462.32646908
  11871.25599776  10848.22870629  11900.82326052  14511.61256214
  21507.22693093  37597.7313244   25179.4809656   17373.72359721
  18408.57779378      0.           2802.78922878   2964.42451724
   2546.17237906      0.           2801.1228856    2991.08600812
   2907.76884912   2294.55455888   3046.07533306   3096.06562846
   2304.55261796   2772.79505154   5278.97519428  10964.53812449
  11071.18408801  11421.11615581  15077.07309276  22748.91709354
 239953.41792192  80491.04096736  19789.49160584  18349.77109831
  15603.63753764      0.           2435.19400204   2741.81875453
   2625.10352616      0.           3040.53061018   3361.00293214
   3410.45853738   3758.62599827   3311.5473269    3089.98621542
   2211.65466635   2850.62108606   8209.63046992  10872.32025606
   7833.76787009   7416.36256186   9851.5565639   16941.51213117
  51433.82945008  45467.50523387  16751.60260705  16806.99288492
  13914.82909046   7543.57662045   2664.83659068   3403.65361868
   5365.34021029  13273.2300549   10368.91484135   9816.07589281
  10852.96737694  13976.38005397   5187.0050656    3770.51448776
   6761.44962873   8213.60723551   8096.415569     8363.91828603
   6720.68730995   6414.96991905   7482.43314227  13731.80614125
  23937.67170746  34362.63473714  14913.91338606  14062.99998139
  13324.18295338   6222.31273629   5400.63878552   7626.62821578
  15918.06535537  16971.301965    16769.6183589    6790.01473864
   8616.3718383    9042.14834007   8227.94415248   8444.56728496
   6722.78686994  10035.62684418  20048.84439879  13344.73193683
   6282.0708418    4293.37620241   4390.73167185   9793.96022591
   7360.07348985  12364.14461919   8917.76100093   9239.03405009
   8148.65279233   3134.84611605   7661.87544512  21535.02984067
   5247.45980295]
