[  0.          10.37949362   0.           0.           0.
   0.          72.65645536  51.89746812  31.13848087   0.
   0.           0.           0.           0.           0.
   0.           0.          10.89754936 108.97549357  87.18039485
  54.48774678  32.69264807  32.69264807  43.59019743  43.59019743
   0.           0.           0.           0.           0.
   0.           0.           0.           0.           0.
   0.         118.26905104  94.61524083  59.13452552  47.30762041
  35.48071531  11.8269051   23.65381021  11.8269051   35.48071531
   0.           0.           3.33268636   0.           0.
   0.           0.           0.           0.           0.
   0.           0.           0.          53.32298176 119.97670896
  66.6537272   26.66149088  13.33074544   0.           0.
   0.          26.66149088   0.          26.66149088   0.
   0.           1.97822421   0.           0.           0.
   0.           0.           0.           0.           0.
   0.           0.         158.25793677  79.12896838  47.47738103
  15.82579368  31.65158735   0.          15.82579368  15.82579368
   0.          15.82579368   0.           0.           0.
   0.           0.           0.           0.           0.
   0.           0.           0.           0.           0.
   0.          20.38115939  40.76231879  20.38115939   0.
   0.           0.           0.           0.           0.
   0.           0.           0.           0.           0.
   0.           0.           0.           0.           0.
   0.           0.           0.           0.           0.
   0.           0.           0.           0.           0.
   0.           0.           0.           0.           0.
   0.           0.           0.           0.           0.        ]
