[ 295.96346143  646.12347805  240.02579004  167.36933468  259.48734058
  260.78477729 1628.28306216 1555.62660679 1398.63676574 1172.84874951
  283.33628327  110.33768724  119.87304292  130.77059228  108.97549357
  130.77059228  186.62053273  337.82403005 1642.80556551 1488.87768085
 1291.35959876 1367.64244425 1359.46928224 1642.80556551 2145.45502958
 1534.54093719 1534.54093719   94.61524083   94.61524083   94.61524083
   82.78833573   94.61524083   94.61524083  118.26905104  165.57667145
  393.2445947  1581.84855761 1401.48825478 1105.81562719 1034.85419657
 1068.85654874 1190.08232605 1343.8320924  1688.29070354 2340.24884738
 2637.82125396  188.29677934  188.29677934   79.98447264   79.98447264
   93.31521808   93.31521808  106.64596352   79.98447264   93.31521808
  133.3074544   173.29969072  413.25310864  869.83113997 1471.38102795
 1083.12306701  934.81852399  816.50815821  738.19002875  858.16673771
 1136.44604877 1486.37811657 1902.96391158 2677.81349028 3179.00630486
  174.08373045  174.08373045  110.78055574  110.78055574   94.95476206
   94.95476206   94.95476206   94.95476206   94.95476206  142.43214309
  189.90952412  795.24613227 1541.03665929 1305.62797835  844.70173751
  714.13893967  696.33492179  621.16240182  761.6163207  1032.63303742
 1337.2795657  2272.97961685 2801.16548082 2275.04691728  183.43043454
  122.28695636  183.43043454  305.7173909   244.57391272  244.57391272
  285.33623151  247.12155764  163.04927515  203.81159393  346.47970969
  550.29130362 1082.74909277 1105.67789709  774.48405695  611.4347818
  512.07662976  532.45778915  672.57825998  878.93749884 1431.77644738
 2129.8311566  2848.26702522  422.04162017  209.15336929  179.27431653
  328.66958031  388.42768582  298.79052755  209.15336929  507.94389684
  627.46010786  717.09726613  511.67877843  448.18579133  418.30673857
  627.46010786  959.86456976  511.67877843  155.76875111   77.88437555
  155.76875111   77.88437555  233.65312666  233.65312666  233.65312666
  233.65312666  155.76875111  233.65312666  389.42187777  155.76875111]
