[  942.74568102  2149.85261673   951.02110324   856.30822392
  1053.51860277  1220.88793744 11152.76589824 10483.28855954
  6139.47047819  3103.07717929  1050.25131924   768.27722964
   798.24549037   852.73323715   777.81258533   766.91503597
  1074.7708053   1664.60066422 12052.68958841 14995.02791469
 14815.21835031 14248.54578377 10309.08169135  8677.1736752
  7255.04348416  3318.9252447      0.           702.22249053
     0.           759.87865291   761.35701605   876.66934081
   749.53011094   808.66463646   984.58984988  1855.34573813
 12229.01987714 38555.71063779 23559.19496641 15274.44794132
 12465.55797921  9112.63038234  8491.7178644   7900.37260922
  6895.08567541     0.           789.84666733   788.18032415
   708.19585151     0.           774.84957871   711.52853787
   721.52659695   616.5469766    738.19002875   923.15412173
   908.15703311  1364.73506443  5720.55613699 24988.48232748
 28914.38685959 17429.94966294 14003.94808483  9391.51016256
  7268.58895122  7238.59477398  7098.62194686  6193.79760011
  6378.76169309     0.           698.313146     727.98650914
   729.96473335     0.           747.76875124   747.76875124
   652.81398917   813.05015015   779.42033859   813.05015015
   840.74528909  1224.52078575 11422.26658634 15216.50062038
 15442.01818028 13847.56946733 10437.11092995  7626.05432808
  6490.55363176  6698.26717377  6112.71280772  6187.88532769
  5412.42143752  2275.04691728   736.26938308   901.86630315
  1266.17952731  2578.21666326  2091.61648274  2027.92535964
  2086.52119289  2254.66575789  1001.2244552    919.69981762
  1492.91992556  1920.92427282  4955.1693775  11072.06484042
 11352.30578208  8812.30379269  6807.30723737  5964.03676747
  5574.24709407  5350.05434075  5080.00397879  5408.650174
  4674.92843584  2315.62658853  1945.87331069  2132.61739041
  3058.86802582  3185.85400003  2976.70063074  1262.38997891
  2005.6314162   2218.51966708  2760.07749827  3275.4911583
  5071.96920521  4418.36492619  4052.34652993  3365.12831656
  2222.25454867  1401.91875997  1246.15000886  1878.96056024
  1567.42305802  1947.10938885  1324.03438442  1567.42305802
  1489.53868247   944.34805359  1479.80313552  2579.91994022
  1645.30743358]
