[ 40.8225464  114.17442986  31.13848087  20.75898725  31.13848087
  41.51797449 543.62597852 531.94904819 312.6822454  132.13278595
  32.69264807  10.89754936  10.89754936  21.79509871  21.79509871
  21.79509871  32.69264807  76.2828455  711.06509552 678.37244745
 480.85436536 404.57151986 373.24106546 457.69707298 381.41422748
 141.92286124   0.          11.8269051    0.          11.8269051
  11.8269051   11.8269051   11.8269051   11.8269051   23.65381021
  70.96143062 892.93133532 770.22719487 498.20837749 356.28551625
 307.49953269 249.84337031 283.84572249 295.67262759 331.1533429
   0.          26.66149088  29.99417724   0.           0.
  26.66149088   0.          13.33074544   0.           0.
  26.66149088  26.66149088  53.32298176 466.5760904  828.17256047
 586.55279936 359.93012688 279.94565424 201.62752478 186.63043616
 186.63043616 226.62267248 239.95341792 279.94565424   0.
  15.82579368  25.71691473  15.82579368   0.          15.82579368
   0.           0.          15.82579368   0.          15.82579368
  31.65158735  47.47738103 999.00322586 684.46557653 397.62306613
 284.86428619 221.56111148 158.25793677 174.08373045 174.08373045
 158.25793677 205.7353178  207.71354201  61.14347818   0.
   0.          20.38115939  61.14347818  20.38115939  40.76231879
  61.14347818  40.76231879  20.38115939  20.38115939  20.38115939
  61.14347818 366.86086908 450.93315158 305.7173909  203.81159393
 142.66811575 122.28695636 101.90579697 142.66811575 142.66811575
 183.43043454 183.43043454  59.75810551   0.          29.87905276
  59.75810551  89.63715827  59.75810551   0.          29.87905276
  59.75810551  89.63715827  59.75810551 119.51621102  59.75810551
  89.63715827  59.75810551  59.75810551   0.           0.
   0.           0.           0.           0.           0.
   0.           0.           0.          77.88437555   0.        ]
