[ 1188.95666402  2170.61160397  1013.29806498  1013.29806498
  1397.33932904  1764.51391596  7787.21509089  7068.43515747
  4520.26947295  2785.68605428  1072.04641796   768.27722964
   841.8356878    830.93813844   877.25272321  1095.20371034
  2026.94418033  3690.18265088 13474.81977945 14401.11147476
 10499.78880509  9118.52442414  7522.0334434   6192.53242189
  4895.72404846  2760.10397856     0.           771.70555801
     0.           748.0517478    808.66463646  1093.98872208
  1011.20038636  1201.90923116  2613.7460279   9633.0142069
 37160.13583557 28041.59200068 11897.86653424  9946.42719214
  7303.11390148  6042.07014481  6507.75453327  5140.26863066
  4006.36410385     0.           883.16188541   793.17935369
   869.83113997     0.           801.51106959   884.82822859
   814.84181503   804.84375595   991.47419211  1431.38879163
  2544.50603588  6725.36107453 67853.49429014 59081.86379055
 16783.40850909  9088.23570379  6812.01091989  4775.73955392
  4787.40395618  4744.0790335   5267.31079202  4690.75605174
  3457.66209853     0.           904.0484638    846.67996172
   840.74528909     0.           888.22267012   876.35332486
   844.70173751  1002.95967428  1034.61126163  1337.2795657
  2130.54747376  4393.63596956 24245.11591308 23366.78436401
 11430.17948317  6015.77982145  3897.10169295  3295.72153322
  3404.52386475  3819.95094877  3869.40655401  4215.5957907
  3501.45685102  2152.75996092   983.39094073  1044.53441891
  1429.22880246  2947.62517726  2664.83659068  2519.62083
  2557.83550386  2519.62083     1452.15760677  1492.91992556
  2435.5485475   4032.92191495 10432.60596446 21155.64345027
  8687.4691914   4259.6623132   2807.50470643  2461.02499674
  2741.2659384   2764.19474272  3543.77408951  3421.48713315
  3322.12898111  4056.08141153  3301.63532946  2670.44034
  3271.7562767   3604.16073861  3155.97494728  1650.81766473
  2517.31019463  3634.03979136  5673.28514191  3966.44425326
  2905.73788045  2132.61739041  2278.27777259  3305.37021105
  4056.08141153  2336.53126662  1567.42305802  2268.38243801
  2190.49806245  2258.64689106  1333.76993136  3290.61486715
  2813.57306689  1401.91875997  1713.45626219  2735.68869133
  2969.34181799]
