[  1723.476881     4790.13630716   2266.62191999   1921.50375701
   2223.80650879   1608.82151161   9354.51862801  10841.38108954
   9271.48267902   9099.45371277   2607.23868357   1975.18082089
   1983.3539829    2159.07696628   1886.63823236   1787.19809448
   2039.20392336   1961.55888419   7737.26004319   6772.82692513
   6884.52680604   7982.45490372  10396.26208621  12123.52365923
  15120.3497323   11992.48177507      0.           2022.40077272
      0.           2034.22767782   2118.49437669   2142.14818689
   1964.74461034   2952.29118649   1961.78788406   2773.4092468
   6924.65293817   5437.41962139   5367.9365539    6318.52405161
   7601.74325535  10230.27291463  15398.63044491  17468.33883804
  17698.96348756      0.           2319.54970658   2402.86686558
   1982.94838422      0.           2129.58658406   2092.9270341
   2169.57882038   2026.2733069    2911.10153548   2412.86492466
   1876.3024207    2906.10250594   3351.01613501   4785.737613
   4220.84727497   4224.17996133   5710.55807791   8008.44532314
  12470.91235922  19576.1996788   27941.24244246  20009.4489056
  18236.45976207      0.           2178.02485479   2205.71999372
   2035.5927117       0.           2322.43522209   2484.64960728
   2358.04325787   2945.57584812   2866.44687974   2595.43016302
   2290.78363474   2674.5591314    5776.41469209   4633.00109893
   3679.49702989   3659.71478779   4472.76493795   7115.672482
  12158.16599231  33234.16672159 158068.02724534  22979.05241893
  20249.10300965   9635.19310319   2213.9034391    2769.29003257
   4114.44655253   7844.19872151   7171.62046153   8073.48676468
   8845.4231767   12029.97933191   4631.61847213   3953.9449223
   9956.19636364  12330.60143296  10004.6016172    4448.18803759
   3686.44220527   3480.08296641   3813.82445148   5678.70053596
  12417.22136038  29104.29561366 166187.97369315  29858.39851122
  18205.47062809   5979.54543265   3630.30490977   6065.44770932
  12552.93703881  13337.26217364  13221.48084421   6909.53094966
  14506.28011269  15227.11226041  14203.75470354   8440.83240337
   3540.6677515    4870.28559911  13060.88093565 110403.09993075
   9255.03659095   4059.72307575   2424.15118912   6581.22973431
   6104.18793404   9462.9516298   11419.7965656    9394.80280119
   9706.34030341   3212.7304916    3358.76369576  12529.64891724
   6503.34535875]
