[ 459.25364705 1063.89809639  448.91309921  334.73866935  489.133637
  428.15411196 2443.07331159 2297.76040086 2120.01157256 1919.33088043
  513.54701343  253.36802254  228.84853649  316.02893134  262.90337823
  317.39112501  416.83126289  533.97991847 2451.94860524 2059.6368284
 1764.0408021  1762.67860843 1853.94558429 2377.02795341 3307.40622973
 2570.8734969  2570.8734969   177.40357655  177.40357655  260.19191228
  261.67027542  248.36500718  226.18956011  334.11006918  474.55456728
  952.06586084 2307.72485834 1985.44169427 1617.32927292 1499.06022188
 1473.92804854 1571.50001564 1855.34573813 2483.65007176 3624.94641426
 4085.87347739  413.25310864  413.25310864  239.95341792  239.95341792
  159.96894528  159.96894528  173.29969072  159.96894528  228.28901566
  373.26087232  508.2346699   976.47710349 1379.73215305 2049.60211142
 1633.01631641 1366.40140761 1324.74282811 1301.41402359 1489.71080293
 1634.68265959 2062.93285686 2586.16461538 4274.17025673 5074.14509767
  316.51587354  316.51587354  174.08373045  174.08373045  174.08373045
  189.90952412  191.88774833  174.08373045  189.90952412  255.19092304
  476.75203452  923.83070589 2241.3280295  1829.8573939  1384.75694673
 1192.8691984  1238.36835522 1226.49900996 1477.73348458 1814.03160022
 2150.32971586 2751.70987558 4344.18036432 3956.49256723  287.88387643
  244.57391272  285.33623151  468.76666605  369.408514    369.408514
  428.00434726  430.55199218  305.7173909   346.47970969  631.81594119
  896.77101331 1574.44456313 1518.3963748  1164.27373034  957.91449149
  881.48514376 1108.22554201 1225.41720852 1452.15760677 2066.1400335
 2621.52662697 4590.85615335  780.59025323  358.54863306  328.66958031
  507.94389684  597.58105511  451.92067292  358.54863306  836.61347715
 1015.88779368 1105.52495195  840.34835874  717.09726613  750.71120048
 1015.88779368 1232.51092616  810.46930599  311.53750222  155.76875111
  311.53750222  155.76875111  389.42187777  389.42187777  389.42187777
  467.30625332  233.65312666  389.42187777  700.95937999  311.53750222]
