[ 1137.92848102  2567.62723507  1148.23148208  1023.6775586
  1231.26743106  1502.43170197 14640.27575567 14287.37297248
  6536.48610928  3519.90844218  1193.28165455   931.74046999
   973.96847375   952.17337503   877.25272321   897.68562825
  1260.02914436  2025.58198666 18667.50204787 20738.03642563
 16749.53336111 10695.94469351  9867.73094241  9862.28216773
  8151.36691874  3688.51602919     0.           820.49154156
     0.           867.79916198   833.79680981   950.5874977
   833.79680981   904.75824043  1116.16416915  2140.66982375
 16888.82048797 37739.65418564 50642.80765369 21655.06324472
 15700.21652505 11705.67932631  9207.24562317  8400.05934984
  7158.23431396     0.           884.82822859   901.49166039
   789.84666733     0.           843.16964909   804.84375595
   828.17256047   684.86704699   858.16673771  1056.46157613
   989.80784893  1498.04251883  6268.78304321 23595.41942899
 37219.44126878 28061.21915142 17063.35416334 13657.34870339
  9414.83896708  8418.36574543  8441.69454995  8498.35021807
  6862.00121529     0.           793.26790806   820.96304699
   824.91949541     0.           872.39687644   813.05015015
   733.92118177   939.65649957   876.35332486   923.83070589
   951.52584483  1337.2795657  10785.27839084 16106.70151471
 19489.46491316 16648.73494815 13653.70349479  8723.96876442
  7143.36762093  6733.87520954  7194.80145038  7732.8784354
  5378.79162595  2542.54963432   799.96050619  1044.53441891
  1411.39528799  2988.38749605  2438.09619243  2295.42807667
  2374.40506932  2603.6931125   1105.67789709  1003.77210012
  1717.11267889  2168.04583046  5490.17481158 11066.96955057
 12300.02969387  9551.1208207   7709.17354052  6292.68296269
  5263.43441333  5508.00832605  5857.03568066  6022.63260073
  5044.33694985  2644.29616884  2188.64061432  2461.28697072
  3570.54680426  3753.55600238  3574.28168585  1471.5433482
  2274.542891    2401.52886521  3118.62613133  3936.56520051
  5225.09935058  4149.45345139  4141.9836882   4026.20235877
  2435.14279956  1557.68751108  1255.88555581  2190.49806245
  1878.96056024  2336.53126662  1635.57188663  1801.07618469
  1956.84493579  1489.53868247  1947.10938885  2891.45744244
  1956.84493579]
