[  757.76851763  1502.43170197   374.95920714   302.30275178
   416.47718164   823.87230635  7390.19945979  5555.62396188
  3372.03799087  2093.69167014   414.10687555   252.00582887
   239.74608585   261.54118456   230.21073016   283.33628327
   416.83126289  1006.66112182 10339.04995208  8745.28335868
  6486.76625452  5477.38074537  4154.69069221  4260.94179843
  3654.76561547  1998.74696251     0.           236.53810207
     0.           212.88429187   190.7088448    236.53810207
   202.5357499    249.84337031   402.11477352   975.71967105
 11489.83830816  7347.46479562  5330.97747546  4900.77380231
  4257.6858373   2630.00802242  2640.35656438  2532.43605531
  3029.16606966     0.           333.268636     249.951477
   199.9611816      0.           213.29192704   199.9611816
   199.9611816    161.63528846   213.29192704   306.60714512
   373.26087232   761.51883327  7491.87893734  7398.56371926
  4769.0741812   4047.54758425  2987.75332176  2321.21604976
  1811.31503667  1767.99011399  2156.24807494  2116.25583862
  2759.4643061      0.           284.86428619   225.5175599
   221.56111148     0.           205.7353178    191.88774833
   189.90952412   207.71354201   237.38690515   271.01671672
   332.34166722   652.81398917  9095.87491582  5378.79162595
  3390.67629529  2496.51895254  2162.19906111  1639.94786977
  1477.73348458  1574.66647086  1337.2795657   1778.42356445
  2308.58765262  1105.67789709   285.33623151   285.33623151
   326.09855029   692.95941937   532.45778915   532.45778915
   570.67246301   573.22010794   305.7173909    326.09855029
   509.52898483   733.72173816  2700.50361962  3401.10597376
  2374.40506932  1778.25615707  1312.03713595  1148.9878608
  1266.17952731  1062.36793338  1103.13025216  1411.39528799
  1948.94836699   776.85537164   567.70200235   567.70200235
   806.73442439   780.59025323   720.83214772   358.54863306
   597.58105511   776.85537164   986.00874092   810.46930599
  1105.52495195   840.34835874   926.25063541   780.59025323
   720.83214772   389.42187777   311.53750222   467.30625332
   389.42187777   467.30625332   311.53750222   467.30625332
   545.19062888   311.53750222   467.30625332   700.95937999
   467.30625332]
