[  1888.04277119   4842.03377527   2579.30416539   2204.34495825
   2567.62723507   1795.65239683   9354.51862801  10252.34482642
   9375.27761525   9121.24881148   2915.09445289   2238.08419911
   2235.35981177   2456.03518625   2160.43915995   2070.53437776
   2325.26459397   2180.87206499   7759.05514191   7058.88759574
   7058.88759574   8178.61079214  12107.17733519  15196.63257779
  15142.14483101  12163.97189907      0.           2250.06869596
      0.           2331.37866855   2417.12373055   2451.12608272
   2261.89560107   2417.12373055   2258.93887479   3332.23051294
   6424.96619754   5555.68867242   5330.97747546   6188.42809547
   7566.26254004  10206.61910442  15942.66807968  24375.25141856
  17888.19396922      0.           2627.82319488   2752.79893338
   2304.55261796      0.           2397.86783604   2387.86977696
   2452.85716098   2281.22381344   3381.01031225   2841.11512192
   2131.25292724   3429.33426447   3779.26633227   5109.00818992
   5094.0111013    5738.88591197   6895.3280789    9068.23958563
  11721.05792821  17136.67326326  32073.7735289   29887.53127672
  20642.65931401      0.           2466.84558939   2565.75679987
   2306.60942841      0.           2640.92931984   2834.79529238
   2708.18894297   3726.97441092   3376.82872582   3184.94097749
   2704.23249455   3135.48537225   5728.93731105   4458.91736848
   4569.69792422   4807.08482937   5825.87029733   8407.45289088
  14168.04178929  27386.53595796 133569.69863343  31010.64270998
  18721.91391983  10766.34744952   2540.00198939   3179.46086536
   4934.78821811   9069.61593003   7948.6521634    9242.85578487
  10177.84147204  14078.28585094   5431.57897832   4960.26466735
  12091.12281009  14954.67570485  12136.98041872   5003.57463106
   3994.70724109   4567.92734903   5311.83966688   6949.97535312
  12070.7416507   27708.18619522 205115.9881344   35340.93038802
  16972.41048479   6853.50772574   4112.10463545   7118.68431895
  14625.79632371  15619.27482782  15477.34932723   8261.55808683
  17695.86899431  18412.96626044  17292.50178212  10181.28722636
   4347.40217589   5804.00599771  13423.16445031 132184.92938935
  11805.96071993   5150.1043335    2579.91994022   7360.07348985
   6659.11410986  10563.0684345   13766.06337916  10884.34148366
  11828.68953726   3913.68987159   4205.75627991  12996.95517056
   6191.80785654]
