[ 1322.90564441  2954.26337253  1879.98578252  1608.82151161
  1940.96530756  1222.18537414  5293.54174789  5472.58801289
  5389.5520639   5898.29858926  2135.9196739   1502.49961754
  1499.7752302   1774.93835146  1502.49961754  1491.60206819
  1787.19809448  1630.54582248  4842.59849534  4101.56513909
  3902.68486334  4361.74412998  5154.54084568  6731.96111505
  9137.59513552  9041.66895172     0.          1521.23566895
     0.          1629.15617802  1667.59361961  1629.15617802
  1559.67311054  1785.86267065  1853.86737499  3117.86785794
  4367.08470951  3497.80718439  3094.21404773  3131.17312618
  3522.93935774  4534.1397441   6090.85612836  8199.00196308
 11273.99729002     0.          1931.29174564  1842.97555709
  1541.36744151     0.          1594.69042327  1649.67974821
  1727.99787767  1529.70303925  1851.30727299  2091.26069092
  1956.28689334  3389.34202815  3271.03166237  3406.00545995
  2814.45363104  2574.50021312  2789.45848334  3074.40316712
  3890.91132533  5483.93540542  8981.58974027 12340.93759118
 13990.61733939     0.          1606.31805821  1626.10030031
  1511.36329615     0.          1877.33477493  2037.57093591
  1944.59439805  2276.93606527  2276.93606527  2530.1487641
  2880.2944492   4567.71970001  5121.6224787   3790.27758563
  2898.09846709  2451.01979572  2561.80035146  2931.72827865
  3883.25412348  6049.40963301 11540.96003891 22852.44606951
 15248.15220774  9431.38150926  1312.03713595  1803.73260631
  2659.74130083  5036.69401507  4529.71267517  4919.50234856
  5508.00832605  6967.80886759  3666.06104587  4201.06647995
 11168.87534754 13461.75577929 12279.64853448  5492.7224565
  3480.08296641  2703.05126454  2359.11919978  2728.52771378
  3811.27680655  5716.91520983  9734.55125524 16360.97570299
 11851.64418722  3574.28168585  2278.27777259  2972.96574915
  7234.46564837  8052.40471755  9613.58522401  5949.66637989
 19137.53328976 19705.23529211 23126.38683259 11144.88667772
  2760.07749827  2465.02185231  3510.78869875  4597.63924272
  3663.91884412  1791.34063774  1401.91875997  1479.80313552
  1567.42305802  4838.56683129  9229.29850314  8927.49654787
 10563.0684345   3290.61486715  1947.10938885  2268.38243801
  1878.96056024]
