[  1835.73888361   5124.87497651   2254.94498966   1828.0883144
   2149.85261673   1754.13442234  11962.36640086  12637.03348638
  11173.52488549   9298.33398853   2574.5460355    1952.0235285
   1939.76378548   2026.94418033   1798.09564384   1676.86040725
   1941.12597915   2026.94418033   9331.0266366   11420.63172573
  16264.59241474  21697.02076901  26491.94248592  26535.53268334
  17229.0255328   11232.60312216      0.           1961.78788406
      0.           1926.30716875   1964.74461034   2213.10961751
   2012.05223075   1951.4393421    1796.21121261   2474.77989293
   8444.41024398  11064.06972443  12424.16381135  13399.8834824
  20839.00679257  27651.30413226  30608.03040816  32760.52713702
  19650.40282966      0.           2184.575909     2211.23739988
   1836.31018437      0.           1982.94838422   1959.6195797
   2036.27136598   1731.33056403   2159.5807613    2211.23739988
   1673.00855273   2262.89403846   3965.89676843   9194.88166731
   7535.20386002   8971.59168119  11371.12586041  15083.73846548
  30314.1151308   78198.15275167  36206.30461533  28914.38685959
  20276.0638144       0.           1940.63794964   1998.00645171
   1907.00813807      0.           2148.35149165   2292.76185895
   2247.26270213   2547.95278199   2484.64960728   2213.63289056
   1812.05337601   2213.63289056   6759.59212427   7226.45303774
   5206.68611972   5825.87029733   8118.63215627  10761.53970032
  21388.56015439 205355.49875206  31722.80342544  21396.47305123
  17891.05975179   7502.81430167   1987.16304085   2481.40615614
   3727.20452405   8702.75506095   7663.31593189   7192.00162092
   7757.57879408  10368.91484135   3913.18260352   2970.55398158
   6305.42118731   7556.31484507   7744.84056946   5658.31937657
   5286.36321764   5286.36321764   7034.04763562  10167.65089234
  13808.23548898  34912.92604076  19835.96337955  16157.16410906
  12753.51049037   5079.4389684    3690.06301528   5553.76893089
  11555.7236531   12044.99314197  11955.35598371   5228.83423217
   8918.89724745   9886.2315804    8915.16236586   6610.74042211
   5012.2110997    7126.15408213  18129.11525927  15686.50269652
   5889.90827438   3504.79689993   2667.53986272   6503.34535875
   5091.69105184   8839.87662537   7739.75982067   7515.84224096
   6727.26293847   2657.80431578   4449.14495352 159195.66363227
   4546.50042296]
