[ 306.16909803  678.55939562  176.4513916   155.69240435  207.58987247
  385.33870077 3330.52001638 2745.37606336 1900.74476977  920.84292063
  196.15588842  119.87304292  108.97549357  119.87304292  119.87304292
  141.66814164  197.51808209  502.64946407 4842.59849534 3382.32688156
 2255.79271682 1862.11874631 1698.65550596 1883.91384502 1992.88933859
  845.62371491    0.          106.44214593    0.           94.61524083
   70.96143062  106.44214593  106.44214593  118.26905104  189.23048166
  452.37912021 5258.5376817  3315.96851843 2139.19146062 1581.84855761
 1259.56539354 1154.60161074 1200.43086802 1354.18063436 1627.67781489
    0.          146.63819984  124.9757385    79.98447264    0.
  106.64596352   79.98447264   93.31521808   79.98447264   93.31521808
  146.63819984  186.63043616  399.9223632  2209.5710567  3404.33911677
 2169.57882038 1459.71662569 1164.77388283  884.82822859  804.84375595
  816.50815821  936.48486717 1151.44313739 1446.38588025    0.
  126.60634942  114.73700416   94.95476206    0.           94.95476206
   79.12896838   79.12896838  110.78055574   94.95476206  126.60634942
  158.25793677  350.1456851  5904.99926571 2769.51389347 1639.94786977
 1143.41359316  888.22267012  652.81398917  664.68333443  605.33660814
  652.81398917  906.02668801 1208.69499208  491.69547036  122.28695636
  122.28695636  163.04927515  326.09855029  244.57391272  244.57391272
  264.95507211  264.95507211  142.66811575  142.66811575  224.19275333
  366.86086908 1699.27916442 1844.4949251  1245.79836792  876.38985391
  634.36358612  512.07662976  489.14782544  509.52898483  591.05362241
  675.1259049  1024.15325951  358.54863306  239.03242204  268.9114748
  358.54863306  388.42768582  298.79052755  149.39526378  268.9114748
  358.54863306  478.06484408  388.42768582  507.94389684  388.42768582
  388.42768582  388.42768582  358.54863306  233.65312666   77.88437555
  155.76875111   77.88437555  233.65312666  155.76875111  155.76875111
  155.76875111   77.88437555  155.76875111  311.53750222  155.76875111]
