[  2934.1205228    6850.46579138   3342.1969467    2725.91451282
   3173.53017533   2777.81198094  21002.90534676  24983.4411513
  19176.11446906  10919.34445532   3562.13644594   2797.94579731
   2947.78710096   3145.30518305   2872.86644914   2456.03518625
   2851.07135042   3167.10028176  17011.07454567  18106.27825601
  19599.24251786  27450.9268293   30088.1337736   23331.6531725
  23767.55514676  12066.39993197      0.           2689.14254794
      0.           3116.3894948    2940.46428139   3153.34857325
   2797.06305701   2773.4092468    2641.83492752   3462.32646908
  13612.76777426  12944.54763591  16114.15820368  22796.35958722
  49720.30905561  66561.82192316  28893.12916814  21566.36145645
  18934.87507089      0.           2922.76593774   2997.75138084
   2574.50021312      0.           3084.4012262    2911.10153548
   2947.76108544   2589.49730174   2884.4400446    3149.38861023
   2237.89889076   2679.47983346   6043.82671391  10454.6371114
  11391.12197857  12600.88712726  17996.50634414  80411.05649472
 161035.40491649  27474.66635206  17803.21053526  16150.19810069
  15143.72681996      0.           2658.73333773   2854.57753448
   2704.23249455      0.           3151.31116592   3566.73824994
   3362.98115635   3568.71647415   3169.11518381   3074.16042175
   2225.50223582   2771.49211768   9147.30874528   8150.28374363
  10397.54644575   8545.92858555  13076.06202558  26365.77226579
 159777.21296245  18856.43316608  14009.78385252  13910.87264204
  11893.08394823   7074.80995441   2705.59890946   3525.94057504
   5653.22408672  13517.80396762  10409.67716014   9958.74400856
  10361.27190658  13487.23222853   5021.40814553   3543.77408951
   5900.34564437   7146.14401228   7890.05633014   6702.85379548
   8076.0344096    7151.23930213   9777.86121895  16478.1673695
  22704.61156416  14837.48403834  14959.7709947   13507.61338792
   9388.07154555   6282.0708418    6155.08486759   8198.06509973
  15977.82346089  17120.69722877  16679.98120063   6457.61027673
   7899.27457218   8138.30699422   7746.14442681   8440.83240337
   7686.3863213   12889.07638231  16485.76735773  10995.49141394
   6099.06164367   4527.02932907   6104.18793404  10339.15085479
   7437.9578654   12052.60711697   7506.10669401   7914.99966567
   6960.91606513   3446.38361826   8450.4547476   13785.53447305
   5481.11292961]
