[  1209.36793722   3571.84324312   1232.56486777   1044.43654585
   1262.40591193   1450.53423386  13861.81373393  17001.61055498
  11152.76589824   5789.3230957    1378.53999361    987.59041044
   1006.66112182   1028.45622053    931.74046999    909.94537128
   1216.43894693   1773.57615779  15823.2416658   22492.54187204
  26306.68414685  22318.18108234  17065.56229245  14689.89653271
  12581.22073221   6090.85612836      0.            938.7605926
      0.            938.7605926     940.23895574   1033.37583343
    904.75824043    952.06586084   1079.20509071   1892.30481658
  12654.78846087  20507.85344967  31317.64471438 179958.18805665
  25794.48003099  19508.47996842  12090.05374217  12518.77905218
  11203.0358594       0.           1018.13568299   1004.80493755
    883.16188541      0.            949.81561261    899.82531721
    909.82337629    751.52077419    924.82046491   1109.78455789
    949.81561261   1338.07357355   5009.02759912  13890.63674859
  18176.47140759  29980.8464948   35953.02045197  14870.44653844
  14483.85492068  13137.44963123   8681.64796787   9334.85449443
   9431.50239888      0.            904.0484638     908.00491221
    904.0484638       0.            969.32986271    955.48229325
    844.70173751   1066.26284898    971.30808692   1002.95967428
    935.70005115   1242.32480364   9190.82967789  12925.71698565
  17954.3629265   15438.06173186  19038.42979337  16878.20895646
  14832.72512372  11655.69704307   9424.26013462   8672.53493497
   8005.87337633   3546.32173444    901.86630315   1108.22554201
   1635.58804131   3375.62952452   2766.74238764   2664.83659068
   2761.6470978    3054.62626407   1268.72717223   1105.67789709
   1964.23423653   2453.38206197   5263.43441333   9326.92806737
  10593.10759468  10939.58730437  11275.87643436   9472.14382805
   9344.76158184   8970.25777799   8399.58531497   7928.271004
   6600.94799851   2644.29616884   2188.64061432   2733.93332711
   4022.46747718   4235.35572806   4056.08141153   1710.57577024
   2670.44034      2909.47276205   3241.87722395   3365.12831656
   7058.92621343   5949.66637989   5733.04324742   4627.51829547
   2465.02185231   1557.68751108   1489.53868247   2424.15118912
   2034.72931135   2725.95314439   1878.96056024   1956.84493579
   2034.72931135   1489.53868247   2258.64689106   3680.03674492
   1956.84493579]
