[  954.2270222   2056.43717412  1316.89825346  1108.01094429
  1469.9957844    928.96467929  4124.55127856  3979.23836784
  3843.00751403  4023.92009993  1423.49238471   922.2051143
   952.17337503  1227.33649629   976.69286109  1062.51106227
  1328.13882784  1227.33649629  3778.7252394   3397.31101192
  2916.45664656  3111.25034131  3455.88533971  4448.92452484
  6255.19333069  6067.20231816     0.           854.49389374
     0.          1058.50800677  1119.12089543   974.24130791
   987.54657615  1238.8683096   1473.92804854  2760.10397856
  3605.72769347  2890.1999347   2332.85703169  2190.93417045
  2307.72485834  2785.2361519   3700.34293429  4924.42761252
  7350.4215219      0.          1124.78164651  1014.80299663
   909.82337629     0.           949.81561261  1019.80202617
  1098.12015563  1006.47128073  1194.76806007  1474.71371431
  1621.35191415  2839.44877874  2882.77370142  3031.07824444
  2237.89889076  1862.97167525  1809.64869349  1812.98137985
  2214.57008624  2949.42742862  4182.52138183  5967.17492763
  9194.88166731     0.           985.15565639   929.76537852
   856.57108276     0.          1048.4588311   1068.24107319
  1147.37004158  1321.45377203  1434.21255197  1752.70664972
  2338.26101577  3105.8120091   4454.96092006  3248.24415219
  2245.28447792  1750.72842551  1543.0148835   1608.29628242
  2019.76691802  2832.81706817  4203.72644544  6632.98577485
 10520.19634675  9512.90614683   942.62862194  1169.36902019
  1594.82572253  2476.31086629  1844.4949251   2234.28459849
  2700.50361962  3688.98985019  2211.35579418  3133.60325672
  6409.8746292   9054.33006048  9388.07154555  3936.11140784
  2680.12246022  1882.70959896  1396.10941844  1416.49057784
  1859.78079464  2560.38314879  4178.13767563  7028.95234577
 12136.98041872  2793.69143262  1527.56657211  1232.51092616
  1706.84088865  2222.25454867  3727.41183122  3484.64452758
 11380.18421817 12732.21135534 15589.39577507  7510.84688636
  1826.35709967  1262.38997891  1826.35709967  2976.70063074
  2674.1752216   1168.26563331   856.72813109   856.72813109
   778.84375554  1168.26563331  2268.38243801  1333.76993136
  1956.84493579  1567.42305802  1012.4968822   1557.68751108
  1255.88555581]
