[ 1475.99019343  4677.259314    1441.45217694  1232.56486777
  1471.2932211   1732.07799839 19503.06851819 20426.84345067
 13576.37765929  7565.62364083  1608.75072377  1174.21094317
  1215.07675326  1204.17920391  1129.25855208  1104.73906603
  1392.16193031  1992.88933859 17359.79612508 20476.49524107
 28540.68176496 27668.87781643 19343.15010798 17850.18584613
 15648.88087609  7876.71879901     0.          1127.99107426
     0.          1127.99107426  1095.46708522  1247.73848843
  1048.15946481  1107.29399033  1222.60631509  1986.92005741
 13559.5467013  17610.26169929 23464.57972558 59181.8331385
 63888.94136974 17846.79980136 16415.74428382 13713.29646764
 13938.00766461     0.          1246.42469865  1201.43343279
  1043.13083069     0.          1124.78164651  1086.45575337
  1109.78455789   884.82822859  1086.45575337  1271.41984635
  1069.79232157  1458.05028251  4982.36610824 16090.20974621
 21935.7416217  25421.73155428 44471.3667882  36766.19592381
 20549.34409592 14077.26718475  7421.89252378  9224.87584455
 11714.39255549     0.          1064.28462477  1117.69667843
  1048.4588311      0.          1206.71676787  1163.19583526
  1082.08864266  1273.97639099  1147.37004158  1194.84742261
  1030.65481321  1384.75694673 10623.06400565 12668.5478384
 17479.58911619 17827.75657708 21649.68575006 20510.22860532
 16490.47701138 12261.03365121  6591.44306645  6061.27897827
  8818.92352648  4122.0894873   1105.67789709  1373.18061413
  2045.7588741   4443.09274774  3648.2275314   3464.79709686
  3581.98876338  4099.16068298  1617.75452684  1309.48949102
  2231.73695357  2782.02825719  5472.34129711 10086.12625477
 11066.96955057 11454.21157905 12631.22353401 13899.95070625
 10939.58730437  7744.84056946  5734.7487243   4855.81122546
  6682.47263609  3096.21684177  2849.71465653  3424.88642207
  5400.63878552  5706.89907626  5437.98760146  2102.73833765
  2969.23086756  3152.24006568  3510.78869875  3936.56520051
  8437.09752177  7906.74433537  5344.6155616   3787.16993673
  2883.32859088  1869.22501329  2112.6136869   3290.61486715
  2579.91994022  3670.30119798  2190.49806245  2502.03556467
  2424.15118912  1801.07618469  3504.79689993  4147.34299825
  2424.15118912]
