[  1713.2712444    4215.37184777   2391.17584347   2026.59612995
   2421.01688764   1650.33948611   7914.36388777   8980.85685757
   7935.12287502   8102.32794664   2663.08862402   2018.77101831
   2016.04663097   2280.31220287   1984.71617657   1928.86623612
   2236.72200544   2016.04663097   6838.21222127   6347.82250022
   5767.52799699   6609.36368478   7985.17929106  11251.7197107
  13676.42444254  11279.91074258      0.           2035.70604096
      0.           2130.32128179   2226.41488576   2224.93652262
   2083.01366137   2250.06869596   2176.15053907   3212.48309877
   6042.07014481   5911.97418867   4582.92572765   5081.13410514
   5566.03721439   7424.3396788   10425.41684884  13257.96062116
  15794.83176588      0.           2466.18790642   2541.17334952
   2091.26069092      0.           2182.90956582   2186.24225218
   2251.2296362    1986.28107058   2522.84357454   2681.14617664
   2144.58367268   3484.32358941   3552.64365979   4399.14599524
   3674.28671193   3660.95596649   4317.49517941   4897.38260606
   6733.69279043  10914.54782909  23648.74241075  19316.25014271
  17343.29981758      0.           2385.7383968    2431.23755362
   2162.19906111      0.           2356.06503366   2579.60436934
   2470.80203781   3024.70481651   3184.94097749   3264.06994587
   2815.01305029   3119.65957857   5283.83686389   3980.18710975
   3266.04817008   3214.61434063   3740.82198039   4888.19202197
   7240.3006072   14456.86252389  60802.69930683  41590.18578302
  18152.18534746  10970.15904346   2356.57155485   2871.19582953
   4341.18695078   8045.46267051   6802.21194752   7398.36085978
   9008.47245185  12870.70215688   5143.69510189   4651.99963153
  12621.03295431  15408.15650135  13115.2760696    5085.09926863
   3564.15524891   3194.7467349    3444.41593747   4799.76303713
   7602.17245371  16513.83439844 128727.40272823  51992.33761237
  19351.91084396   6461.34515833   3660.18396252   6338.09406571
  12885.34150071  14087.97337411  14151.46636122   8052.40471755
  18749.10560394  19406.44476455  18853.68228858  10334.41737173
   3417.41665889   4840.40654636  10151.40817361  48807.43267575
  16679.98120063   3349.02814882   2424.15118912   5558.99730516
   5870.53480738   9618.72038091  13454.52587694  10806.45710811
  12208.37586808   4069.45862269   3816.33440214   8382.30591899
   4458.88050046]
