[  963.15695422  1899.44733307  1294.84182951  1076.87246342
  1428.47780991   908.20569204  3948.09988697  3833.92545711
  3686.01767298  3574.39618897  1369.00463792   889.51246623
   919.48072696  1183.74629886   944.00021302  1009.38550916
  1304.98153545  1205.54139757  3735.13504198  3267.90261331
  2827.91405804  3024.06994646  3323.75255377  4274.56373513
  5860.15716652  5734.57061212     0.           819.01317843
     0.          1023.02729146  1083.64018012   960.93603967
   940.23895574  1203.38759429  1426.62042812  2712.79635814
  3546.59316795  2890.1999347   2309.20322148  2143.62655003
  2224.93652262  2655.14019576  3522.93935774  4699.71641555
  6824.12424479     0.          1084.78941019   954.81464215
   883.16188541     0.           923.15412173   966.47904441
  1058.12791931   966.47904441  1141.44507831  1433.05513481
  1568.02893239  2786.12579698  2869.44295598  2896.10444686
  2224.56814532  1862.97167525  1771.32280035  1786.31988897
  2134.5856136   2801.1228856   3969.22945479  5818.87038461
  8228.40262291     0.           983.17743218   892.17911854
   824.91949541     0.          1000.98145007  1004.93789849
  1099.89266055  1273.97639099  1370.90937727  1687.4252508
  2243.30625371  3026.68304072  4373.85372747  3153.28939013
  2213.63289056  1734.90263184  1572.68824665  1608.29628242
  1988.11533067  2722.03651243  3964.36131608  6727.94053691
  9661.64703978  9349.85687169   922.24746255  1128.60670141
  1513.30108495  2333.64275054  1742.58912813  2111.99764213
  2496.69202568  3444.41593747  2109.44999721  2970.55398158
  6104.1572383   8725.68386527  9143.49763283  3773.06213269
  2580.76430818  1841.94728017  1413.94293291  1416.49057784
  1819.01847585  2478.85851121  3892.80144412  6600.94799851
 12055.45578115  2674.1752216   1437.92941385  1172.75282064
  1617.20373038  2013.10117939  3395.00736932  3275.4911583
 10752.72411031 12160.7744714  14749.04741632  7212.05635881
  1766.59899416  1232.51092616  1796.47804691  2883.32859088
  2554.65901058  1168.26563331   700.95937999   856.72813109
   700.95937999  1168.26563331  1869.22501329  1333.76993136
  1489.53868247  1324.03438442   934.61250665  1333.76993136
  1178.00118025]
