[ 2339.64219079  6147.2550984   2411.93483072  2057.73461082
  2472.91435575  2620.82213989 23976.63026984 25938.35456464
 17167.68245295  9123.97319882  2585.44358486  1986.07837024
  2190.40742068  2159.07696628  2060.99902207  1841.68584127
  2291.20975223  2912.37006555 19904.37389985 26350.27434428
 32714.44316854 33891.37849905 26317.58169621 22062.08867246
 19027.12117664  9544.31241862     0.          1890.82645344
     0.          1973.61478917  1952.91770523  2248.59033283
  1856.82410127  1941.09080013  2009.09550448  3153.34857325
 15321.75556174 17799.49218094 30170.43491933 73516.04212409
 95301.20132495 21081.4583472  16321.12904299 17089.87787473
 16457.13845168     0.          2024.60696372  2074.59725912
  1781.32085943     0.          1996.27912966  1957.95323652
  2009.6098751   1556.36453013  1944.62249108  2197.90665444
  1739.66227993  2182.90956582  6485.40765661 17110.01177238
 23002.2012569  30900.66793017 74812.14340988 62627.84207762
 25481.71990876 14023.94420299  9431.50239888 11477.77182393
 13537.37199443     0.          1701.27282027  1994.0500033
  1812.05337601     0.          2195.82887268  2150.32971586
  1974.2677612   2292.76185895  2037.57093591  2118.6781285
  1622.14385189  2118.6781285  10654.715593   13978.13226516
 18183.83693481 21997.85321096 26294.55619425 28399.38675328
 20628.9220579  12039.47253974  7865.41945744  8205.6740215
 10029.59674276  5268.52970317  1742.58912813  2379.50035917
  3745.03803852  8315.51303248  6781.83078813  6392.04111473
  6511.78042617  7907.88984461  2970.55398158  2252.11811296
  3686.44220527  4463.47390714  6886.28423002 11046.58839118
 11907.69237555 13303.80179399 15051.48621197 13818.42606867
 23601.38257747  7969.03332279  6781.83078813  6290.13531776
  7808.53169257  5105.58313956  5012.2110997   5916.05244555
 10203.69651593 10931.99842684 10338.15225333  3873.0722134
  4773.17867766  4832.93678317  5284.85745609  6487.48932949
 10722.84505755 10334.41737173  9512.74342096  5501.48058857
  4567.76018996  3193.25939771  3913.68987159  6493.60981181
  4702.26917407  7038.80044069  3757.92112048  4390.73167185
  3913.68987159  3290.61486715  7574.25552262  5870.53480738
  3991.57424714]
