[ 1580.59796859  3663.96124903  2204.34495825  1911.12426339
  2275.70397691  1503.72913868  6847.87091798  7026.91718298
  6995.77870211  7246.87032215  2487.36564065  1821.25293622
  1798.09564384  2115.48676885  1841.68584127  1798.09564384
  2095.05386381  1862.11874631  5808.39380707  5240.35904686
  5130.02135962  5963.6838854   7162.41431463  9121.24881148
 11551.40231801 10567.33971008     0.          1843.51883303
     0.          1939.61243699  2059.35985117  2020.92240958
  1880.47791148  2096.31892962  2068.23003     3188.82928856
  5209.75169814  4438.04614013  4129.0682443   4024.10446151
  4698.23805241  6436.79310264  8651.3810833  13139.69157012
 14204.11302945     0.          2306.21896114  2284.5564998
  1889.63316614     0.          1942.9561479   1972.95032514
  2076.2636023   1837.97652755  2214.57008624  2452.85716098
  2091.26069092  3524.31582573  3136.05786479  4652.4301586
  3659.28962331  3219.37502379  3580.97149385  4200.85115681
  5512.26323948  8151.75083663 14230.57075731 18989.64687943
 17076.68490878     0.          2195.82887268  2128.56924955
  1893.1605686      0.          2211.65466635  2358.04325787
  2294.74008316  2708.18894297  2993.05322915  3374.85050161
  2975.24921127  3535.08666259  5155.25229027  4267.02962015
  3313.52555111  3119.65957857  3374.85050161  4172.07485808
  6031.60561513 10144.33374692 27758.44210936 43046.15880129
 18848.52026924 11892.406506    2050.85416395  2542.54963432
  3686.44220527  7003.47589653  5923.27444868  6313.06412208
  7006.02354145  9548.57317577  4672.38079092  4876.19238485
 12559.88947614 15326.63186378 13079.60904066  5495.27010142
  3808.72916163  3174.36557551  3156.53206104  3938.65905276
  6557.6380348  11968.83585373 38031.24342794 79975.6694594
 19683.1046841   6069.18259092  3268.02139511  5045.82503405
 10543.57074102 11805.96071993 12496.9138149   8171.92092857
 20848.10906    20638.95569071 21796.76898498 10905.85425568
  3152.24006568  3548.13751469  7686.3863213  23141.32635896
 16620.22309512  2881.7218955   2034.72931135  3056.96174049
  4468.61604741  7739.75982067 13298.75712584 10183.38210368
 12364.14461919  3757.92112048  3271.14377327  5403.22855406
  6337.8410607 ]
