[  952.95131762  1889.06783944   521.56955457   417.77461834
   603.30806685  1084.65708364  7452.47642153  6149.84997181
  3883.22805182  2588.16797219   568.03476021   351.44596675
   348.72157941   359.61912877   328.28867437   414.10687555
   647.04199305  1477.98013149 13567.44894898 11047.39066026
  7143.34360326  5204.94201145  4734.98519545  4940.67643955
  4194.19430862  2462.95298783     0.           378.46096332
     0.           307.49953269   285.32408562   342.980248
   308.97789583   368.11242135   603.17216028  1593.67546271
 16652.28238589 14227.76683965  7687.48831735  4519.35611272
  3837.83070612  3842.26579554  3530.33117343  4485.35376055
  3589.46569895     0.           481.57317902   354.93109734
   293.27639968     0.           306.60714512   268.28125198
   279.94565424   228.28901566   294.94274286   426.58385408
   546.56056304  1123.11530333 23542.09644723 17429.94966294
  9248.20464907  4209.18287271  3097.73197164  2696.14326526
  2816.11997422  2396.20149286  3431.00060765  3632.62813243
  3202.71159199     0.           379.81904825   320.47232196
   316.51587354     0.           316.51587354   286.84251039
   255.19092304   318.49409775   318.49409775   381.79727246
   474.77381031   939.65649957 12055.29833341 10409.41579101
  6749.70100322  3101.85556068  2322.43522209  1863.48720546
  2001.96290013  2116.69990429  2419.36820836  3580.58581941
  2911.94603656  1352.79945473   349.02735461   369.408514
   489.14782544   978.29565088   759.1981874    756.65054248
   815.24637573   779.57934679   428.00434726   448.38550665
   733.72173816  1039.43912906  3890.2537992   4794.66774728
  3829.11032102  2269.95162743  1640.68333116  1556.61104867
  1571.89691821  1472.53876617  1655.96920071  2188.42698986
  2583.3119531   1053.23660962   866.4925299    780.59025323
  1135.4040047   1109.25983354  1019.62267527   507.94389684
   866.4925299   1075.64589919  1404.3154795   1172.75282064
  1434.19453225  1053.23660962  1135.4040047   1202.6318734
  1049.50172803   623.07500443   467.30625332   700.95937999
   623.07500443   700.95937999   545.19062888   700.95937999
   700.95937999   389.42187777   545.19062888  1090.38125776
   700.95937999]
