[ 112.26200261  290.62582145   83.03594899   72.65645536   83.03594899
  114.17442986  908.20569204  887.44670479  761.59534461  471.31900967
  108.97549357   54.48774678   65.38529614   65.38529614   54.48774678
   65.38529614   76.2828455   163.46324035  950.81118136  886.78807889
  830.93813844  820.04058908  811.86742707  973.96847375 1170.12436217
  641.60960187  641.60960187   47.30762041   47.30762041   47.30762041
   47.30762041   47.30762041   35.48071531   47.30762041   70.96143062
  167.05503459  879.62606708  878.14770394  759.87865291  654.91487011
  641.60960187  749.53011094  807.18627332  950.5874977  1293.56774571
 1458.05028251   93.31521808   93.31521808   39.99223632   39.99223632
   53.32298176   39.99223632   53.32298176   39.99223632   39.99223632
   79.98447264   79.98447264  146.63819984  479.90683584  961.48001487
  748.18808783  614.88063342  599.8835448   536.56250396  563.22399484
  706.52950833  843.16964909 1058.12791931 1459.71662569 1732.92440763
   94.95476206   94.95476206   63.30317471   63.30317471   47.47738103
   31.65158735   47.47738103   63.30317471   47.47738103   79.12896838
   79.12896838  158.25793677  872.39687644  779.42033859  605.33660814
  553.90277869  490.59960399  492.57782819  569.72857237  621.16240182
  858.54930697 1208.69499208 1592.47048874  759.1981874    81.52463757
   81.52463757  101.90579697  183.43043454  142.66811575  142.66811575
  163.04927515  163.04927515   81.52463757  101.90579697  142.66811575
  244.57391272  570.67246301  613.98242672  550.29130362  448.38550665
  349.02735461  369.408514    529.91014423  672.57825998 1001.2244552
 1411.39528799 1393.56177352  209.15336929   89.63715827   89.63715827
  179.27431653  239.03242204  149.39526378   89.63715827  239.03242204
  298.79052755  358.54863306  328.66958031  298.79052755  268.9114748
  478.06484408  631.19498946  328.66958031   77.88437555    0.
   77.88437555    0.          155.76875111   77.88437555   77.88437555
   77.88437555   77.88437555  155.76875111  233.65312666   77.88437555]
