[ 1416.03207839  3132.01220083  2004.539706    1743.75492872
  2097.95514861  1325.98031038  5680.17788535  5952.63959297
  5721.69585985  6238.84700666  2235.35981177  1601.93975542
  1599.21536808  1907.07113741  1623.73485413  1655.06530854
  1908.43333108  1729.98596036  5149.092071    4515.67201464
  4154.69069221  4647.80480059  5593.16720728  7246.87032215
  9750.58228683  9517.70188214     0.          1605.50236782
     0.          1725.24978199  1809.51648085  1760.7304973
  1689.76906668  1917.43698992  1938.13407386  3295.2714345
  4509.00757075  3688.51602919  3249.44217722  3310.05506588
  3772.78272805  4843.11763993  6602.36977409  9006.18823641
 11986.56832252     0.          2104.59143636  2001.2781592
  1661.34415047     0.          1701.33638679  1744.66130947
  1861.30533207  1611.35385507  1972.95032514  2237.89889076
  2024.60696372  3509.31873711  3470.99284397  3487.65627577
  2896.10444686  2669.48177438  2882.77370142  3234.37211241
  4225.84630451  6020.49790939  9961.39953012 13870.64063043
 15523.653065       0.          2019.76691802  1839.74851495
  1637.96964556     0.          1972.28953699  2134.50392218
  2055.37495379  2435.19400204  2405.5206389   2629.05997458
  2959.42341759  4522.22054319  5234.38125865  3790.27758563
  2866.44687974  2514.32297042  2625.10352616  3184.94097749
  4249.22560226  6811.02595372 15568.6245297  36225.24172653
 19616.07126258 11214.73295618  1701.82680934  2132.37880153
  3069.91213362  5632.84292733  4978.09818182  5350.05434075
  5979.32263702  7561.41013492  3974.3260817   4547.54618964
 11821.07244813 14282.09744487 12835.03512794  5495.27010142
  3520.8452852   2743.81358333  2338.73804038  2911.95814832
  4221.44763934  7439.12317856 20243.58656742 79058.5172867
 19520.05540895  3757.29088398  2457.55208912  3514.52358034
  8347.46036351  9072.02739282 10487.5475171   6487.48932949
 20131.01179387 20758.47190173 23365.41925463 11443.67720527
  2726.46356392  2704.05427435  4832.93678317  9497.80389458
  3757.29088398  2102.87813996  1333.76993136  1489.53868247
  2190.49806245  5860.79926043 11741.06961476  9793.96022591
 11507.4164881   3602.15236937  2725.95314439  3212.7304916
  2268.38243801]
