[ 20.4112732   72.65645536  10.37949362  10.37949362  20.75898725
  20.75898725 324.35917573 291.92325816 177.7488283   87.18039485
  21.79509871   0.           0.          10.89754936   0.
  10.89754936  10.89754936  43.59019743 448.16171729 393.67397051
 316.02893134 261.54118456 208.41563145 250.6436352  217.95098713
  82.78833573   0.           0.           0.           0.
   0.           0.           0.           0.           0.
  35.48071531 595.78034459 484.90310925 319.3264378  226.18956011
 189.23048166 153.74976635 177.40357655 165.57667145 189.23048166
   0.          13.33074544  18.32977498   0.           0.
  13.33074544   0.          13.33074544   0.           0.
  13.33074544  13.33074544  26.66149088 253.28416336 521.56541534
 346.59938144 226.62267248 173.29969072 133.3074544  106.64596352
 106.64596352 133.3074544  133.3074544  159.96894528   0.
   0.          15.82579368  15.82579368   0.           0.
   0.           0.           0.           0.           0.
  15.82579368  15.82579368 664.68333443 429.27465349 239.36512936
 174.08373045 142.43214309  94.95476206  94.95476206  94.95476206
  79.12896838 126.60634942 126.60634942  20.38115939   0.
   0.           0.          40.76231879   0.          20.38115939
  40.76231879  20.38115939  20.38115939  20.38115939   0.
  20.38115939 224.19275333 267.50271704 183.43043454 122.28695636
  81.52463757  81.52463757  40.76231879  81.52463757  81.52463757
 101.90579697  81.52463757  29.87905276   0.           0.
  29.87905276  59.75810551  29.87905276   0.           0.
  29.87905276  59.75810551  29.87905276  59.75810551   0.
  59.75810551   0.           0.           0.           0.
   0.           0.           0.           0.           0.
   0.           0.           0.           0.           0.        ]
