[ 1322.90564441  3622.44327453  1388.25727212  1210.50844382
  1438.85730353  1638.66255578 14027.8856319  16498.20511425
  8542.32325198  5634.03301737  1554.26297699  1161.95120015
  1148.32926345  1160.58900648  1063.87325594  1061.1488686
  1381.26438095  1992.88933859 13676.42444254 24377.81791073
 28148.36998812 21833.24013597 15572.59803059 11796.59717853
 12101.72856051  6164.77428526     0.          1093.98872208
     0.          1068.85654874  1071.81327502  1188.60396291
  1034.85419657  1083.64018012  1222.60631509  2153.975092
 15510.98604339 20797.61262471 40921.09165852 68950.85675409
 17698.96348756 15274.44794132 14204.11302945 10759.52691802
 10892.57960043     0.          1124.78164651  1124.78164651
  1043.13083069     0.          1096.45381245  1046.46351705
  1029.80008525   858.16673771  1059.79426249  1258.08910091
  1083.12306701  1524.70400971  5960.50955491 14910.43877476
 20695.98229577 37552.70990478 29780.8853132  14817.12355668
 14723.8083386  12360.93370934 12144.30909594  8634.99035883
  9438.1677716      0.           985.15565639  1024.72014058
  1032.63303742     0.          1082.08864266  1097.91443634
   987.1338806   1194.84742261  1113.74023002  1131.5442479
  1048.4588311   1432.23432776 10623.06400565 14164.08534087
 15568.6245297  22535.93019597 16363.87066196 16237.26431255
 11362.91986005 10603.28176355  9709.12442081  8656.70914129
  8021.69917     3424.03477808  1003.77210012  1271.27481716
  1862.32843956  3931.01611799  3238.05669861  3075.00742347
  3192.19908998  3564.15524891  1452.15760677  1227.96485345
  2109.44999721  2639.36014144  5551.31828976 10391.84364567
 11744.6431004  14261.71628548 11933.16882479 10557.44056574
  9897.60053038  6904.11774449  7230.21629478  7683.69709128
  6455.73223783  3006.5796835   2666.70545841  3211.99817119
  4803.05773041  5015.94598129  4836.67166476  1949.60819228
  2849.71465653  3032.72385466  3540.6677515   3906.68614775
  7383.86091215  7574.33987346  6696.64269878  4175.59762255
  2853.44953813  1869.22501329  1801.07618469  2891.45744244
  2502.03556467  3193.25939771  2034.72931135  2346.26681356
  2414.41564217  2034.72931135  2570.18439328  3835.80549603
  2346.26681356]
