[ 1518.0884444   3465.45343348  2130.39106618  1828.0883144
  2213.42701517  1420.69318969  6567.62459015  6601.35794442
  6380.79370493  6851.83415797  2398.82305212  1743.60789706
  1720.45060467  2017.40882464  1754.50544641  1753.14325274
  2028.306374    1796.73345017  5411.99544923  4856.22043204
  4767.67784352  5469.20758335  6669.30020624  8658.10296383
 11069.18575898 10233.22964091     0.          1759.25213416
     0.          1855.34573813  1941.09080013  1914.48026365
  1797.68957575  2035.70604096  2020.92240958  3332.23051294
  4937.73288076  4117.2413392   3653.03531388  3749.12891785
  4319.7770891   5651.78227639  7720.01230639 10638.3011407
 13252.0471686      0.          2226.2344885   2161.24710448
  1796.31794805     0.          1861.30533207  1891.29950932
  1969.61763878  1744.66130947  2132.91927042  2359.5419429
  2104.59143636  3509.31873711  3699.28185963  4007.55534793
  3164.38569885  3031.07824444  3299.35949643  3757.60387093
  4909.04700832  7201.93522402 12330.9395321  17170.00012686
 16083.54437349     0.          2114.72168008  1990.09355488
  1812.05337601     0.          2085.04831694  2292.76185895
  2183.95952742  2595.43016302  2708.18894297  3184.94097749
  2959.42341759  3582.56404362  5376.81340174  4027.66449078
  3200.76677116  2975.24921127  2927.77183024  3519.26086891
  4965.34276614  8356.01906143 21428.12463859 39485.35522398
 18943.4750313  11973.93114358  1987.16304085  2359.11919978
  3418.93948823  6453.18459291  5533.48477529  5943.65560808
  6532.16158556  8771.5414739   4730.97662417  4794.66774728
 12356.0778822  15082.05795106 13038.84672188  5515.65126082
  3686.44220527  2968.00633665  2585.85959803  3403.65361868
  5080.00397879  9016.11538662 27667.42387644 85560.10713317
 20213.01482833  5680.7549051   2969.23086756  4623.78341388
  9729.36655344 10935.73330843 11746.20261442  7540.72593911
 21266.41579857 20698.71379622 22342.06169776 11171.03084888
  2879.59370929  3096.21684177  5673.28514191 19772.46316081
 19025.48684192  3037.4906466   1645.30743358  2112.6136869
  4225.2273738   7116.68481624 12987.21962362 10105.49772812
 12208.37586808  3757.92112048  2959.60627105  4147.34299825
  7515.84224096]
