[  1477.265898     2923.12489166   1566.00610042   1389.55470882
   1668.50359995   1930.58581394  12756.39766304  14074.5933532
   7875.44078668   4143.79314285   1576.0580757    1272.28888738
   1566.52272001   1281.82424307   1227.33649629   1205.54139757
   1687.7579566    2574.5460355   19817.19350499  20035.14449213
  18460.4486101   18416.85841267  15834.13921515  10941.13955404
   8020.59632646   4341.95253617      0.           1139.81797936
      0.           1176.77705781   1166.42851584   1330.52682416
   1166.42851584   1284.69756688   1519.75730581   2795.58469387
  20507.85344967  30406.9730214  251676.54060499  26847.07458521
  19130.0190051   15800.74521843  12654.78846087   9402.38955738
   8133.95398501      0.           1153.10948057   1226.42858049
   1098.12015563      0.           1178.10462827   1153.10948057
   1136.44604877    953.14829897   1181.43731463   1433.05513481
   1311.41208267   1954.62055016   7785.15533702  24395.2641554
  47564.0997303   35513.10585244  22315.66786674  16236.84794605
  12634.21399086  10457.96979776   9621.4655214    8711.64214511
   7205.26791038      0.           1048.4588311    1123.63135106
   1143.41359316      0.           1177.04340472   1163.19583526
   1068.24107319   1321.45377203   1242.32480364   1273.97639099
   1271.99816678   1782.38001287  11738.78245987  20344.05777171
  22670.44944223  19671.46154044  18777.3041977   13056.27978348
   9641.86479768   8217.54336675   7976.20001318   7159.19341461
   5984.1282341    3077.55506839   1126.05905648   1393.56177352
   2025.37771471   4300.42463199   3546.32173444   3360.34365497
   3439.32064762   3750.13332837   1615.20688192   1391.01412859
   2231.73695357   2863.55289476   6246.82535405  11398.16339072
  12091.12281009  13487.23222853  11872.02534661   9082.35415465
   7581.79129432   6534.70923048   7006.02354145   6677.37734624
   5451.96013771   3578.01656744   3148.50518409   3544.40263309
   5254.97840333   5497.74570697   5318.47139044   2072.8592849
   2965.49598596   3152.24006568   4112.10463545   5228.83423217
   9038.41345847   7032.78204227   5191.48541623   5169.07612666
   3305.37021105   2336.53126662   2112.6136869    3290.61486715
   2969.34181799   3504.79689993   2268.38243801   2735.68869133
   2823.30861383   2346.26681356   2725.95314439   3680.03674492
   2745.42423828]
