[ 1128.99854899  2369.11941952  1546.54454987  1306.51875983
  1649.0420494   1096.33401396  4354.19757498  4324.35653081
  4312.67960048  4636.90725124  1686.39576294  1119.72319639
  1138.79390777  1446.64967709  1196.00604189  1250.49378867
  1556.98736433  1446.64967709  4042.9908113   3344.18545881
  3058.1247882   3353.7208145   3970.79454681  5041.4787711
  7099.75340583  7057.70562058     0.          1058.50800677
     0.          1272.87066178  1345.31045554  1271.39229864
  1238.8683096   1488.71167992  1676.46379844  2891.67829783
  3760.95582295  2974.46663356  2570.8734969   2393.46992034
  2582.700402    3381.0164965   4569.62045941  5675.4360866
  8027.51183908     0.          1353.07066217  1304.74670995
  1124.78164651     0.          1244.75835547  1328.07551447
  1406.39364393  1288.08327815  1503.04154837  1849.64092981
  1956.28689334  3122.72711934  3216.04233743  3191.04718973
  2452.85716098  2079.59628866  2091.26069092  2282.89015662
  2926.0986241   4397.47965206  5843.86553231  6623.71414055
  9931.40535288     0.          1192.8691984   1184.95630156
  1127.58779948     0.          1446.08189723  1576.64469507
  1610.27450663  1847.66141178  1990.09355488  2403.54241469
  3054.37817965  3980.18710975  5297.68443336  4045.46850867
  2803.14370503  2146.37326744  1845.68318757  1958.44196752
  2688.40670087  4043.49028446  4905.99603985  7604.29386177
 10714.06231929  9821.17118266  1108.22554201  1515.84872988
  1984.61539592  3276.27137248  2685.21775007  3258.43785801
  4094.06539313  5021.40814553  2968.00633665  3729.75216898
  8315.51303248 10491.20179771 10310.3190081   5637.93821718
  3398.55832884  2374.40506932  1762.97028752  1745.13677305
  2415.16738811  3156.53206104  4651.99963153  7991.96212711
 11561.21266586  3126.09589452  1949.60819228  1620.93861197
  3028.98897307  3966.44425326  6188.69880194  4414.63004459
 13725.68985946 14506.28011269 20877.98811275  8201.79998132
  2423.93815477  1564.91538806  2308.15682535  3454.76547483
  3006.5796835   1479.80313552  1168.26563331  1090.38125776
  1168.26563331  1713.45626219  6571.49418736  5948.41918293
  7749.49536762  2813.57306689  1324.03438442  1878.96056024
  1645.30743358]
