[  2883.09233979   6899.76838609   3122.93014391   2590.98109572
   3068.43780239   2975.02235978  23011.33736287  28782.33581743
  20343.80750168  10328.15240273   3319.66597276   2588.16797219
   2860.60670611   2983.20413637   2731.1983075    2356.59504837
   2785.68605428   3254.28067662  19245.07216377  23854.73554162
  25783.60177774  33455.47652479  26502.84003527  24519.48605237
  22623.31246432  11087.72353464      0.           2462.95298783
      0.           2604.87584907   2714.27472128   2938.98591825
   2547.21968669   2582.700402     2520.60915021   3534.76626284
  15534.6398536   16421.65773637  20850.83369768  33742.16026062
 124324.42644923  44930.41248864  23659.72365979  17616.17515184
  20318.62296802      0.           2816.11997422   2706.14132434
   2357.87559972      0.           2747.79990384   2656.15102894
   2586.16461538   2186.24225218   2629.48953806   2934.43034
   2129.58658406   2624.49050852   6270.44938639  12654.21010902
  14883.77728388  21509.15776761  45751.11835045 167967.39254534
  42218.47080882  19736.16862408  14957.0963838   12497.5738501
  14770.46594764      0.           2274.95784106   2498.49717675
   2385.7383968       0.           2975.24921127   3200.76677116
   2852.59931027   3200.76677116   2787.31791135   2898.09846709
   2019.76691802   2658.73333773  11999.90805554   9966.29356806
  13784.26629262  16933.59923433  21705.07602793  38662.41395278
  35987.85482138  15089.89427097  10603.28176355  10595.36886672
  11414.3536895    6091.41901368   2234.28459849   3199.84202475
   5161.52861636  11856.73947707   9528.19201638   9036.49654601
   9253.04636457  11561.21266586   4387.04455941   3113.22209733
   5100.38513818   6142.37191216   7933.36629385   7502.81430167
   8588.11103936   9917.98168978  13466.85106914  18450.04454081
  25119.77895227  11556.11737601   8236.53603983   7581.79129432
   8692.56448125   5979.54543265   6035.56865657   7746.14442681
  14263.51280905  15380.24240578  14842.41945618   5527.62475973
   6547.247435     6633.14971167   6726.52175153   7903.00945377
   9004.79952412  18838.7427622   14412.90807283   7574.33987346
   5437.98760146   3748.18557353   5558.99730516   9161.14967453
   6425.4609832   10407.2996834    5627.14613377   6104.18793404
   5471.37738266   3368.49924271  11643.71414531   8849.61217232
   5013.80667629]
