[  2862.68106659   6910.14787972   3300.67897221   2705.15552557
   3132.01220083   2736.29400644  21132.64901705  25232.54899826
  18755.74497732  11164.53931585   3562.13644594   2807.481153
   2904.19690354   3025.43214013   2818.37870235   2423.34253818
   2829.27625171   3101.71498562  16787.67478386  17670.37628174
  21397.3381617   28813.12049887  30622.11369207  22149.26906731
  23593.19435706  12447.81762156      0.           2677.31564283
      0.           2974.46663356   2869.50285077   3106.04095284
   2761.58234169   2749.75543659   2628.52965928   3499.28554753
  13323.00859923  12282.24095011  15374.9766347   21749.67848555
  39927.63162981  59300.10218954  28609.28344565  21519.05383603
  19076.79793214      0.           2896.10444686   2997.75138084
   2561.16946768      0.           3002.75041038   2897.77079004
   2921.09959456   2589.49730174   2884.4400446    3149.38861023
   2251.2296362    2692.8105789    5642.23800753  10321.329657
  10324.66234336  10351.32383424  16603.44344565  65400.63712916
 230675.21909561  33366.85583659  21182.55450433  16043.55213717
  15656.96051941      0.           2625.10352616   2826.88239554
   2704.23249455      0.           3214.61434063   3487.60928156
   3345.17713846   3582.56404362   3169.11518381   3105.8120091
   2209.67644214   2771.49211768   9052.35398321   9028.6152927
   7004.89192626   8197.76112466  12502.37700479  24838.58317597
 198328.84635949  30322.22068503  22480.5399181   13594.3567685
  11809.99853142   7176.71575137   2868.64818461   3525.94057504
   5571.69944915  13334.37353308  10307.77136317   9856.8382116
  10300.1284284   13426.08875035   5001.02698614   3584.5364083
   6022.63260073   7270.97861357   7849.29401135   7645.48241742
   6002.25144133   7107.92933842   9614.8119438   15744.44563134
  23071.47243324  18852.57243882  13482.13693868  12626.12824416
   9061.97299526   6222.31273629   6031.83377497   8108.42794146
  15798.54914435  16911.54385949  16500.7068841    6491.22421108
   8078.54888871   8291.43713959   7865.66063783   8291.43713959
   7204.58659562  12411.01153822  17598.76207286  11805.96071993
   6248.45690745   4682.79808018   5948.41918293  10261.26647923
   7671.61099206  12130.49149253   7671.61099206   8382.30591899
   7194.5691918    3524.26799382   8372.57037205  15119.30440441
   5558.99730516]
