[  2256.7213934    5542.64959485   2860.84792992   2339.27837535
   2693.47859525   2130.39106618  12175.14602014  12969.17728232
  11277.31982172   9407.30948209   3177.99783112   2468.29492927
   2509.16073936   2630.39597595   2336.16214332   2750.26901887
   2445.13763689   2476.46809129  10382.64014951  13638.2830198
  16880.30395339  23854.73554162  25271.41695798  17583.19588689
  15954.01225808  10922.14686319      0.           2486.60679804
      0.           2498.43370314   2596.00567024   2927.15901315
   2618.18111731   2523.56587648   2329.90030541   3023.25261711
   8420.75643378  11705.67932631  12090.05374217  14487.95875193
  25416.01906767  36213.98342728  36509.65605487  28715.72559158
  16604.97476548      0.           2641.15394032   2764.46333564
   2359.5419429       0.           2626.1568517    2669.48177438
   2639.48759714   2281.22381344   2791.12482652   2881.10735824
   2129.58658406   2772.79505154   4315.82883623   9651.45969864
   8981.58974027   8581.66737707  11801.04240085  18996.31225215
  50896.78609033 178152.08206159  44471.3667882   31487.22072953
  18449.75168911      0.           2338.26101577   2573.66969671
   2482.67138307      0.           2864.46865553   3121.63780278
   3139.44182066   3329.35134479   3487.60928156   2929.75005444
   2274.95784106   2755.666324     6933.67585471   8613.18820868
   7418.34078607   6749.70100322   9772.42759551  18437.04963364
  38456.67863498 156295.53835352  36114.46117079  29222.32802448
  19489.46491316   7729.55469992   2356.57155485   3199.84202475
   4894.02589932  11897.50179585   9999.50632735   9426.28621941
  10259.36610961  13446.46990974   5062.17046432   3729.75216898
   7439.12317856   8891.28078534   8506.58640179   6251.9206439
   6412.42227412   6208.61068019   7316.8362222   14511.38548805
  26026.74054527  83970.37670049  22337.75069508  17950.70613567
  15499.87171862   6128.94069643   4683.54151939   7029.04716068
  15077.71699663  15865.77701305  15865.77701305   6760.13568588
  10689.2311232   12071.13731313  10450.19870116   8142.04187581
   5613.5270364   10461.40334594  30700.72670605  17665.98994156
   7062.66109503   4137.6074513    3524.26799382   8771.72779676
   6970.65161208  11887.10281892   9316.91842564   9239.03405009
   7983.14849428   3134.84611605   6717.52739153  22547.52672287
   5403.22855406]
