[ 1210.6436418   2432.69381796  1608.82151161  1379.1752152
  1711.31901114  1170.28790603  4364.5770686   4334.73602443
  4281.54111961  4725.44983976  1764.0408021   1196.00604189
  1215.07675326  1501.13742387  1261.39133803  1315.87908481
  1612.83730478  1522.93252259  3944.91286709  3376.87810688
  3092.17962994  3386.41346257  3905.40925067  5095.96651788
  7219.62644875  7175.97467162     0.          1141.2963425
     0.          1332.00518729  1404.44498105  1354.18063436
  1309.82974023  1559.67311054  1747.42522906  2950.81282335
  3735.82364961  2986.29353866  2547.21968669  2511.73897138
  2653.66183262  3249.44217722  4415.87069306  6102.68303347
  8287.70375136     0.          1448.05222343  1369.73409397
  1191.43537371     0.          1351.40431899  1409.72633029
  1526.37035289  1369.73409397  1609.68751189  1956.28689334
  2051.2684546   3229.37308287  3164.38569885  3231.03942605
  2506.18014274  2119.58852498  2157.91441812  2227.90083168
  2671.14811756  3594.30223929  5708.89173473  7135.28149682
 10134.69922084     0.          1349.14891096  1289.80218467
  1143.41359316     0.          1620.16562768  1768.5324434
  1816.00982443  2037.57093591  2134.50392218  2579.60436934
  3262.09172166  4187.90065176  5424.29078277  4187.90065176
  2929.75005444  2274.95784106  1956.46374331  1992.07177909
  2514.32297042  3693.34459936  6526.16166753  9582.51807139
 11046.40398651  9594.43078441  1210.13133898  1538.7775342
  2086.52119289  3439.32064762  2950.17282218  3505.55941565
  4341.18695078  5268.52970317  3174.36557551  3953.9449223
  8786.82734345 10817.30034801 10557.44056574  6048.10904997
  3622.75108216  2537.45434447  1847.04257002  1826.66141063
  2290.33278682  3174.36557551  7006.02354145  7826.36520704
 11235.11411557  3185.85400003  2039.24535055  1710.57577024
  3510.78869875  4896.42977027  6640.61947486  4657.39734823
 14356.88484891 15380.24240578 21863.99685368  8474.44633772
  2547.18924739  1684.43159908  2248.39871983  4149.45345139
  3126.09589452  1635.57188663  1022.23242915  1168.26563331
  1168.26563331  2102.87813996  7583.99106957  7048.53598763
  8070.76841678  3125.1105691   1401.91875997  1878.96056024
  1723.19180913]
