[ 1034.59641043  2097.95514861  1034.05705222   940.64160961
  1198.83151349  1377.87777849  9772.29324634  9857.92406874
  6204.34231333  2981.8419427   1115.63661538   866.35517385
   864.99298018   897.68562825   877.25272321   886.78807889
  1304.98153545  2157.71477261 10690.49591883 14074.18499406
 13153.34207343 11355.24642959  8990.4782192   7453.92375992
  6573.94664937  3117.86785794     0.           783.53246311
     0.           807.18627332   821.9699047    949.10913457
   855.97225687   904.75824043  1234.43322019  2473.30152979
 13441.27765026 51399.72958032 20419.1516614  14470.21839428
 10206.61910442  8660.25126212  8015.68493398  7208.49866066
  6419.05274499     0.           856.50039453   839.83696273
   774.84957871     0.           829.83890365   778.18226507
   788.18032415   671.53630155   844.83599227  1043.13083069
  1109.78455789  1792.98526169  7448.55401466 45591.14940516
 28314.50331479 16410.14763677 13274.08977199  8934.93213123
  7685.17474622  6717.02935863  6945.3183743   6167.13610923
  5465.60563044     0.           761.6163207    801.1808049
   809.09370173     0.           811.07192594   811.07192594
   718.09538809   908.00491221   844.70173751   923.83070589
  1000.98145007  1543.0148835  12886.15250145 19196.68773014
 15663.57929176 13847.56946733  9321.39247572  6860.48155896
  6219.53691504  5301.64088178  5428.24723119  5390.66097121
  4949.51697246  2234.28459849   799.96050619   983.39094073
  1408.84764306  2945.07753234  2417.71503303  2295.42807667
  2354.02390993  2560.38314879  1143.89257095  1003.77210012
  1676.3503601   2188.42698986  6348.73115102 11805.78657858
 11596.8796948   9711.62245092  6746.16375919  5597.17589839
  5367.88785522  4221.44763934  4527.16503024  4733.5242691
  4529.71267517  2853.44953813  2367.91493086  2491.16602347
  3331.51438221  3634.03979136  3245.61210554  1411.78524269
  2184.90573273  2431.40791796  3301.63532946  3697.53277847
  5311.00162725  4448.24397894  3660.18396252  3454.76547483
  2614.41711609  1713.45626219  1479.80313552  2190.49806245
  1878.96056024  2258.64689106  1401.91875997  1956.84493579
  1869.22501329  1178.00118025  1713.45626219  2579.91994022
  2112.6136869 ]
