[  2113.84248099   5615.30605021   2694.77603195   2235.48343912
   2629.90419681   2025.29869325  11941.60741361  14764.82967915
  11339.59678346   9889.52604112   3101.71498562   2381.11453442
   2389.28769644   2521.42048239   2236.72200544   2060.99902207
   2390.64989011   2356.59504837   9813.24319563  13681.87321722
  16046.64142761  19027.12117664  21974.9082776   25609.24098803
  17403.38632251  12019.09231155      0.           2437.82081448
      0.           2403.81846231   2488.08516117   2594.52730711
   2523.56587648   2452.60444586   2247.11196969   3236.13690898
   8518.32840088  11634.71789568   9213.15907572   9804.5043309
  15895.36045926  23979.05009759  27462.0736506   29318.89775187
  19266.02841379      0.           2667.8154312    2819.45266058
   2332.88045202      0.           2506.18014274   2482.85133822
   2666.14908802   2214.57008624   2737.80184476   2827.78437648
   2102.92509318   2934.43034      4890.71723334   9224.87584455
   8608.32886795   6235.45617961   7831.81294606  10704.58858841
  19549.53818792  70759.59679609  44791.30467876  24415.26027356
  18183.13678031      0.           2401.56419048   2524.21409147
   2369.91260312      0.           2753.68809979   2947.55407233
   2931.72827865   3297.69975743   3105.8120091    2850.62108606
   2354.08680945   2787.31791135   8367.88840669   6270.97074449
   5351.09648702   5841.696091     7432.18835554  13535.01004221
  17946.45002966 137874.31451356  44328.04808913  19354.94566691
  14773.37839743   8776.63676375   2417.71503303   3118.31738718
   4812.50126175  10669.5369424    9877.21937099   9385.52390063
  10096.31683447  13196.80070718   5166.62390621   3974.3260817
   8993.1865823   10858.06266679  10124.34092863   6335.9929264
   4957.71702243   5263.43441333   5681.24818089  10516.67824695
  18317.56700475  41557.18400298  31560.22532056  15744.44563134
  13446.46990974   6491.22421108   4470.65326851   7118.68431895
  15047.83794388  15708.91198609  15626.74459101   7088.80526619
  12463.29988055  13845.20607048  12101.01636589   8560.34861439
   6367.97311847   7182.17730605  22103.02927572  24456.0046802
   7932.88850653   4449.14495352   3056.96174049   8460.19029455
   6659.11410986  11809.21844337  10640.95281006  10339.15085479
   9229.29850314   3446.38361826   5383.75746017  88827.13031928
   6425.4609832 ]
