[2.02071605e+03 5.91890624e+03 2.36003736e+03 1.94226274e+03
 2.22380651e+03 1.98378072e+03 1.78734880e+04 1.74167903e+04
 1.52474761e+04 1.02409720e+04 2.55275094e+03 1.97518082e+03
 2.00651128e+03 2.09369167e+03 1.91933088e+03 1.76404080e+03
 2.03920392e+03 2.36613040e+03 1.44392529e+04 1.34584735e+04
 1.46408576e+04 2.17024695e+04 2.13646455e+04 1.88146190e+04
 1.89344920e+04 1.14218336e+04 0.00000000e+00 1.89230482e+03
 0.00000000e+00 1.99726860e+03 2.91828883e+03 2.18945581e+03
 1.92778553e+03 1.96474461e+03 1.87752119e+03 2.70096945e+03
 1.09664978e+04 1.11084206e+04 1.62797349e+04 2.12706888e+04
 2.47418855e+04 3.77396542e+04 2.03304499e+04 1.34708449e+04
 1.59840622e+04 0.00000000e+00 2.07792995e+03 2.13625196e+03
 1.84964093e+03 0.00000000e+00 2.06293286e+03 2.05293480e+03
 2.08959435e+03 1.62468460e+03 2.07959629e+03 2.26456038e+03
 1.68800564e+03 2.04793577e+03 4.12753206e+03 7.58852684e+03
 1.21443091e+04 1.86363821e+04 2.15624807e+04 4.14186261e+04
 5.37666290e+06 4.15252720e+04 1.44771895e+04 1.08912190e+04
 1.39906173e+04 0.00000000e+00 1.84568319e+03 1.97426776e+03
 1.94063795e+03 0.00000000e+00 2.22748046e+03 2.35804326e+03
 2.37386905e+03 2.57960437e+03 2.26111027e+03 2.21363289e+03
 1.65379544e+03 2.13450392e+03 6.99895725e+03 6.12853860e+03
 6.68639783e+03 1.61067015e+04 2.23143691e+04 2.29315750e+04
 6.72279715e+04 2.67535042e+04 1.30246282e+04 9.00487660e+03
 1.02828094e+04 6.12963369e+03 1.98716304e+03 2.50178732e+03
 3.89025380e+03 9.01102010e+03 7.15123930e+03 6.80475959e+03
 7.20983514e+03 9.17916466e+03 3.54632173e+03 2.62152663e+03
 4.46602155e+03 5.30419673e+03 6.04810905e+03 5.32967318e+03
 7.62510126e+03 1.07153946e+04 1.16682138e+04 1.93926732e+04
 2.26230869e+04 2.03709688e+04 1.13064482e+04 7.25314510e+03
 8.83523260e+03 4.56776019e+03 4.17186274e+03 5.82641529e+03
 1.08348915e+04 1.15034353e+04 1.12382587e+04 4.53788114e+03
 5.85255946e+03 6.06544771e+03 5.79280135e+03 6.06918259e+03
 8.76576710e+03 9.58744105e+03 1.33297924e+04 8.56408350e+03
 4.38475099e+03 3.43664807e+03 3.83580550e+03 7.04853599e+03
 5.24745980e+03 8.59648795e+03 5.87053481e+03 6.19180786e+03
 5.78291488e+03 2.57991994e+03 6.01656801e+03 1.33863770e+04
 4.06945862e+03]
