[ 10.2056366   20.75898725   0.           0.           0.
   0.          84.33338569  83.03594899  51.89746812  10.89754936
   0.           0.           0.           0.           0.
   0.           0.          10.89754936 163.46324035 130.77059228
  87.18039485  54.48774678  65.38529614  65.38529614  54.48774678
  11.8269051    0.           0.           0.           0.
   0.           0.           0.           0.           0.
   0.         177.40357655 141.92286124  94.61524083  59.13452552
  47.30762041  23.65381021  47.30762041  23.65381021  47.30762041
   0.           0.           4.99902954   0.           0.
   0.           0.           0.           0.           0.
   0.           0.           0.          79.98447264 159.96894528
  93.31521808  53.32298176  39.99223632  26.66149088  13.33074544
  13.33074544  39.99223632  13.33074544  39.99223632   0.
   0.           1.97822421   0.           0.           0.
   0.           0.           0.           0.           0.
   0.           0.         221.56111148 110.78055574  63.30317471
  31.65158735  31.65158735   0.          15.82579368  31.65158735
   0.          31.65158735  15.82579368   0.           0.
   0.           0.           0.           0.           0.
   0.           0.           0.           0.           0.
   0.          40.76231879  81.52463757  40.76231879  20.38115939
   0.           0.           0.          20.38115939  20.38115939
  20.38115939   0.           0.           0.           0.
   0.           0.           0.           0.           0.
   0.           0.           0.           0.           0.
   0.           0.           0.           0.           0.
   0.           0.           0.           0.           0.
   0.           0.           0.           0.           0.        ]
