[ 112.26200261  280.24632783   83.03594899   62.27696174   72.65645536
  103.79493623  856.30822392  835.54923668  720.07737012  438.6263616
  108.97549357   54.48774678   54.48774678   65.38529614   54.48774678
   65.38529614   65.38529614  152.56569099  885.42588522  852.73323715
  787.34794102  785.98574735  788.71013468  929.01608265 1104.73906603
  582.47507635  582.47507635   47.30762041   47.30762041   47.30762041
   47.30762041   47.30762041   35.48071531   47.30762041   59.13452552
  155.22812948  820.49154156  853.0155306   724.3979376   653.43650697
  629.78269677  678.56868032  759.87865291  925.45532436 1210.77940998
 1364.73506443   93.31521808   93.31521808   39.99223632   39.99223632
   53.32298176   39.99223632   53.32298176   39.99223632   39.99223632
   66.6537272    79.98447264  146.63819984  453.24534496  908.15703311
  694.86510607  574.8883971   586.55279936  483.2395222   523.23175852
  706.52950833  829.83890365 1029.80008525 1366.40140761 1622.14385189
   79.12896838   79.12896838   63.30317471   63.30317471   47.47738103
   31.65158735   47.47738103   31.65158735   47.47738103   63.30317471
   79.12896838  142.43214309  824.91949541  731.94295756  589.51081447
  538.07698502  474.77381031  429.27465349  585.55436605  636.9881955
  892.17911854 1271.99816678 1495.53750247  677.67354983   81.52463757
   81.52463757   61.14347818  163.04927515  122.28695636  142.66811575
  142.66811575  142.66811575   81.52463757  101.90579697  142.66811575
  224.19275333  529.91014423  593.60126733  509.52898483  407.62318787
  308.26503582  349.02735461  529.91014423  611.4347818  1123.51141156
 1268.72717223 1291.65597655  179.27431653   89.63715827   89.63715827
  179.27431653  209.15336929  179.27431653   89.63715827  209.15336929
  298.79052755  358.54863306  328.66958031  268.9114748   268.9114748
  478.06484408  571.43688394  268.9114748    77.88437555    0.
   77.88437555    0.          155.76875111    0.           77.88437555
   77.88437555   77.88437555  155.76875111  233.65312666    0.        ]
