[  1845.94452021   4914.69023064   2286.08347053   1859.22679527
   2170.61160397   1743.75492872  10794.67336824  11422.63273245
  10086.27292845   8243.99608827   2563.64848614   1973.81862722
   1983.3539829    2081.43192711   1852.58339062   1808.9931932
   1962.92107786   2059.6368284    9137.59513552  12036.34326437
  15561.70048124  19206.93074102  23473.32131414  16842.16253064
  14591.8185885    9520.65860841      0.           1985.44169427
      0.           1973.61478917   2035.70604096   2306.24649521
   2071.18675627   1964.74461034   1853.86737499   2533.91441845
   7873.76207273  10780.22400195  10854.14215885  14754.06411676
  23127.51293012  32121.87426143  31317.64471438  30903.70303575
  16415.74428382      0.           2131.25292724   2206.23837034
   1862.97167525      0.           2062.93285686   2052.93479778
   2062.93285686   1784.65354579   2186.24225218   2264.56038164
   1701.33638679   2249.56329302   3885.91229579   9624.79820776
   7961.7877141    8261.72948651  12044.32850514  15510.32231956
  33846.76267243 141839.13148274  41951.85590002  29500.93965896
  17323.30369942      0.           1907.00813807   2027.67981486
   1940.63794964      0.           2211.65466635   2358.04325787
   2405.5206389    2611.2559567    2690.38492508   2261.11027159
   1827.87916969   2213.63289056   6409.44643916   8660.66558971
   5891.15169624   7129.52005146  10472.71896572  13182.8861329
  24442.93833404 148256.03516563  30765.34290798  26349.94647212
  18025.57899804   6702.85379548   1905.63840328   2501.78731553
   3788.34800223   9031.40125617   7704.07825068   7235.31158463
   7920.62806923  10307.77136317   3913.18260352   2929.79166279
   5920.72680376   7166.52517168   7273.52625849   6949.97535312
   5225.21973946   5306.74437704   7339.76502652  12814.65396855
  19300.95794548  44084.44776776  22296.98837629  15953.35251512
  13446.46990974   4930.04370462   3809.5792263    5497.74570697
  11619.21664021  12164.50935299  12198.12328734   5228.83423217
   8586.49278555   9494.06901299   8466.97657453   6491.22421108
   6726.52175153   9497.80389458  21677.25277395  15469.87956405
   5740.51301061   3280.87932021   2813.57306689   6581.22973431
   5325.3441785    8995.64537648   7428.22231846   7204.30473874
   6337.8410607    2735.68869133   4916.45120684  20746.45053818
   4380.99612491]
