[  2934.1205228    6850.46579138   3174.82761203   2622.11957659
   3100.87371996   2976.31979648  22928.30141389  28408.67404699
  20094.69965472  10371.74260015   3342.82326514   2611.32526458
   2893.29935418   3069.02233756   2785.68605428   2400.18524579
   2818.37870235   3297.87087404  19157.89176892  23680.37475191
  25957.96256744  32845.21376082  26764.38121983  24214.35467039
  22797.67325403  11114.33407112      0.           2498.43370314
      0.           2652.18346949   2761.58234169   2998.12044377
   2630.00802242   2607.83257535   2556.08986552   3570.24697815
  15540.55330615  16705.50345886  21371.21752224  33269.08405648
 122999.81307763  46302.33348066  22660.35017853  17663.48277225
  20365.93058843      0.           2817.7863174    2732.80281522
   2359.5419429       0.           2814.45363104   2709.4740107
   2639.48759714   2227.90083168   2682.81251982   2949.42742862
   2156.24807494   2639.48759714   6028.82962529  13004.14217682
  15283.69964708  24568.56384612  43124.96149875 169087.17516231
  44591.34349716  19302.91939727  14903.77340204  12440.91818198
  14903.77340204      0.           2322.43522209   2534.10521252
   2433.21577783      0.           2977.22743548   3264.06994587
   2915.90248498   3248.24415219   2834.79529238   2945.57584812
   2035.5927117    2722.03651243  11984.08226187   9966.29356806
  12257.07720279  15722.92601805  21800.03078999  39358.74887457
  37190.61514082  14994.93950891  10793.19128768  10247.20140582
  11635.91480097   6152.56249186   2254.66575789   3260.98550293
   5263.43441333  12065.64636085   9670.86013213   9179.16466177
   9377.88096585  11805.78657858   4509.33151577   3115.76974225
   5181.90977575   6285.04002792   8012.3432865    7910.43748953
   7971.58096771   9938.36284917  12957.3220843   20544.20866847
  24223.00793896  11759.92896995   8379.20415558   7642.9347725
   8712.94564065   6009.42448541   6125.20581483   7809.63741391
  14506.28011269  15656.62364377  15085.18675982   5647.14097075
   6666.76364602   6696.64269878   6846.03796255   7992.64661204
   8915.16236586  18958.25897322  14566.0382182    7783.49324275
   5527.62475973   3826.06994909   5636.88168072   9316.91842564
   6659.11410986  10640.95281006   5636.88168072   6182.07230959
   5627.14613377   3446.38361826  11731.33406781   9005.38092343
   5091.69105184]
