[ 1764.2994274   4821.27478803  1795.65239683  1534.86761955
  1846.25242825  2097.95514861 22554.63964345 22648.05508606
 13950.03942972  7235.97277279  1927.50404245  1480.70451883
  1532.46787827  1533.83007194  1437.1143214   1337.67418352
  1732.7103477   2344.33530534 18672.95082255 23985.5061339
 26786.17631855 31265.06910411 24693.84684208 18024.54663583
 15300.15929668  7684.53159108     0.          1391.13971281
     0.          1426.62042812  1416.27188616  1651.33162509
  1345.31045554  1428.09879126  1531.58421092  2391.99155721
 14895.98697801 18272.56838509 28266.30319765 84822.56340315
 64409.3251943  26551.40195762 18609.63518054 13281.61443136
 12749.4037017      0.          1474.71371431  1511.37326427
  1324.74282811     0.          1446.38588025  1409.72633029
  1406.39364393  1128.11433287  1421.39073255  1633.01631641
  1338.07357355  1752.99302537  6002.16813441 15743.61036477
 21129.23152257 30740.69898489 60281.63088016 39125.73786671
 23655.40778347 19762.83011496  9434.83508524  9844.75550752
 11097.84557889     0.          1256.17237311  1388.71339515
  1319.47554782     0.          1541.03665929  1513.34152036
  1370.90937727  1655.77366345  1481.689933    1529.16731403
  1270.01994257  1671.59945713 11196.74902644 13910.87264204
 18183.83693481 21610.12126587 26674.37524249 22797.05579164
 19703.1131278  14547.86083753  8597.362415    6316.46990131
  8644.83979603  4162.85180609  1312.03713595  1701.82680934
  2618.97898204  5755.12988369  4404.87807388  4488.95035638
  4646.90434168  5411.19781893  2068.68767842  1638.13568624
  2743.81358333  3375.62952452  6048.10904997 10537.05940635
 12381.55433144 14470.62316926 14638.76773425 13364.94527217
 16141.87823951  9380.42861078  8501.49111194  4672.38079092
  6743.61611427  3876.807095    3600.42585701  4414.63004459
  6995.43322633  7540.72593911  7212.05635881  2733.93332711
  3686.32813368  3783.43505514  4171.86274096  4926.30882303
  9553.8271185   9079.49715601  8317.58131075  5169.07612666
  3514.52358034  2336.53126662  2579.91994022  4380.99612491
  3446.38361826  4916.45120684  2891.45744244  3134.84611605
  3125.1105691   2579.91994022  4293.37620241  5169.57542739
  3047.22619355]
