[  839.41361044  1752.83698564   804.41075581   752.51328769
   979.5647107   1106.71350759  6243.26541442  5441.44953202
  3957.18194389  2412.44498882   896.32343458   647.04199305
   698.80535249   700.16754616   701.52973983   756.01748661
  1172.84874951  1960.19669052  8519.15920953 10913.89568064
 10039.36734478  8178.61079214  6903.59751741  5489.64048839
  5136.83232797  2486.60679804     0.           617.95579166
     0.           651.95814384   666.74177522   817.53481529
   702.22249053   785.01082625  1198.95250488  2736.45016835
 19839.63331132 30087.6465836  15995.88915264  9946.42719214
  7634.26724439  6614.1966792   6395.39893478  5128.44172556
  4850.50945562     0.           683.20070381   683.20070381
   641.54212431     0.           668.20361519   656.53921293
   641.54212431   576.55474028   698.19779243   896.49263085
  1109.78455789  2074.59725912 12487.57579102 64814.0843298
 21609.13835841 11501.10062845  9898.07848928  7311.9138739
  5310.6357147   4570.77934278  4677.4253063   4599.10717684
  4624.10232454     0.           635.00997129   672.59623127
   650.83576496     0.           698.313146     652.81398917
   605.33660814   763.59454491   731.94295756   842.7235133
   985.15565639  1655.77366345 16130.44020523 33044.25719746
 13309.49248231 10441.06737837  7335.25536926  6415.38111179
  4963.36454193  4358.02793379  3869.40655401  4563.76325159
  3819.95094877  1864.87608449   695.5070643    799.96050619
  1143.89257095  2392.23858379  2007.54420024  1864.87608449
  1923.47191774  2007.54420024   998.67681027   919.69981762
  1492.91992556  2066.1400335   7642.9347725  13222.27715642
  8134.63024286  6060.84727459  4962.81231227  4820.14419652
  4262.20995813  4119.54184238  3625.29872709  4078.77952359
  3383.27245929  2465.02185231  2039.24535055  1983.22212663
  2700.31939276  2883.32859088  2584.53806333  1142.87376789
  1826.35709967  2218.51966708  3088.74707858  2853.44953813
  4112.10463545  3398.74225091  3331.51438221  2976.70063074
  2401.52886521  1479.80313552  1246.15000886  1723.19180913
  1489.53868247  1791.34063774  1168.26563331  1801.07618469
  1635.57188663  1012.4968822   1401.91875997  2112.6136869
  1723.19180913]
