[  1219.57357382   3746.99719801   1242.94436139   1065.19553309
   1283.16489918   1492.05220835  13446.63398899  16373.65119077
  11443.3917197    5723.93779956   1369.00463792    998.4879598
    975.33066742   1050.25131924    942.63801935    920.84292063
   1227.33649629   1840.3236476   18149.86845343  23680.37475191
  26611.81552884  23767.55514676  17545.05446414  13463.92223009
  12537.63053478   5876.49347336      0.            950.5874977
      0.            938.7605926     940.23895574   1045.20273853
    904.75824043    963.89276594   1102.85890091   1902.65335854
  14038.53635799  19987.46962511  35835.52246396 129670.18755607
  23559.19496641  17225.88728342  15132.52508008  10803.87781215
  11132.07442878      0.           1018.13568299   1008.13762391
    883.16188541      0.            924.82046491    899.82531721
    909.82337629    751.52077419    913.15606265   1109.78455789
    949.81561261   1338.07357355   5089.01207176  14103.92867563
  19249.59641551  29980.8464948   33100.24092778  20396.04052336
  13897.30212131  13354.07424463  10934.54394725   9064.90689927
   9404.840908        0.            904.0484638     911.96136063
    919.87425747      0.            999.00322586    955.48229325
    844.70173751   1066.26284898    987.1338806    1018.78546795
    935.70005115   1258.15059732   9289.74088837  12731.8510131
  17891.05975179  18239.22721268  14001.87095568  18342.09487158
  13942.52422939  10160.1595406    9392.60854727   6935.65407892
   7465.8181671    3362.8912999     901.86630315   1108.22554201
   1635.58804131   3357.79601005   2766.74238764   2664.83659068
   2761.6470978    3054.62626407   1268.72717223   1105.67789709
   1943.85307714   2433.00090258   5202.29093515   9653.02661766
  11270.78114451  12376.4590416   10106.50741416  10455.53476877
   8605.94455383   7602.17245371   8975.35306783   6985.64238206
   6333.44528147   2674.1752216    2218.51966708   2763.81237986
   4052.34652993   4265.23478082   4085.96046428   1710.57577024
   2640.56128725   2879.59370929   3211.99817119   3424.88642207
   7533.25617592   5923.52220873   4982.33204694   5109.31802115
   2465.02185231   1635.57188663   1489.53868247   2424.15118912
   2034.72931135   2725.95314439   1723.19180913   1956.84493579
   2034.72931135   1567.42305802   2258.64689106   3602.15236937
   1956.84493579]
