[  1487.4715346    2003.2422693    1211.80588052   1242.94436139
   1742.45749201   2275.70397691   7787.21509089   6837.49142435
   4457.99251121   2521.42048239   1225.97430262    931.74046999
    984.8660231     984.8660231    1052.97570658   1422.13019104
   2554.11313046   5158.62742668  14597.26736318  17664.92750706
  11131.84666778   8701.69316125   5988.20337146   6489.49064186
   4523.84517666   2606.35421221      0.            938.7605926
      0.            891.45297219    963.89276594   1330.52682416
   1320.17828219   1666.11525647   3874.78978457  14724.496854
  46113.10299901  29898.41610195  16208.77344451   8541.98221109
   5432.98453197   5137.31190438   5577.86411949   5636.99864501
   4006.36410385      0.           1071.45866475    931.48583763
   1003.13859437      0.            976.47710349   1059.79426249
   1003.13859437   1099.78649881   1234.76029639   1914.62831384
   3830.92297085  10531.28889768 157995.99495614  56335.73022989
  17316.6383267   12654.21010902   6168.80245241   3970.89579797
   3820.92491177   4074.20907513   4167.52429321   4570.77934278
   3444.33135309      0.           1143.41359316   1054.39350373
   1000.98145007      0.           1066.26284898   1129.56602369
   1113.74023002   1273.97639099   1368.93115306   1814.03160022
   3038.55238597   6270.97074449  29277.71830235  24514.15440559
  14674.46718695   9851.5565639    4549.91568212   3343.19891425
   2846.66463764   2975.24921127   3677.51880568   4310.55055276
   3374.85050161   2438.09619243   1332.41829534   1312.03713595
   1676.3503601    3500.4641258    3197.29437983   3013.86394529
   3090.29329301   2973.1016265    1839.39963525   1943.85307714
   3171.81793059   5324.57789151  12743.31991067  15372.48947241
  10638.96520331   5449.41249279   3546.32173444   2685.21775007
   2313.26159114   2150.212316     2743.81358333   3360.34365497
   3505.55941565   5139.19707391   4201.74179371   3215.73305279
   3873.0722134    4265.23478082   3757.29088398   2042.98023214
   3088.74707858   4653.66246663   7058.92621343   4657.39734823
   3600.42585701   2311.89170694   1975.75236344   3637.77467296
   5139.19707391   3037.4906466    2112.6136869    2745.42423828
   2657.80431578   2881.7218955    1723.19180913   4702.26917407
   3592.41682243   1567.42305802   2258.64689106   3202.99494466
   3757.92112048]
