[  1384.13946402   2797.27353148   1441.45217694   1294.84182951
   1543.94967647   1785.27290321  12361.97690536  13576.37765929
   7810.56895154   4000.76280755   1477.98013149   1174.21094317
   1412.59483535   1204.17920391   1140.15610144   1138.79390777
   1546.08981497   2420.61815084  19593.79374318  18454.99983542
  17272.61573023  17185.43533537  14564.57471511  10919.34445532
   7780.85024062   4210.37821689      0.           1057.02964364
      0.           1093.98872208   1083.64018012   1258.0870304
   1093.98872208   1178.25542095   1401.48825478   2616.70275418
  20082.08486594  31648.79805728 175984.34794183  26421.30600148
  18036.03028302  15179.83270049  12465.55797921   9760.15343676
   8083.68963832      0.           1111.45090107   1153.10948057
   1018.13568299      0.           1109.78455789   1059.79426249
   1056.46157613    898.15897403   1086.45575337   1351.40431899
   1218.09686459   1832.97749801   7368.56954202  22415.64845754
  43124.96149875  35619.75181597  21029.25093177  15483.66082868
  12284.28192306  10347.99114788   9488.158067     8341.71395915
   7045.2989651       0.            969.32986271   1054.39350373
   1048.4588311       0.           1082.08864266   1068.24107319
   1002.95967428   1226.49900996   1147.37004158   1179.02162893
   1190.89097419   1655.77366345  11260.05220115  19616.07126258
  20826.74447886  19070.08138072  17637.84705296  12609.20111211
   9578.56162297   8280.84654146   7560.77292916   7095.8902399
   5697.2857237    2993.48278589   1044.53441891   1291.65597655
   1882.70959896   3992.15959617   3299.20017679   3115.76974225
   3212.58024937   3464.79709686   1492.91992556   1289.10833163
   2147.66467107   2680.12246022   5981.87028194  11296.25759375
  11337.01991254  11683.49962222  11418.54455011   8875.99491579
   7826.36520704   6453.18459291   6369.11231041   6575.47154927
   5288.91086257   3365.12831656   2849.71465653   3275.4911583
   4862.81583592   5105.58313956   4926.30882303   1923.46402112
   2786.22166943   2972.96574915   3899.21638456   4866.55071752
   7746.14442681   6823.62867299   5404.37366711   4747.03450649
   3066.33778901   2102.87813996   1878.96056024   2979.07736494
   2657.80431578   3193.25939771   2034.72931135   2502.03556467
   2745.42423828   2346.26681356   2570.18439328   3524.26799382
   2657.80431578]
