[  2728.7320862    6640.28104551   3080.11473272   2527.40669728
   2933.50438529   2641.58112713  21008.09509357  24402.1895084
  19632.81218849  10480.71809372   3297.87087404   2555.47532412
   2695.78127209   2980.47974903   2675.34836705   2278.9500092
   2642.65571898   2991.37729839  16918.44537614  16793.12355853
  19114.30157149  23375.24336993  25489.36794511  27766.95576064
  22710.49285917  11563.75646506      0.           2449.64771959
      0.           2890.1999347    2655.14019576   2879.85139273
   2559.0465918    2523.56587648   2437.82081448   3212.48309877
  13778.34444571  12991.85525632  15877.62010161  22985.59006888
  57431.45118317  59725.87077327  25416.01906767  20283.1422527
  19313.33603421      0.           2656.15102894   2704.47498116
   2344.54485428      0.           2947.76108544   2629.48953806
   2586.16461538   2199.57299762   2602.82804718   2867.7766128
   2036.27136598   2466.18790642   5573.91793714  10001.39176644
  10854.55947461  16896.71984534  24621.88682788 107552.45421078
 113631.27413147  26121.59568989  18449.75168911  16736.75090005
  14343.88209355      0.           2577.62614513   2494.54072833
   2433.21577783      0.           2894.14201867   3264.06994587
   3107.79023331   3232.41835852   2803.14370503   2787.31791135
   1986.13710646   2500.47540096   8957.39922115   7784.31226485
   8071.15477524  13174.97323606  16170.00468942  25914.737146
  99797.45492682  15536.97294234  10983.1008118   11295.66023692
  11078.05557386   6458.27988276   2438.09619243   3118.31738718
   5141.14745697  12249.07679539   9467.0485382    9036.49654601
   9337.11864707  12111.50396948   4529.71267517   3156.53206104
   5263.43441333   6287.58767284   7398.36085978   6193.32481065
   6455.73223783   8483.65759747  11520.45034708  15127.91555969
  20325.11120499  12498.74599796   8562.63459012   8070.93911976
   9489.97734252   5650.87585234   5703.16419466   7566.87011027
  14532.42428385  15440.00051129  15085.18675982   5677.0200235
   6995.43322633   7148.5633717    6905.79606806   7660.24215013
  10360.56154289  12377.39760387  14894.70779851   8530.46956163
   5348.35044319   4059.72307575   5403.22855406   9239.03405009
   6269.69223209  10640.95281006   6182.07230959   6503.34535875
   5870.53480738   3056.96174049   7895.52857178  11351.64773699
   4780.15354962]
