[ 61.23381961 145.31291073  41.51797449  31.13848087  31.13848087
  51.89746812 480.05158008 480.05158008 386.63613747 208.41563145
  54.48774678  21.79509871  32.69264807  32.69264807  21.79509871
  32.69264807  32.69264807  87.18039485 491.75191472 523.08236912
 459.05926665 468.59462233 460.42146032 557.13721086 622.522507
 297.15099073 297.15099073  11.8269051   11.8269051   11.8269051
  23.65381021  23.65381021  11.8269051   23.65381021  23.65381021
  94.61524083 440.55221511 532.21072966 449.42239394 369.59078449
 437.59548883 428.72531001 533.6890928  626.82597049 711.09266936
 801.51106959  53.32298176  53.32298176  13.33074544  13.33074544
  26.66149088  13.33074544  26.66149088  13.33074544  13.33074544
  39.99223632  39.99223632  79.98447264 253.28416336 519.89907216
 439.91459952 373.26087232 439.91459952 536.56250396 441.5809427
 519.89907216 548.22690622 614.88063342 803.17741277 953.50406904
  47.47738103  47.47738103  31.65158735  31.65158735  15.82579368
  15.82579368  15.82579368   0.          15.82579368  31.65158735
  47.47738103  63.30317471 474.77381031 429.27465349 350.1456851
 348.16746089 443.12222295 365.97147878 411.4706356  413.44885981
 413.44885981 555.8810029  779.42033859 308.26503582  20.38115939
  40.76231879  40.76231879 101.90579697  61.14347818  61.14347818
  81.52463757  61.14347818  40.76231879  40.76231879  61.14347818
 101.90579697 264.95507211 328.64619522 305.7173909  305.7173909
 285.33623151 285.33623151 305.7173909  305.7173909  366.86086908
 529.91014423 736.26938308  89.63715827  29.87905276  29.87905276
  89.63715827 119.51621102  59.75810551  29.87905276  89.63715827
 149.39526378 179.27431653 179.27431653 179.27431653 179.27431653
 209.15336929 209.15336929 119.51621102   0.           0.
  77.88437555   0.          77.88437555   0.           0.
   0.           0.          77.88437555 155.76875111   0.        ]
