[1.40455074e+03 1.98378072e+03 9.82159584e+02 8.97826198e+02
 1.28316490e+03 1.99286278e+03 7.96626136e+03 6.86084529e+03
 4.05059739e+03 2.44513764e+03 1.06251106e+03 7.24687032e+02
 7.76450392e+02 8.41835688e+02 8.88150273e+02 1.22597430e+03
 2.07189657e+03 4.14106876e+03 1.50767595e+04 1.26030158e+04
 8.41563249e+03 7.10247779e+03 6.73196112e+03 5.13819452e+03
 4.14924192e+03 2.91681047e+03 0.00000000e+00 7.71705558e+02
 0.00000000e+00 7.36224843e+02 7.85010826e+02 9.62414403e+02
 1.16642852e+03 1.51088713e+03 3.88661669e+03 1.07270029e+04
 4.11694567e+04 1.98928544e+04 1.16140208e+04 6.68811484e+03
 5.46994361e+03 4.78102639e+03 4.76772112e+03 4.12906824e+03
 3.72104002e+03 0.00000000e+00 1.00480494e+03 7.44855401e+02
 7.34857342e+02 0.00000000e+00 7.88180324e+02 8.04843756e+02
 9.49815613e+02 9.26486808e+02 1.09978650e+03 1.79298526e+03
 3.72427701e+03 1.20843207e+04 4.25048152e+06 3.81925857e+04
 1.13944547e+04 7.60185759e+03 6.27544842e+03 3.21937502e+03
 3.52764851e+03 4.82572985e+03 2.96109183e+03 3.24270383e+03
 3.39100837e+03 0.00000000e+00 9.85155656e+02 8.05137253e+02
 7.93267908e+02 0.00000000e+00 9.35700051e+02 9.71308087e+02
 9.39656500e+02 1.13154425e+03 1.33925779e+03 1.73490263e+03
 3.05239996e+03 6.87432913e+03 3.41045854e+04 1.97110260e+04
 8.75562035e+03 5.91884684e+03 3.59443339e+03 3.07218220e+03
 3.49947863e+03 3.23044013e+03 2.35606503e+03 3.18296275e+03
 3.27989574e+03 2.21390344e+03 1.23051250e+03 1.06491558e+03
 1.42922880e+03 3.23550905e+03 2.99348279e+03 2.88902934e+03
 2.92724402e+03 2.80750471e+03 1.75787500e+03 1.88270960e+03
 3.04698333e+03 5.46724601e+03 1.56985880e+04 1.22592674e+04
 6.39204111e+03 3.93101612e+03 2.87119583e+03 2.66483659e+03
 2.92979166e+03 2.99093514e+03 2.16804583e+03 2.98838750e+03
 3.38327246e+03 5.07943897e+03 4.08222558e+03 3.06260291e+03
 3.66018396e+03 3.93656520e+03 3.60416074e+03 2.01310118e+03
 3.05513314e+03 4.62378341e+03 6.90953095e+03 3.81704899e+03
 2.99537504e+03 2.40526375e+03 2.78995655e+03 3.48464453e+03
 5.28859234e+03 3.28087932e+03 2.34626681e+03 2.90119299e+03
 2.66753986e+03 2.96934182e+03 1.87896056e+03 4.70226917e+03
 3.28087932e+03 1.25588556e+03 2.33653127e+03 3.60215237e+03
 4.14734300e+03]
