[ 645.50651502 1555.62660679  773.27227494  637.04142113  834.25179997
  616.28243388 3311.05846583 3207.2635296  3038.59675822 3168.46247543
  874.52833587  505.37385141  535.34211214  678.37244745  536.70430581
  591.1920526   756.01748661  841.8356878  3187.53318681 2695.78127209
 2367.49259772 2476.46809129 2754.35559988 3518.54624852 4797.64610425
 4710.06495752    0.          415.42004176    0.          580.99671322
  583.95343949  544.03763477  499.68674063  666.74177522  842.66698863
 1642.46144626 3117.86785794 2485.1284349  1975.0931523  1809.51648085
 1843.51883303 2428.95063566 3879.22487399 3901.40032106 5409.33072177
    0.          669.86995837  444.91362906  454.91168814    0.
  506.56832672  509.90101308  561.55765166  523.23175852  589.88548572
  763.18517645  909.82337629 1673.00855273 2036.27136598 2466.18790642
 1876.3024207  1579.69333465 1541.36744151 1463.04931205 1784.65354579
 2346.21119746 3084.4012262  4250.84145221 6420.42027259    0.
  601.38015972  490.59960399  443.12222295    0.          522.25119134
  510.38184608  557.85922711  589.51081447  668.63978285  828.87594383
 1208.69499208 1768.5324434  3260.11349745 2421.34643257 1721.05506237
 1414.43030988 1271.99816678 1273.97639099 1558.84067718 2071.20074747
 3153.28939013 4852.58398619 6939.61052734 6949.97535312  573.22010794
  593.60126733  631.81594119 1286.5606867   922.24746255 1146.44021587
 1266.17952731 1638.13568624 1205.03604913 1638.13568624 3273.72372755
 4751.35778357 5367.88785522 2624.07427189 1903.09075835 1408.84764306
 1067.46322323 1087.84438262 1370.6329692  1926.01956267 2950.17282218
 5513.10361589 7377.97970038 1594.79444081  836.61347715  661.07404221
  986.00874092 1169.01793905 1232.51092616 1680.69671748 5792.80135293
 6423.99634238 7204.58659562 3667.65372571 1284.79926848  929.98551701
 1378.17130834 2192.37549592 1591.05955922  700.95937999  389.42187777
  467.30625332  467.30625332  700.95937999  934.61250665  856.72813109
  934.61250665  778.84375554  623.07500443 1090.38125776  778.84375554]
