[ 1158.33975422  2515.72976695  1168.99046932  1034.05705222
  1252.02641831  1523.19068922 14157.62930219 14116.1113277
  6453.45016029  3574.39618897  1204.17920391   931.74046999
   984.8660231    963.07092439   899.04782192   908.58317761
  1281.82424307  2058.27463473 18449.55106074 22972.03404373
 14777.07692756 10935.69077936 10306.35730401  9796.89687159
  8064.18652389  3723.9967445      0.           832.31844667
     0.           879.62606708   857.45062001   962.41440281
   867.79916198   928.41205063  1127.99107426  2164.32363396
 17225.88728342 36403.21390894 62185.86703482 21371.21752224
 15416.37080257 12299.98130776  9541.35569234  8592.24655778
  7394.77241604     0.           898.15897403   916.48874901
   803.17741277     0.           869.83113997   831.50524683
   841.50330591   698.19779243   871.49748315  1069.79232157
  1016.46933981  1551.36550059  6417.08758623 23275.48153843
 38125.93195871 29674.23934968 17809.87590798 13254.09365383
 10541.28695676  8981.58974027  8788.29393139  8604.99618159
  6862.00121529     0.           809.09370173   832.83239225
   840.74528909     0.           888.22267012   844.70173751
   749.74697545   955.48229325   892.17911854   955.48229325
   953.50406904  1400.58274041 10686.36718036 16648.73494815
 19133.38455543 14484.55766283 15339.15052138  8534.05924029
  7240.3006072   7335.25536926  6955.43632102  7525.16489339
  5394.61741963  2583.3119531    820.34166558  1024.15325951
  1431.77644738  3029.14981483  2499.23967061  2356.57155485
  2435.5485475   2644.45543128  1126.05905648  1024.15325951
  1757.87499767  2229.18930864  5510.55597097 11051.68368103
 11805.78657858  9754.93241463  8960.06719829  6929.59419373
  5778.05868801  6144.91955709  5877.41684005  5941.10796315
  4899.12118917  2674.1752216   2188.64061432  2491.16602347
  3660.18396252  3757.29088398  3607.8956202   1471.5433482
  2304.42194375  2491.16602347  3182.11911844  3966.44425326
  5669.55026031  3906.68614775  4649.92758504  4115.83951704
  2465.02185231  1635.57188663  1479.80313552  2268.38243801
  1878.96056024  2336.53126662  1645.30743358  1801.07618469
  2034.72931135  1489.53868247  1947.10938885  2901.19298938
  1956.84493579]
