[  2698.1151764    6632.49642529   2840.08894268   2548.16568452
   2828.41201235   2840.08894268  23769.04039737  27941.59683394
  19093.07852007  10063.88683083   2991.37729839   2379.75234075
   2641.29352531   2728.47392016   2401.54743946   2126.38431821
   2577.27042284   3120.785697    19637.38394061  24857.31008243
  26524.63513399  32311.23384235  26807.97141726  24563.0762498
  22051.1911231   10877.79596905      0.           2235.28506458
      0.           2366.85938386   2428.95063566   2653.66183262
   2214.58798065   2332.85703169   2306.24649521   3379.53813336
  15800.74521843  16610.88821803  18136.5589764   40353.40021354
 143294.78223543  36355.90628852  21229.29466099  18420.40469888
  18503.19303461      0.           2884.4400446    2414.53126784
   2077.92994548      0.           2452.85716098   2401.2005224
   2317.8833634    1879.63510706   2347.87754064   2666.14908802
   1981.28204104   2451.1908178    6525.39989293  12630.8813045
  15930.24080093  19042.96986119  50630.17118153 128455.06306087
  33206.88689131  18023.16783502  15063.74234732  12254.28774582
  14503.85103884      0.           2035.5927117    2348.15213682
   2162.19906111      0.           2720.05828823   2739.84053032
   2486.62783149   2787.31791135   2484.64960728   2579.60436934
   1875.35655072   2403.54241469  11995.95160713  12545.8979374
  10888.14604974  16075.04992736  27758.44210936  39738.56792281
  26231.25301954  16300.56748725   9808.03563129  10116.63860799
  10682.41073194   5783.15397786   2027.92535964   2993.48278589
   4626.52318228  10323.05723272   8399.58531497   7991.96212711
   8167.74962687  10101.41212432   3811.27680655   2764.19474272
   4527.16503024   5385.72136969   7805.98404764   7706.6258956
   7602.17245371   9632.64545827  16152.06881921  19188.86156881
  25282.82822742  11230.01882572   7991.96212711   7355.05089607
   8425.06176421   5617.26191799   5703.16419466   6999.16810792
  12638.83931548  13609.90853003  13038.47164608   4896.42977027
   5882.4385112    5826.41528728   6125.20581483   7029.04716068
   9281.18076211  18300.91981261  12997.38794855   7122.41920054
   5228.83423217   3280.87932021   4702.26917407   7992.88404122
   5948.41918293   9151.41412759   5159.83988045   5636.88168072
   4770.41800268   3134.84611605  10942.75476533   7749.49536762
   4536.76487602]
