[  2256.7213934    5773.59332796   2872.52486025   2371.71429293
   2786.89403786   2120.01157256  11967.55614767  14951.66056437
  11780.72526245  10306.35730401   3286.97332469   2566.37287348
   2552.75093679   2664.45081769   2368.85479139   2202.6671637
   2522.78267606   2476.46809129   9922.21868919  13371.29306056
  16967.48434824  21086.75800504  26448.35228849  26666.30327562
  18013.64908648  12495.12524197      0.           2535.39278159
      0.           2569.39513376   2631.48638555   2773.4092468
   2726.10162638   2596.00567024   2366.85938386   3200.65619367
   8743.03959785  12329.54857052  11330.17508927  11350.8721732
  15753.43759802  27166.40102301  30324.18468568  29756.4932407
  20791.69917216      0.           2749.46624702   2936.09668318
   2466.18790642      0.           2666.14908802   2669.48177438
   2814.45363104   2362.87462926   2912.76787866   2976.0889195
   2184.575909     3054.40704896   4890.71723334  10121.3684754
   8594.99812251   9668.12313044   8531.67708167  11724.39061457
  21989.06460346  80730.99438529  45271.2115146   24468.58325532
  18876.33554319      0.           2498.49717675   2692.36314929
   2498.49717675      0.           2959.42341759   3121.63780278
   3042.50883439   3503.43507523   3295.72153322   2995.03145336
   2451.01979572   2961.4016418    8415.36578772   7210.62724406
   5477.70283643   6065.23542669   7495.49153024  12514.24635005
  22156.11114772 152750.56056989  44786.99610576  24197.63853205
  15315.41183086   8590.65868429   2542.54963432   3383.27245929
   5059.62281939  11591.78440495  10552.34527589   9958.74400856
  10771.44273937  14078.28585094   5451.96013771   4160.30416116
   9217.37933563  11102.63657951  10432.60596446   6519.42336094
   5202.29093515   5100.38513818   6909.21303434  10004.6016172
  18929.00178655  50586.03761423  31478.70068299  16646.3119345
  13405.70759096   6793.74962023   4713.42057215   7507.11200476
  15918.06535537  16672.51143745  16650.10214788   7421.20972809
  12885.34150071  14327.00579616  12523.05798606   8982.39023456
   5613.5270364    9225.15753819  22947.11251605  24575.52089122
   8291.43713959   4604.91370463   3368.49924271   9239.03405009
   7048.53598763  12675.6821214   11108.25906338  10884.34148366
   9472.68717675   3602.15236937   5695.29496238 210365.69837121
   6503.34535875]
