[   984.843932     1806.03189046    521.56955457    480.05158008
    614.98499718   1137.85198846   7704.1791419    6064.21914942
   3924.74602631   2477.83028496    546.2396615     362.34351611
    370.51667812    370.51667812    350.08377308    415.46906922
    690.63219048   1586.95562506  13256.86879232  11900.12389742
   7342.22387902   5520.97094279   4538.82930703   4511.58543364
   4259.57960476   2391.99155721      0.            366.63405821
      0.            307.49953269    285.32408562    342.980248
    332.63170604    393.2445947     805.70791018   2105.18910844
  15132.52508008  13133.77811757   9757.19671048   4781.02638814
   3719.56165509   3033.60115908   2794.10633073   3435.7159326
   3542.15807853      0.            428.25019726    363.26281324
    293.27639968      0.            306.60714512    268.28125198
    306.60714512    254.95050654    321.60423374    506.56832672
    788.18032415   2114.58949544 248805.03289415  12520.90265462
   9221.54315819   5455.60757136   3470.99284397   2281.22381344
   2037.93770916   2197.90665444   2546.17237906   3539.31291435
   2987.75332176      0.            395.64484192    330.36344301
    316.51587354      0.            316.51587354    302.66830407
    286.84251039    350.1456851     350.1456851     460.92624084
    619.18417761   1289.80218467  13681.39863372   7624.07610387
   5746.74132894   4025.68626657   2369.91260312   1766.55421919
   1669.62123292   1653.79543924   1831.83561811   3434.1972279
   2753.68809979   1373.18061413    389.7896734     389.7896734
    489.14782544   1039.43912906    840.72282497    838.17518005
    876.38985391    799.96050619    468.76666605    509.52898483
    815.24637573   1164.27373034   4053.30307435   4611.23731274
   3276.27137248   3008.76865544   1661.06449056   1332.41829534
   1227.96485345   1207.58369405   1533.68224435   1943.85307714
   2234.28459849   1228.77604456    986.00874092    840.34835874
   1165.28305746   1142.87376789   1049.50172803    537.8229496
    866.4925299    1049.50172803   1464.07358501   1172.75282064
   1493.95263776    963.59945136   1015.88779368   1202.6318734
   1112.99471513    700.95937999    545.19062888    778.84375554
    700.95937999    700.95937999    545.19062888    856.72813109
    778.84375554    467.30625332    623.07500443   1090.38125776
    856.72813109]
