[ 418.43110064 1012.00062827  345.11816297  271.16427091  373.66177044
  376.25664384 2537.7861909  2423.61176104 2213.42701517 1897.53578172
  435.90197426  230.21073016  217.95098713  261.54118456  208.41563145
  261.54118456  317.39112501  512.18481976 2562.28629247 2235.35981177
 1972.45643355 1949.29914116 2051.46366638 2563.64848614 3494.02676246
 2665.48873773 2665.48873773  189.23048166  189.23048166  212.88429187
  202.5357499   201.05738676  178.88193969  249.84337031  342.980248
  796.83773136 2461.47462469 2128.84291865 1808.03811772 1547.84620544
 1604.02400468 1856.82410127 2081.53529824 2627.05129614 3803.82835395
 4287.50100217  334.93497918  334.93497918  186.63043616  186.63043616
  159.96894528  159.96894528  173.29969072  134.97379758  188.29677934
  293.27639968  373.26087232  748.18808783 1338.07357355 2129.58658406
 1688.00564135 1474.71371431 1393.06289849 1343.07260309 1394.72924167
 1809.64869349 2251.2296362  3231.03942605 4315.82883623 5123.60070291
  316.51587354  316.51587354  174.08373045  174.08373045  174.08373045
  174.08373045  160.23616098  174.08373045  160.23616098  253.21269883
  363.99325457  668.63978285 2367.93437891 1863.48720546 1481.689933
 1177.04340472 1285.84573625 1131.5442479  1382.77872252 1940.63794964
 2292.76185895 3022.7265923  4725.97763678 4081.32716851  308.26503582
  264.95507211  305.7173909   489.14782544  389.7896734   389.7896734
  468.76666605  450.93315158  305.7173909   346.47970969  591.05362241
  856.00869452 1635.58804131 1559.15869359 1286.5606867  1041.98677398
  901.86630315  861.10398437 1245.79836792 1658.51684563 2476.31086629
 3115.76974225 4509.33151577  866.4925299   388.42768582  358.54863306
  537.8229496   601.3159367   481.79972568  358.54863306  836.61347715
 1015.88779368 1135.4040047   870.2274115   806.73442439  661.07404221
 1135.4040047  1471.5433482   840.34835874  311.53750222  233.65312666
  311.53750222  233.65312666  389.42187777  389.42187777  467.30625332
  467.30625332  233.65312666  389.42187777  778.84375554  311.53750222]
