[ 10.2056366   31.13848087   0.           0.           0.
   0.         177.7488283  146.61034743 103.79493623  32.69264807
  10.89754936   0.           0.          10.89754936   0.
  10.89754936   0.          21.79509871 250.6436352  228.84853649
 174.36078971 130.77059228 130.77059228 130.77059228 119.87304292
  35.48071531   0.           0.           0.           0.
   0.           0.           0.           0.           0.
  11.8269051  285.32408562 272.01881738 165.57667145 130.09595614
  94.61524083  70.96143062  94.61524083  70.96143062 106.44214593
   0.           0.           9.99805908   0.           0.
   0.           0.           0.           0.           0.
  13.33074544  13.33074544  13.33074544 146.63819984 306.60714512
 186.63043616 119.97670896  79.98447264  66.6537272   53.32298176
  53.32298176  66.6537272   53.32298176  93.31521808   0.
   0.           7.91289684   0.           0.           0.
   0.           0.           0.           0.           0.
   0.           0.         379.81904825 237.38690515 126.60634942
  79.12896838  79.12896838  31.65158735  47.47738103  47.47738103
  31.65158735  63.30317471  63.30317471   0.           0.
   0.           0.          20.38115939   0.           0.
  20.38115939   0.           0.           0.           0.
   0.         122.28695636 163.04927515  81.52463757  61.14347818
  40.76231879  20.38115939   0.          40.76231879  40.76231879
  61.14347818  20.38115939   0.           0.           0.
  29.87905276  29.87905276   0.           0.           0.
   0.          29.87905276   0.           0.           0.
  29.87905276   0.           0.           0.           0.
   0.           0.           0.           0.           0.
   0.           0.           0.           0.           0.        ]
