[ 2093.43120779  5636.06503746  2715.5350192   2256.24242637
  2650.66318405  2004.539706   11734.01754115 13680.17259552
 11235.80184723 10306.35730401  3123.51008434  2402.90963313
  2389.28769644  2554.11313046  2258.51710416  2071.89657143
  2401.54743946  2377.02795341 10140.16967632 13507.51242752
 11268.06603473 13485.7173288  18820.06773886 19250.52093845
 17708.51770449 12755.31715425     0.          2415.64536741
     0.          2474.77989293  2499.91206628  2594.52730711
  2428.95063566  2488.08516117  2272.24414303  3391.36503846
  8565.6360213  10230.27291463  8293.61720391  8580.41965267
 10777.26727567 17557.04062632 22181.36052184 18994.00959641
 18077.42445088     0.          2667.8154312   2831.11706284
  2372.87268834     0.          2532.84163362  2496.18208366
  2626.1568517   2334.5467952   2804.45557196  2896.10444686
  2117.9221818   3121.06077616  5052.3525218   7051.96433782
  6205.46200237  5738.88591197  6650.37563143  8908.27064035
 15183.71905628 50563.51745432 42058.50186354 20009.4489056
 19362.90775176     0.          2433.21577783  2581.58259355
  2401.56419048     0.          2830.83884396  2963.37986601
  3376.82872582  3359.02470793  3216.59256484  2995.03145336
  2433.21577783  2882.27267341  8193.80467624  5175.03453236
  4745.75987887  4741.80343046  5681.45993002  8296.67233514
 15754.5776054  90523.53983213 68652.29297059 21396.47305123
 16332.21907461  9000.82951708  2458.47735182  3199.84202475
  4832.88242114 10422.41538476  9917.98168978  9650.47897274
 10381.65306597 13813.33077882  5637.93821718  4160.30416116
 10078.48332    12243.98150554 10842.77679725  5556.4135796
  4896.57354425  4588.30850842  4942.43115288  7566.50542477
 14261.71628548 41822.1390751  47875.34341491 19922.58330697
 15662.92099377  7118.68431895  4470.65326851  7148.5633717
 15410.12145854 16104.8094351  16015.17227683  7451.08878085
 13725.68985946 15081.45187823 13094.49487     8952.5111818
  4623.78341388  6401.58705282 17934.90141636 31373.00539304
  8649.98577265  4682.79808018  2901.19298938  8382.30591899
  6814.88286097 11653.44969226 11341.91219004 10884.34148366
  9628.45592786  3446.38361826  4760.68245573 50488.54645285
  6269.69223209]
