[ 635.30087841 1357.11879125  699.31838287  533.2464849   749.91841428
  585.14395301 2891.98641079 2757.05299369 2558.54517815 2499.62538367
  765.5528423   438.6263616   425.00442491  547.60185517  427.72881225
  513.54701343  647.04199305  731.49800056 2848.34696308 2486.00344698
 2246.25736113 2244.89516746 2401.54743946 2925.99200225 3998.03842021
 3403.19194357 3403.19194357  272.01881738  272.01881738  496.73001435
  464.20602532  402.11477352  357.76387938  560.29962928  771.70555801
 1666.11525647 2760.10397856 2318.07340031 1961.78788406 1797.68957575
 1806.55975458 2094.84056648 2331.37866855 3033.60115908 4411.43560365
 4972.36804916  588.21914254  588.21914254  386.59161776  386.59161776
  239.95341792  214.95827022  253.28416336  308.2734883   403.25504956
  574.8883971   789.84666733 1688.00564135 1769.65645717 2304.55261796
 1821.31309575 1501.37520519 1541.36744151 1436.38782117 1649.67974821
 1929.62540246 2667.8154312  3470.99284397 5225.65221252 6203.71112136
  458.94801663  458.94801663  253.21269883  253.21269883  253.21269883
  207.71354201  207.71354201  239.36512936  255.19092304  462.90446505
  795.24613227 1450.03834565 2797.2090324  2150.32971586 1544.99310771
 1256.17237311 1430.25610355 1273.97639099 1543.0148835  2181.98130321
 3040.53061018 4166.14018546 5776.41469209 5803.53513725  430.55199218
  366.86086908  428.00434726  652.19710059  532.45778915  552.83894854
  631.81594119  715.88822369  448.38550665  736.26938308 1778.25615707
 2680.12246022 3564.15524891 1948.94836699 1513.30108495 1184.65488974
 1169.36902019 1108.22554201 1429.22880246 2048.30651903 2866.10053969
 4241.82879874 6394.58875965 1198.89699181  537.8229496   478.06484408
  687.21821337  780.59025323  690.95309497  511.67877843 1374.43642674
 1527.56657211 1647.08278313 1292.26903167 1045.76684643  900.10646425
 1258.65509732 1744.18970459 1202.6318734   467.30625332  311.53750222
  389.42187777  311.53750222  545.19062888  623.07500443  623.07500443
  700.95937999  389.42187777  545.19062888  934.61250665  467.30625332]
