[ 664.64208364 1450.53423386  742.13379407  585.14395301  803.1133191
  605.90294026 3069.73523909 2924.42232837 2757.05299369 2653.55326833
  820.04058908  472.68120334  491.75191472  634.78225002  493.11410839
  547.60185517  712.42728919  732.86019423 2969.58219968 2596.34113421
 2180.87206499 2233.9976181  2490.09002799 3112.61253498 4348.12219329
 3723.9967445     0.            0.            0.          545.5159979
  524.81891397  473.07620414  440.55221511  643.08796501  842.66698863
 1748.9035922  2915.33210804 2449.64771959 1938.13407386 1618.80763606
 1688.29070354 2165.8019971  2415.64536741 3412.06212239 4813.55037717
 5425.61339412    0.            0.          414.91945182    0.
  399.9223632   361.59647006  466.5760904   456.57803132  509.90101308
  683.20070381  896.49263085 1847.97458663 2077.92994548 2559.5031245
 1834.64384119 1406.39364393 1326.40917129 1436.38782117 2119.58852498
 2196.24031126 2949.42742862 3714.27894825    0.            0.
  522.25119134  522.25119134    0.            0.          300.69007986
  271.01671672  302.66830407  334.31989143  510.38184608  684.46557653
 1066.26284898 1689.40347501 2989.09678073 2371.89082733 1592.47048874
 1224.52078575 1082.08864266 1289.80218467 1701.27282027 2437.17222625
 2642.90754405 4326.37634644 5984.1282341  6786.92607798  491.69547036
  410.17083279  428.00434726  835.62753513  675.1259049   736.26938308
  917.1521727  1250.89365777  960.46213641 1391.01412859 2947.62517726
 4812.50126175 5530.93713036 2501.78731553 1696.73151949 1205.03604913
  942.62862194 1108.22554201 1635.58804131 2578.21666326 2476.31086629
 4713.14310971 6167.8483614  1437.92941385  687.21821337  511.67877843
  806.73442439  929.98551701  900.10646425 1049.50172803 2606.9473529
 2517.31019463 3058.86802582 2674.1752216  1075.64589919  900.10646425
 1647.08278313 1684.43159908 1352.02713718  545.19062888  389.42187777
  467.30625332  311.53750222  623.07500443  700.95937999  778.84375554
  856.72813109  623.07500443  545.19062888 1012.4968822   623.07500443]
