[  1178.75102742   3372.03799087   1222.18537414   1065.19553309
   1272.78540556   1440.15474023  10939.98627897  13493.3417103
   7623.73806632   5010.1483167    1345.84734554   1031.18060787
   1006.66112182   1017.55867117    931.74046999    920.84292063
   1228.69868996   1829.42609824  15648.88087609  23146.39483344
  21440.92835913  17539.60568946  14956.88649195  12581.22073221
   9028.61964195   5115.13645731      0.            926.9336875
      0.            926.9336875     952.06586084   1057.02964364
    916.58514553    975.71967105   1116.16416915   2069.70839313
  15800.74521843  18893.48090303 104549.84111598  24848.3276227
  16983.4357288   14801.37173718  11208.94931195  10543.68589988
   8917.48644813      0.            991.47419211    989.80784893
    896.49263085      0.            976.47710349    924.82046491
    909.82337629    764.85151963    964.81270123   1111.45090107
    989.80784893   1458.05028251   5785.54352101  17403.28817206
  26754.80609829  46724.26276757  24521.90623708  16876.72372718
  11157.83393337  11047.85528349   9918.07460744   7698.50549166
   8198.40844567      0.            904.0484638     909.98313642
    935.70005115      0.            969.32986271    955.48229325
    844.70173751   1066.26284898    987.1338806    1018.78546795
    983.17743218   1353.10535938  10401.50289417  15695.23087911
  19228.33931749  20027.54189818  17313.41828258  15509.27780341
   9800.12273445   9266.00219785   8850.57511383   8672.53493497
   6795.20016004   3159.07970596    901.86630315   1128.60670141
   1655.96920071   3418.93948823   2807.50470643   2644.45543128
   2761.6470978    3034.24510468   1327.32300549   1105.67789709
   1923.47191774   2433.00090258   5510.55597097  10516.67824695
  12157.36157812  12590.46121523  10725.58513074   8323.15596725
   7314.28857728   8356.27535126   7826.36520704   7006.02354145
   5841.74981111   2849.71465653   2367.91493086   2793.69143262
   4141.9836882    4354.87193908   4175.59762255   1710.57577024
   2521.04507623   2816.10072219   3271.7562767    3813.31410789
   6722.78686994   4870.28559911   5344.6155616    4627.51829547
   2614.41711609   1713.45626219   1489.53868247   2502.03556467
   2190.49806245   2725.95314439   1801.07618469   2034.72931135
   2180.76251551   1723.19180913   2336.53126662   3446.38361826
   2034.72931135]
