[ 1005.2552052   2160.23211035  1431.07268331  1201.4263869
  1545.24711317   951.02110324  4207.58722755  4291.92061324
  4093.41279769  4275.9259288   1532.46787827  1009.38550916
  1028.45622053  1347.20953921  1085.66835465  1151.05365079
  1437.1143214   1303.61934178  3889.06292664  3333.28790945
  3036.32968949  3232.4855779   3785.53620775  4833.06313966
  6628.43439616  6558.01887996     0.           938.7605926
     0.          1164.95015271  1227.0414045   1127.99107426
  1107.29399033  1357.13736064  1546.3678423   2868.02448763
  3784.60963316  3092.7356846   2820.71686721  2309.20322148
  2415.64536741  2928.63737628  3808.26344336  5211.23006128
  7669.7479597      0.          1193.10171689  1168.10656919
   991.47419211     0.          1058.12791931  1153.10948057
  1231.42761003  1101.45284199  1328.07551447  1634.68265959
  1729.66422085  2961.09183088  3016.08115582  3057.73973532
  2721.13841296  1957.95323652  1916.29465702  1907.96294112
  2347.87754064  3124.39346253  4490.79487014  6328.77139769
  9421.5043398      0.          1093.95798792  1034.61126163
   953.50406904     0.          1206.71676787  1242.32480364
  1291.78040888  1497.51572668  1624.1220761   1958.44196752
  2530.1487641   3440.13190053  4771.4767936   3614.21563097
  2437.17222625  1877.33477493  1669.62123292  1705.22926869
  2132.52569797  3056.35640386  4634.97932314  7095.8902399
 10504.37055307  9984.2204578   1024.15325951  1332.41829534
  1760.4226426   2845.71938029  2173.14112031  2644.45543128
  3276.27137248  4343.7345957   2478.85851121  3319.58133619
  7230.21629478  9833.90940728  9940.91049409  4407.42571881
  2866.10053969  2045.7588741   1498.01521541  1538.7775342
  1943.85307714  2725.98006886  4649.4519866   7459.50433796
 11214.73295618  2976.70063074  1796.47804691  1441.66429544
  1979.48724504  2823.57048537  4717.15545374  3996.32330602
 12672.45324983 13934.84322874 18114.17573289  7992.64661204
  2005.6314162   1352.02713718  1919.72913953  3335.24926381
  2883.32859088  1401.91875997  1012.4968822   1012.4968822
   856.72813109  1401.91875997  4147.34299825  3368.49924271
  4848.30237823  2112.6136869   1090.38125776  1489.53868247
  1489.53868247]
