[ 716.94597122 1241.64692469  323.06173903  260.78477729  384.04126406
  730.45686374 6284.78338891 5335.05972238 3016.54033427 1678.22260092
  359.61912877  219.3131808   207.05343778  217.95098713  197.51808209
  250.6436352   382.77642115  896.32343458 7971.55735436 6178.9104852
 5040.11657743 4448.92452484 4658.70234995 3495.38895613 3089.4552426
 1630.63454116    0.          201.05738676    0.          177.40357655
  155.22812948  201.05738676  178.88193969  214.362655    366.63405821
  857.45062001 9443.78372524 5622.21501363 3769.82600178 3045.42806418
 3032.12279594 2854.71921939 2746.79871032 2842.89231428 2805.93323583
    0.          279.94565424  214.95827022  159.96894528    0.
  186.63043616  159.96894528  173.29969072  146.63819984  186.63043616
  266.6149088   346.59938144  761.51883327 5117.33990582 5575.58428032
 3560.97537569 2532.84163362 2331.21410884 1784.65354579 2024.60696372
 1876.3024207  1619.68557097 2116.25583862 2237.89889076    0.
  237.38690515  193.86597254  189.90952412    0.          174.08373045
  189.90952412  158.25793677  205.7353178   205.7353178   239.36512936
  316.51587354  621.16240182 7906.96216584 4088.98944128 2579.60436934
 1938.65972543 1556.86245297 1242.32480364 1556.86245297 1224.52078575
 1194.84742261 1572.68824665 2132.52569797  942.62862194  224.19275333
  244.57391272  264.95507211  570.67246301  450.93315158  410.17083279
  489.14782544  450.93315158  264.95507211  285.33623151  448.38550665
  672.57825998 2415.16738811 2562.93079371 1880.16195403 1429.22880246
 1146.44021587  963.00978133  960.46213641  940.08097702 1205.03604913
 1126.05905648 1803.73260631  657.33916062  448.18579133  478.06484408
  657.33916062  631.19498946  571.43688394  298.79052755  507.94389684
  687.21821337  836.61347715  661.07404221  896.37158266  661.07404221
  746.97631888  750.71120048  571.43688394  311.53750222  233.65312666
  389.42187777  311.53750222  389.42187777  311.53750222  389.42187777
  467.30625332  233.65312666  389.42187777  623.07500443  389.42187777]
