[  788.38542743  1419.39575299   354.2002199    291.92325816
   415.17974493   813.49281273  7138.49673943  5482.96750651
  3308.46359243  1952.0235285    392.31177684   241.10827951
   228.84853649   239.74608585   219.3131808    272.43873392
   395.03616418   963.07092439  9573.49710978  7712.74055714
  5980.03020944  4974.73128129  4549.72685638  3999.40061388
  3450.43656504  1880.47791148     0.           224.71119697
     0.           201.05738676   178.88193969   224.71119697
   190.7088448    238.01646521   378.46096332   928.41205063
 10443.15720649  6560.97560623  4661.27897396  4163.07059647
  3425.36739064  3462.32646908  2508.7822451   2556.08986552
  2995.16371749     0.           306.60714512   236.62073156
   186.63043616     0.           199.9611816    186.63043616
   186.63043616   148.30454302   199.9611816    279.94565424
   359.93012688   734.85734239  5815.53769825  6217.12640463
  4097.53787965  3337.68538957  2531.17529044  2321.21604976
  1824.64578211  1593.02408009  2036.27136598  1996.27912966
  2572.83386994     0.           269.03849251   213.64821464
   205.7353178      0.           189.90952412   205.7353178
   174.08373045   221.56111148   221.56111148   255.19092304
   316.51587354   621.16240182  8530.10279187  4454.96092006
  2848.64286185  2162.19906111  1717.09861395  1847.66141178
  1477.73348458  1511.36329615  1353.10535938  1541.03665929
  2195.82887268  1064.9155783    264.95507211   264.95507211
   305.7173909    631.81594119   491.69547036   471.31431097
   529.91014423   512.07662976   285.33623151   305.7173909
   489.14782544   692.95941937  2618.97898204  2889.029344
  2025.37771471  1574.44456313  1166.82137527  1044.53441891
  1021.60561459  1062.36793338  1041.98677398  1513.30108495
  2030.47300456   661.07404221   507.94389684   507.94389684
   717.09726613   690.95309497   631.19498946   328.66958031
   567.70200235   717.09726613   896.37158266   720.83214772
   986.00874092   750.71120048   896.37158266   750.71120048
   661.07404221   389.42187777   311.53750222   467.30625332
   389.42187777   467.30625332   311.53750222   389.42187777
   467.30625332   311.53750222   389.42187777   700.95937999
   389.42187777]
