[ 1250.19048363  2766.13505061  1242.94436139  1149.52891878
  1386.95983541  1700.93951752 14681.79373017 14661.03474292
  7457.66616835  3857.73247224  1302.25714811   998.4879598
  1126.53416474  1072.04641796   997.12576613   997.12576613
  1435.75212773  2268.05245984 18623.91185045 23593.19435706
 18193.45865086 17267.16695555 12875.45456483  9731.51157545
  8085.9816226   3901.40032106     0.           925.45532436
     0.          1033.37583343   940.23895574  1068.85654874
   952.06586084  1012.6787495   1281.7408406   2593.04894397
 17083.96442218 47969.92710027 42458.58932199 19230.54769848
 15085.21745966 12394.59654859  9159.93800275  7731.83921149
  7705.22867501     0.           978.14344667   981.47613303
   883.16188541     0.           949.81561261   911.48971947
   883.16188541   764.85151963   939.81755353  1164.77388283
  1123.11530333  1713.00078905  6537.06429519 26541.51417125
 53043.03610618 27141.39771606 15990.22915541 12180.9686459
  9064.90689927  8258.39680015  8011.7780095   6757.02159495
  6177.13416831     0.           872.39687644   904.0484638
   919.87425747     0.           937.67827536   923.83070589
   828.87594383  1050.43705531   987.1338806   1066.26284898
  1064.28462477  1527.18908983 11390.61499898 18405.39804629
 24134.33535734 17091.8571711  13906.91619362  8949.48632431
  6777.39614215  6779.37436636  5986.1064583   6346.14326446
  6015.77982145  2624.07427189   901.86630315  1087.84438262
  1594.82572253  3396.01068391  2766.74238764  2603.6931125
  2700.50361962  2909.4105034   1286.5606867   1105.67789709
  1801.18496138  2331.09510561  5836.65452126 11703.88078162
 14302.47860426 11744.6431004   8200.86901089  6397.13640458
  6002.25144133  4651.99963153  4937.33586303  5510.55597097
  5536.03242021  3006.5796835   2577.06830014  2763.81237986
  3992.58842442  4235.35572806  3966.44425326  1620.93861197
  2423.93815477  2580.80318174  3451.03059323  5075.7040868
  5762.92230017  5228.83423217  3929.09543732  3637.77467296
  2793.69143262  1791.34063774  1567.42305802  2579.91994022
  2190.49806245  2570.18439328  1645.30743358  2112.6136869
  2034.72931135  1567.42305802  2024.9937644   2901.19298938
  2268.38243801]
