[ 1128.99854899  2348.36043227  1546.54454987  1306.51875983
  1659.42154303  1096.33401396  4312.67960048  4312.67960048
  4333.43858773  4582.41950445  1675.49821358  1119.72319639
  1138.79390777  1457.54722645  1185.10849253  1250.49378867
  1547.45200864  1435.75212773  4064.78591002  3344.18545881
  3058.1247882   3451.79875871  4059.33713534  5041.4787711
  7012.57301098  6995.61436879     0.          1058.50800677
     0.          1272.87066178  1345.31045554  1259.56539354
  1238.8683096   1488.71167992  1688.29070354  2879.85139273
  3772.78272805  2986.29353866  2510.26060824  2405.29682545
  2665.48873773  3583.5522464   4557.79355431  5614.82319794
  8003.85802887     0.          1328.07551447  1301.41402359
  1124.78164651     0.          1244.75835547  1328.07551447
  1393.06289849  1288.08327815  1503.04154837  1849.64092981
  1956.28689334  3122.72711934  3244.37017149  3191.04718973
  2492.8493973   2066.26554322  2184.575909    2429.52835646
  3207.71062153  4009.22169111  5029.02371728  6665.37272005
  9744.77491672     0.          1222.54256154  1180.99985314
  1127.58779948     0.          1446.08189723  1560.81890139
  1594.44871295  1847.66141178  1974.2677612   2387.71662101
  3038.55238597  3980.18710975  5313.51022703  4045.46850867
  2787.31791135  2114.72168008  1875.35655072  2039.54916012
  2561.80035146  3311.5473269   4824.88884726  7430.21013133
 10504.37055307  9821.17118266  1108.22554201  1515.84872988
  1984.61539592  3273.72372755  2644.45543128  3217.67553922
  4012.54075556  5001.02698614  2947.62517726  3729.75216898
  8274.75071369 10552.34527589 10391.84364567  5533.48477529
  3337.41485066  2333.64275054  1742.58912813  1867.42372941
  2168.04583046  3031.69745976  4774.28658789  7706.6258956
 11357.40107193  3126.09589452  1949.60819228  1591.05955922
  2789.95655102  3813.31410789  6039.30353816  4414.63004459
 13755.56891221 14595.91727095 20788.35095449  8291.43713959
  2394.05910202  1624.67349357  2099.00345606  3514.52358034
  2976.70063074  1557.68751108  1168.26563331  1090.38125776
  1090.38125776  1635.57188663  6259.95668515  5636.88168072
  7515.84224096  2657.80431578  1324.03438442  1723.19180913
  1645.30743358]
