[ 0.          0.          0.          0.          0.          0.
 10.37949362 20.75898725 10.37949362 10.89754936  0.          0.
  0.          0.          0.          0.          0.          0.
 21.79509871 32.69264807 21.79509871 32.69264807 32.69264807 43.59019743
 43.59019743 11.8269051  11.8269051   0.          0.          0.
  0.          0.          0.          0.          0.          0.
  0.         35.48071531 11.8269051  23.65381021 23.65381021 11.8269051
 23.65381021 35.48071531 47.30762041 53.32298176  0.          0.
  0.          0.          0.          0.          0.          0.
  0.          0.          0.          0.         13.33074544 26.66149088
 26.66149088 13.33074544 13.33074544  0.          0.         26.66149088
 26.66149088 39.99223632 66.6537272  79.12896838  0.          0.
  0.          0.          0.          0.          0.          0.
  0.          0.          0.          0.         15.82579368  0.
  0.          0.         15.82579368  0.         15.82579368 15.82579368
 15.82579368 47.47738103 63.30317471  0.          0.          0.
  0.          0.          0.          0.          0.          0.
  0.          0.          0.          0.          0.          0.
  0.          0.          0.          0.          0.         20.38115939
 20.38115939 40.76231879 61.14347818  0.          0.          0.
  0.          0.          0.          0.          0.          0.
  0.          0.          0.          0.          0.          0.
  0.          0.          0.          0.          0.          0.
  0.          0.          0.          0.          0.          0.
  0.        ]
