[  2862.68106659   6850.46579138   2997.07878373   2558.54517815
   3047.67881514   3080.11473272  25606.2107687   28782.33581743
  18299.04725789  10110.20141559   3167.10028176   2490.09002799
   2826.55186437   2838.8116074    2599.06552155   2289.84755856
   2763.89095557   3405.48417394  21342.85041492  26088.73315972
  30480.44555044  33237.52553766  28028.4969452   23996.40368325
  21702.46954369  11327.21836299      0.           2366.85938386
      0.           2510.26060824   2570.8734969    2820.71686721
   2356.5108419    2476.25825607   2461.47462469   3558.42007305
  17728.53075032  20561.07452264  17988.7226626   47153.87064812
 164062.82759739  32027.2590206   20040.69069808  17994.63611515
  18172.03969171      0.           2842.7814651    2551.1714086
   2237.89889076      0.           2599.49536082   2509.5128291
   2479.51865186   1999.61181602   2469.52059278   2841.11512192
   2142.9173295    2677.81349028   7195.2698513   18769.68957967
  21235.87748609  23708.73076523  64414.1619666  108778.88279127
  30474.08407608  17916.5218715   13837.31376683  12280.9492367
  14237.23613003      0.           2146.37326744   2415.41175994
   2290.78363474      0.           2864.46865553   2834.79529238
   2581.58259355   2961.4016418    2627.08175037   2724.01473664
   2017.78869381   2611.2559567   12407.42224273  14516.20925018
  17669.49864031  15659.62284334  23105.65876834  34199.54013588
  24197.63853205  14227.38851557  10128.50795325   9926.72908386
  10583.49952146   5823.91629664   2111.99764213   3159.07970596
   4832.88242114  10837.6815074    8789.37498837   8361.37064111
   8537.15814088  10511.58295711   3936.11140784   2889.029344
   4710.59546478   5650.6764418    8155.01140225  10496.29708756
   8832.68495208   9816.07589281  13940.71302503  16727.83657207
  30734.78836513  12992.98911324   8134.63024286   7293.90741789
   8404.68060482   6039.30353816   6214.8429731    7417.4748465
  13299.91335769  14450.25688877  13699.5456883    5079.4389684
   6095.32676208   6065.44770932   6483.7544479    7660.24215013
  10147.67329201  15753.73056522  14289.65698021   7395.06555693
   5677.0200235    3514.53244687   5325.3441785    8382.30591899
   6269.69223209   9540.83600536   5081.9555049    5870.53480738
   5081.9555049    3524.26799382  11653.44969226   7749.49536762
   4702.26917407]
