[  1979.8935006    5407.71617774   2411.93483072   1952.64223788
   2264.02704658   1911.12426339  14723.31170466  14515.7218322
  11988.31513492   9102.17810011   2652.19107466   2040.56611703
   2081.43192711   2169.97451563   1952.0235285    1754.50544641
   2039.20392336   2224.46226242  12728.33764852  10807.64457442
  10916.62006798  12973.53250904  17196.33288473  21446.37713381
  16438.95320445  10425.41684884      0.           2056.40312489
      0.           2069.70839313   2190.93417045   2284.07104814
   2083.01366137   2179.10726534   1902.65335854   2606.35421221
   9970.08100235   8589.2898315    8473.97750674  10780.22400195
  20413.23820884  27840.53461392  34179.75574946  25510.6343085
  14653.53542338      0.           2211.23739988   2297.88724524
   1929.62540246      0.           2104.59143636   2254.56232256
   2169.57882038   1757.99205491   2281.22381344   2331.21410884
   1727.99787767   2196.24031126   4260.83951129   8121.75665939
   6205.46200237  10054.7147482   10914.54782909  20009.4489056
 118270.37354463 126535.43571749  29660.90860424  23175.50094763
  13160.77843575      0.           1924.81215596   2098.89588641
   1972.28953699      0.           2306.60942841   2547.95278199
   2534.10521252   2771.49211768   2516.30119463   2294.74008316
   1764.57599498   2197.80709689   7778.37759222   7323.38602401
   4919.84360932   6381.75130023   9313.47957888  14931.6363342
  42729.64292776  56181.56755316  22227.32721927  16680.3865355
  11461.83107053   6621.32915791   1969.32952638   2583.3119531
   4032.92191495   9790.59944357   7907.88984461   7500.26665674
   8249.27426445  10593.10759468   3933.56376291   2889.029344
   5469.79365218   6595.85270866   7133.40578766   4860.90651531
   4239.28115381   5693.98640551   8898.92372011  11112.82715921
  19423.24490184  64628.65643623  17869.1814981   11230.01882572
  11724.26194101   4926.30882303   4018.73259558   5826.41528728
  12127.16053705  12765.82528969  12650.04396027   5225.09935058
   7085.0703846    8138.30699422   6756.40080429   6487.48932949
   5975.81055106   8325.05107394  17949.84094273  13072.08558043
   5318.47139044   3202.99494466   3368.49924271   7204.30473874
   5558.99730516   9229.29850314   6805.14731403   6970.65161208
   6104.18793404   2502.03556467   5695.29496238  17222.18254437
   4225.2273738 ]
