[  2113.84248099   5656.8240247    2641.58112713   2130.39106618
   2453.45280521   2004.539706    13280.56209102  14619.51676843
  12154.38703289   9802.34564627   2915.09445289   2270.77684718
   2300.74510791   2400.18524579   2149.54161059   1930.22842979
   2236.72200544   2333.43775598  11328.0025562    9884.07726644
  10783.12508836  19512.06212301  25097.05616827  22677.8002111
  17708.51770449  11232.60312216      0.           2294.4195901
      0.           2295.89795324   2405.29682545   2569.39513376
   2321.03012659   2535.39278159   2103.71074531   2749.75543659
   8873.13555399   7731.83921149   8450.32369654  10540.7291736
  29697.35871518  41110.32214018  34510.90909236  29661.87799987
  16267.90797003      0.           2427.86201328   2524.50991772
   2171.24516356      0.           2384.5370906    2522.84357454
   2437.86007236   1986.28107058   2549.50506542   2586.16461538
   1914.62831384   2384.5370906    4555.78225416   6235.45617961
   7615.18833266   8501.68290443  12257.62043218  28234.51884215
 107072.54737494 144078.69671667  29021.03282311  27088.0747343
  14477.18954796      0.           2146.37326744   2322.43522209
   2195.82887268      0.           2609.27773249   2882.27267341
   2868.42510395   3056.35640386   2818.96949871   2579.60436934
   1940.63794964   2389.69484522   7331.29892085   5317.46667545
   7020.71771994   6589.46484224   8684.40428022  19805.9807867
  54504.0334234   62037.11121363  20320.3190812   19552.76808787
  13467.75041908   7237.85922955   2173.14112031   2871.19582953
   4524.61738532  11016.01665209   8914.20958965   8585.56339444
   9337.11864707  12029.97933191   4468.56919699   3258.43785801
   6244.27770913   7474.7902075    8155.01140225   4573.02263888
   6557.6380348    5961.48912255   6435.35107844  13079.60904066
  29348.86952638  82401.0274272   16722.74128222  12789.17751931
  14144.52461897   5467.86665422   4410.895163     6547.247435
  13662.19687235  14416.64295442  14420.37783602   5889.90827438
   8138.30699422   9494.06901299   7805.90253232   7212.05635881
   5135.46219231   8832.99497078  24388.7768115   13972.19204469
   5949.66637989   3670.30119798   3524.26799382   8148.65279233
   6259.95668515  10407.2996834    7827.37974317   7837.11529012
   6883.03168958   2813.57306689   6561.75864042  17455.83567103
   4546.50042296]
