[ 1652.03742479  3924.74602631  2339.27837535  1964.31916821
  2369.11941952  1588.06252437  7340.89686508  8080.43578574
  7673.04066103  7696.39423311  2607.23868357  1920.6930741
  1907.07113741  2224.46226242  1919.33088043  1843.04803494
  2182.23425866  1907.07113741  6432.27850774  5425.61738592
  5414.71983657  6533.08083929  7963.38419234  9581.6702718
 12842.76191676 11067.02645071     0.          1973.61478917
     0.          2057.88148803  2119.97273982  2117.01601355
  1964.74461034  2179.10726534  2105.18910844  3259.79071918
  5246.71077659  4378.91161461  4699.71641555  5866.14493139
  6841.86460244  7900.37260922 10185.92202049 14452.47803662
 14748.15066421     0.          2452.85716098  2457.85619052
  2009.6098751      0.          2062.93285686  2079.59628866
  2144.58367268  1879.63510706  2361.20828608  2559.5031245
  2104.59143636  3537.64657117  3431.00060765  3982.56020023
  3565.97440523  3580.97149385  4184.18772501  5338.96354876
  7388.56566018 10884.55365185 18469.74780727 19856.14533304
 18149.80991671     0.          2369.91260312  2261.11027159
  2051.41850537     0.          2290.78363474  2437.17222625
  2389.69484522  2834.79529238  3327.37312058  3471.78348788
  2848.64286185  3232.41835852  5426.26900698  3885.23234769
  3329.35134479  3374.85050161  3724.99618671  4650.80511681
  7525.16489339 13309.49248231 38330.07228556 43172.76515071
 20723.87681996 11708.97607146  2336.19039546  2769.29003257
  4035.46955988  7538.48133061  6353.82644087  6682.47263609
  7902.79455476 10802.01447846  4998.47934121  4733.5242691
 12829.9398381  15530.44345771 13196.80070718  5125.86158742
  4015.08840048  3276.27137248  3220.22318414  4305.51992184
  7273.52625849 14648.95831395 59920.60861637 68664.1259961
 20049.96555318  6218.57785469  3480.90964599  5766.65718177
 11772.34678558 13068.35069884 13400.75516074  8803.11591802
 20101.13274111 20183.30013619 20601.60687476 10692.9660048
  3391.27248772  4029.93724037  8556.61373279 33838.02724535
 14061.82920295  3115.37502216  2034.72931135  3913.68987159
  5169.57542739  8450.4547476  13454.52587694 10494.91960589
 12140.22703947  3835.80549603  3504.79689993  6970.65161208
  4312.8472963 ]
