[ 1611.21487839  3800.19210283  2245.86293274  1933.18068734
  2317.2219514   1555.62660679  7203.36857458  7392.7943332
  7434.31230769  7443.02621056  2541.85338743  1886.63823236
  1852.58339062  2159.07696628  1864.84313365  1830.78829191
  2138.64406123  1885.27603869  5928.26685     5623.13546801
  5525.0575238   6094.45447768  7434.85304855  9164.83900891
 12014.54816566 10803.87781215     0.          1914.48026365
     0.          1986.92005741  2083.01366137  2068.23003
  1927.78553189  2131.79964493  2091.8838402   3415.01884867
  5115.13645731  4414.39232993  4758.85094107  4902.25216545
  5328.02074918  6865.51841265  9186.54853924 14044.44981055
 14582.57399276     0.          2399.53417922  2381.20440424
  1969.61763878     0.          2009.6098751   2012.94256146
  2102.92509318  1864.63801843  2267.893068    2479.51865186
  2104.59143636  3590.96955293  3685.95111419  4117.53399781
  4075.87541831  3795.92976407  3915.90647303  4642.43209952
  5780.54449147  8634.99035883 16110.20586437 20389.37515064
 17936.51798966     0.          2290.78363474  2195.82887268
  1972.28953699     0.          2259.13204738  2405.5206389
  2342.21746419  2771.49211768  3121.63780278  3281.87396376
  2896.12024288  3422.32788264  5537.04956272  3948.5355224
  3550.91245626  3198.78854695  3501.45685102  4300.65943171
  6142.38617086 10971.23146654 32284.61910097 43425.97784954
 19267.90380168 11586.6891151   2173.14112031  2644.45543128
  3910.63495859  7230.21629478  6147.46720201  6496.49455662
  7495.17136689  9999.50632735  4815.04890667  4753.90542849
 12626.12824416 15347.01302317 12998.08440309  5515.65126082
  3849.49148041  3174.36557551  3138.69854657  4183.23296548
  6639.16267237 12687.27172234 47386.19558947 75226.85932075
 19927.67859682  6005.68960381  3271.7562767   5374.49461436
 11111.27274337 12467.03476214 12918.95543506  8773.23686527
 20429.80232142 20190.76989938 21079.67171885 10722.84505755
  3122.36101293  3846.92804224  7835.78158507 28183.41651142
 15357.83311621  2959.60627105  1878.96056024  3446.38361826
  4858.03792518  8129.18169844 13454.52587694 10183.38210368
 12130.49149253  3757.92112048  3271.14377327  6337.8410607
  4712.00472101]
