[ 769.2498588  1220.88793744  312.6822454   250.40528366  373.66177044
  740.83635736 6053.83965579 5053.51595785 2995.78134703 1611.47511111
  337.82403005  197.51808209  196.15588842  207.05343778  186.62053273
  239.74608585  382.77642115  875.89052954 7710.0161698  5214.47736714
 3713.33994326 3296.50868037 3509.01089283 3682.00948886 2990.01510472
 1522.71403209    0.          189.23048166    0.          165.57667145
  143.40122438  189.23048166  189.23048166  202.5357499   354.80715311
  845.62371491 9420.12991503 5444.81143708 3663.38385585 2687.6641848
 2127.36455551 1975.0931523  2461.47462469 3138.56494187 2448.16935645
    0.          253.28416336  204.96021114  159.96894528    0.
  173.29969072  159.96894528  159.96894528  146.63819984  173.29969072
  253.28416336  346.59938144  734.85734239 4769.0741812  5682.23024385
 3627.62910289 2492.8493973  1941.28980472 1463.04931205 1394.72924167
 1433.05513481 1887.96682296 2076.2636023  2209.5710567     0.
  221.56111148  187.93129991  174.08373045    0.          174.08373045
  158.25793677  158.25793677  189.90952412  189.90952412  253.21269883
  300.69007986  621.16240182 8276.89009304 4215.5957907  2563.77857567
 1859.53075704 1398.6045162  1113.74023002 1078.13219424 1240.34657943
 1353.10535938 1667.64300871 1734.90263184  840.72282497  224.19275333
  224.19275333  264.95507211  529.91014423  410.17083279  389.7896734
  448.38550665  430.55199218  244.57391272  264.95507211  428.00434726
  631.81594119 2578.21666326 2705.59890946 1880.16195403 1388.46648367
 1003.77210012  840.72282497  835.62753513  919.69981762  980.8432958
 1064.9155783  1413.94293291  627.46010786  448.18579133  448.18579133
  627.46010786  657.33916062  541.55783119  268.9114748   478.06484408
  627.46010786  806.73442439  661.07404221  836.61347715  601.3159367
  687.21821337  690.95309497  601.3159367   311.53750222  155.76875111
  389.42187777  233.65312666  389.42187777  311.53750222  311.53750222
  389.42187777  233.65312666  389.42187777  545.19062888  389.42187777]
