[1.69285997e+03 4.93674665e+03 1.93188325e+03 1.56730354e+03
 1.85663192e+03 1.68147797e+03 1.61193536e+04 1.53305121e+04
 1.32390441e+04 8.59544206e+03 2.10322703e+03 1.61283730e+03
 1.64280557e+03 1.69865551e+03 1.60057756e+03 1.43575213e+03
 1.67822260e+03 2.01604663e+03 1.34530247e+04 1.40305948e+04
 1.74524253e+04 1.82860878e+04 1.81607660e+04 1.52184277e+04
 1.71854353e+04 9.66258147e+03 0.00000000e+00 1.53454094e+03
 0.00000000e+00 1.64098308e+03 1.69124743e+03 1.76073050e+03
 1.55967311e+03 1.59515383e+03 1.53454094e+03 2.23676343e+03
 1.04461139e+04 1.00617395e+04 9.16289473e+03 1.57061300e+04
 2.83136108e+04 6.27772123e+04 2.15604480e+04 1.54222843e+04
 1.34590180e+04 0.00000000e+00 1.68967198e+03 1.73966228e+03
 1.51303961e+03 0.00000000e+00 1.67467490e+03 1.66301049e+03
 1.72799788e+03 1.34140626e+03 1.63801535e+03 1.83464384e+03
 1.41805805e+03 1.72633153e+03 3.88591230e+03 7.93845891e+03
 6.63371220e+03 1.21976321e+04 1.91562812e+04 3.71794490e+04
 3.37939729e+06 3.88991152e+04 1.39972827e+04 1.01380319e+04
 1.15544236e+04 0.00000000e+00 1.54301488e+03 1.60038339e+03
 1.57268825e+03 0.00000000e+00 1.79622758e+03 1.87931300e+03
 1.84766141e+03 2.03757094e+03 1.78435824e+03 1.75270665e+03
 1.35112714e+03 1.75270665e+03 6.99895725e+03 5.14140472e+03
 4.84071464e+03 7.49746975e+03 1.21542095e+04 1.70364669e+04
 6.77027453e+04 2.42609417e+04 1.87298268e+04 8.14632730e+03
 8.27689009e+03 5.22776738e+03 1.65851685e+03 1.96932953e+03
 3.06991213e+03 6.98309474e+03 5.55386593e+03 5.37043550e+03
 5.73474872e+03 7.15123930e+03 2.76419474e+03 2.06868768e+03
 3.58198876e+03 4.29787699e+03 5.08000398e+03 4.36666340e+03
 4.21889999e+03 5.90034564e+03 1.03128667e+04 1.50871532e+04
 2.68114152e+04 2.32447123e+04 1.26210330e+04 7.06971466e+03
 6.51942336e+03 3.63403979e+03 3.26802140e+03 4.65366247e+03
 8.40721847e+03 8.95251118e+03 8.80311592e+03 3.60416074e+03
 4.80305773e+03 4.98606693e+03 4.77317868e+03 4.62751830e+03
 5.94593150e+03 1.11486216e+04 1.61944466e+04 8.05613960e+03
 3.72367695e+03 2.80383752e+03 2.97907736e+03 5.40322855e+03
 4.22522737e+03 6.63964302e+03 4.53676488e+03 4.62438480e+03
 4.22522737e+03 1.95684494e+03 4.69253363e+03 1.01833821e+04
 3.13484612e+03]
