[  973.36259082  2046.05768049  1306.51875983  1108.01094429
  1469.9957844    909.50312874  4072.65381045  3968.85887421
  3801.48953954  3914.94460636  1401.69728599   922.2051143
   952.17337503  1216.43894693   976.69286109  1042.07815723
  1337.67418352  1193.28165455  3789.62278876  3408.20856128
  2882.40180482  3089.4552426   3401.39759293  4405.33432741
  6189.80803455  5746.39751722     0.           842.66698863
     0.          1046.68110167  1107.29399033   984.58984988
   987.54657615  1238.8683096   1462.10114343  2773.4092468
  3558.42007305  2890.1999347   2332.85703169  2179.10726534
  2295.89795324  2761.58234169  3641.20840878  4829.81237169
  7300.15717521     0.          1111.45090107   994.80687847
   909.82337629     0.           949.81561261  1006.47128073
  1084.78941019  1006.47128073  1181.43731463  1486.37811657
  1608.02116871  2839.44877874  2667.8154312   2951.0937718
  2237.89889076  1837.97652755  1809.64869349  1812.98137985
  2214.57008624  2934.43034     4115.86765463  5858.86262093
  9034.91272203     0.           969.32986271   917.89603326
   826.89771962     0.          1032.63303742  1052.41527952
  1131.5442479   1289.80218467  1418.3867583   1721.05506237
  2322.43522209  3089.98621542  4437.15690217  3216.59256484
  2245.28447792  1750.72842551  1543.0148835   1608.29628242
  2035.5927117   2801.16548082  4156.24906441  6490.55363176
 10266.98364792  9163.87879222   942.62862194  1169.36902019
  1574.44456313  2435.5485475   1803.73260631  2193.52227971
  2639.36014144  3627.84637201  2190.97463478  3092.84093794
  6310.51647716  8972.80542291  9347.30922676  3895.34908905
  2621.52662697  1862.32843956  1413.94293291  1416.49057784
  1839.39963525  2560.38314879  4076.23187866  6802.21194752
 12463.07896902  2733.93332711  1497.68751936  1232.51092616
  1676.96183589  2132.61739041  3607.8956202   3424.88642207
 11200.90990164 12582.81609157 15350.36335302  7451.08878085
  1826.35709967  1262.38997891  1826.35709967  2946.82157799
  2644.29616884  1168.26563331   856.72813109   856.72813109
   778.84375554  1168.26563331  2034.72931135  1255.88555581
  1801.07618469  1489.53868247  1012.4968822   1411.65430692
  1255.88555581]
