[ 30.6169098   83.03594899  10.37949362  20.75898725  10.37949362
  20.75898725 281.54376453 291.92325816 229.64629642 141.66814164
  32.69264807  10.89754936  21.79509871  21.79509871  10.89754936
  21.79509871  21.79509871  54.48774678 294.23383263 326.9264807
 294.23383263 305.13138199 306.49357565 359.61912877 392.31177684
 167.05503459 167.05503459   0.           0.           0.
  11.8269051   11.8269051    0.          11.8269051   11.8269051
  47.30762041 249.84337031 319.3264378  283.84572249 273.49718052
 307.49953269 249.84337031 319.3264378  378.46096332 449.42239394
 506.56832672  26.66149088  26.66149088   0.           0.
  13.33074544   0.          13.33074544   0.           0.
  26.66149088  26.66149088  26.66149088 146.63819984 333.268636
 306.60714512 346.59938144 253.28416336 188.29677934 174.9660339
 213.29192704 279.94565424 359.93012688 519.89907216 617.2059534
  15.82579368  15.82579368  15.82579368  15.82579368  15.82579368
   0.           0.           0.           0.          15.82579368
  31.65158735  31.65158735 284.86428619 255.19092304 286.84251039
 253.21269883 205.7353178  142.43214309 158.25793677 189.90952412
 237.38690515 363.99325457 492.57782819 203.81159393   0.
  20.38115939  20.38115939  61.14347818  20.38115939  40.76231879
  40.76231879  20.38115939  20.38115939  20.38115939  20.38115939
  40.76231879 142.66811575 224.19275333 203.81159393 183.43043454
 122.28695636 101.90579697 101.90579697 163.04927515 224.19275333
 326.09855029 450.93315158  29.87905276   0.           0.
  59.75810551  59.75810551   0.           0.          59.75810551
  89.63715827 119.51621102 119.51621102  89.63715827  59.75810551
 119.51621102  89.63715827  59.75810551   0.           0.
   0.           0.           0.           0.           0.
   0.           0.           0.          77.88437555   0.        ]
