[  1035.87211501   1576.38559404    887.44670479    877.06721117
   1198.83151349   1482.97015143   6116.11661753   6066.81402282
   3737.91514109   2127.74651188    908.58317761    679.73464112
    711.06509552    711.06509552    745.11993726    939.91363201
   1556.98736433   3118.06130966  10843.06160983  15828.69044047
   9622.53608189   8328.45209579   5789.3230957    6037.24234356
   4225.52476303   2213.10961751      0.            711.09266936
      0.            653.43650697    678.56868032    903.27987729
    892.93133532   1082.16181698   2340.24884738   8704.60215626
  32512.16212985  22749.05196681  13518.15253344  10446.11393277
   4828.33400855   4222.20512199   5255.58095542   5211.23006128
   3792.00144885      0.            776.51592189    689.86607653
    708.19585151      0.            694.86510607    736.52368557
    721.52659695    738.19002875    831.50524683   1244.75835547
   2382.87074742   6658.70734733 149091.05700215  41418.62608241
  14317.22060267  12497.5738501    7241.92746034   3702.61454599
   3206.04427835   3550.97731661   3979.22751387   4570.77934278
   3269.36531919      0.            777.44211438    745.79052703
    714.13893967      0.            761.6163207     779.42033859
    747.76875124    876.35332486    923.83070589   1208.69499208
   1986.13710646   4168.11840967  22013.67900463  19354.94566691
  11461.83107053   8818.92352648   4199.76999702   2961.4016418
   2449.04157151   2720.05828823   3216.59256484   4150.31439178
   3088.00799121   1928.56720759    881.48514376    922.24746255
   1225.41720852   2618.97898204   2315.80923607   2173.14112031
   2249.57046804   2173.14112031   1306.9418461    1329.87065041
   2188.42698986   3683.89456034   8853.06611147  11642.73730344
   8626.32571322   5755.12988369   3115.76974225   2295.42807667
   2004.99655532   2002.44891039   2537.45434447   3482.63061133
   3217.67553922   3548.13751469   2939.3518148    2371.64981245
   2939.3518148    3182.11911844   2823.57048537   1441.66429544
   2304.42194375   3271.7562767    4952.45299419   3424.88642207
   3118.62613133   1923.46402112   1647.08278313   2733.93332711
   3663.91884412   2180.76251551   1489.53868247   2034.72931135
   1878.96056024   2102.87813996   1178.00118025   3134.84611605
   2579.91994022   1246.15000886   1635.57188663   2424.15118912
   2657.80431578]
