[  1414.75637382   3059.35574547   1503.72913868   1305.22132313
   1554.32917009   1774.89340959  12086.92032434  14868.62461539
   7540.70211733   4482.97936658   1510.67277956   1206.90359124
   1434.38993406   1215.07675326   1140.15610144   1118.36100272
   1546.08981497   2344.33530534  19370.39398137  22710.49285917
  23288.06297507  20738.03642563  14564.57471511  11513.26089526
   8263.06679965   4639.10352689      0.           1092.51035895
      0.           1105.81562719   1095.46708522   1269.9139355
   1117.64253229   1190.08232605   1389.66134968   2545.74132355
  19555.78758883  23884.43485676 658711.3066511   28561.97582524
  21554.53455134  16989.34918135  11185.29550175   9473.350988
   8012.7282077       0.           1138.11239195   1164.77388283
   1031.46642843      0.           1111.45090107   1086.45575337
   1069.79232157    924.82046491   1126.44798969   1364.73506443
   1218.09686459   1806.31600713   7075.29314234  21289.20046785
  43338.25342579  35833.04374301  24141.97999203  18383.09796191
  12900.82889966  10511.29277952   8601.66349523   7858.47443694
   7688.50743258      0.           1000.98145007   1066.26284898
   1080.11041845      0.           1113.74023002   1099.89266055
   1018.78546795   1242.32480364   1163.19583526   1194.84742261
   1190.89097419   1639.94786977  11991.99515871  20059.19348553
  20723.87681996  20059.19348553  18682.34943564  12957.368573
   9641.86479768   9076.09267373   7576.59872284   7572.64227442
   6557.81325488   3095.38858286   1047.08206383   1332.41829534
   1923.47191774   4073.68423374   3339.96249558   3156.53206104
   3253.34256816   3546.32173444   1513.30108495   1309.48949102
   2129.8311566    2700.50361962   5961.48912255  10659.34636271
  13670.66266307  13894.8554164   10868.25324649   8037.81973574
   6924.49890388   7862.03223597   6534.70923048   6575.47154927
   5841.74981111   3395.00736932   2939.3518148    3361.39343497
   4952.45299419   5139.19707391   4959.92275738   1983.22212663
   2845.97977494   3032.72385466   3813.31410789   4717.15545374
   8257.82320524   5471.60153581   5042.09015245   4806.79261201
   3096.21684177   2180.76251551   1956.84493579   3056.96174049
   2735.68869133   3349.02814882   2034.72931135   2502.03556467
   2424.15118912   1878.96056024   2492.30001773   3680.03674492
   2657.80431578]
