[ 1467.0602614   4521.56690965  1462.21116418  1253.32385501
  1492.05220835  1733.37543509 19918.24826313 20930.2488914
 13576.37765929  7235.97277279  1599.21536808  1196.00604189
  1236.87185198  1225.97430262  1151.05365079  1115.63661538
  1413.95702902  2014.6844373  17141.84513795 20383.86607154
 26742.58612112 29510.5636577  20656.30480545 17626.78608432
 14902.39874516  7518.95491963     0.          1151.64488446
     0.          1151.64488446  1107.29399033  1283.21920374
  1082.16181698  1130.94780053  1246.26012529  2105.18910844
 13701.46956254 15895.36045926 23369.96448475 61807.40607151
 60932.21509384 22843.66720764 16463.05190424 13423.53729261
 12844.01894253     0.          1246.42469865  1219.76320777
  1056.46157613     0.          1151.44313739  1113.11724425
  1136.44604877   911.48971947  1113.11724425  1298.08133723
  1083.12306701  1471.38102795  5210.6551239  15576.97604676
 21395.84643137 26981.42877078 45591.14940516 34993.20678028
 21942.40699442 16576.78195477  8441.69454995  9414.83896708
 10937.87663361     0.          1080.11041845  1123.63135106
  1080.11041845     0.          1192.8691984   1194.84742261
  1084.06686687  1289.80218467  1163.19583526  1226.49900996
  1016.80724374  1400.58274041 10911.88474025 12957.368573
 17511.24070354 18911.82344395 20375.70935907 21910.81134573
 17163.07324265 12708.11232259  7020.71771994  5853.56543626
  8502.40765294  4017.63604541  1105.67789709  1393.56177352
  2086.52119289  4524.61738532  3729.75216898  3546.32173444
  3643.13224156  4180.68532056  1638.13568624  1350.25180981
  2252.11811296  2802.40941658  5553.86593468 10106.50741416
 11540.83150647 11866.93005676 12468.17425887 13201.89599702
 12626.12824416  7558.86249     6863.3554257   4384.49691449
  6394.58875965  3155.97494728  2879.59370929  3514.52358034
  5434.25271987  5770.39206336  5557.50381248  2132.61739041
  3028.98897307  3182.11911844  3540.6677515   3996.32330602
  9400.69697313  7693.85608448  6274.60107861  4418.36492619
  2913.20764364  1947.10938885  2112.6136869   3290.61486715
  2657.80431578  3748.18557353  2268.38243801  2502.03556467
  2502.03556467  1878.96056024  3426.91252437  4380.99612491
  2424.15118912]
