[  1713.2712444    4246.51032864   2411.93483072   2036.97562357
   2431.39638126   1650.33948611   8018.158824     8960.09787032
   7997.39983676   8200.40589085   2673.98617338   2029.66856767
   2026.94418033   2291.20975223   2006.51127529   1908.43333108
   2238.08419911   2037.84172969   6914.49506677   6620.26123414
   5843.81084248   6718.33917835   8115.94988333  11338.90010555
  13807.19503482  11421.83360382      0.           2047.53294606
      0.           2142.14818689   2238.24179086   2236.76342772
   2106.66747158   2261.89560107   2199.80434927   3212.48309877
   6006.5894295    6149.99065388   4795.81001952   4962.86505411
   5876.49347336   7495.30110942  10543.68589988  13328.92205178
  15984.06224754      0.           2479.51865186   2552.83775178
   2091.26069092      0.           2171.24516356   2199.57299762
   2277.89112708   1999.61181602   2549.50506542   2694.47692208
   2131.25292724   3537.64657117   3404.33911677   4399.14599524
   3727.60969369   3674.28671193   4492.46121332   4964.03633326
   6813.67726307  11021.19379261  24022.00328307  19102.95821567
  17583.2532355       0.           2401.56419048   2462.88914097
   2162.19906111      0.           2356.06503366   2579.60436934
   2470.80203781   3040.53061018   3153.28939013   3216.59256484
   2769.51389347   3121.63780278   5268.01107021   3982.16533396
   3313.52555111   3246.26592798   3738.84375618   4953.47342088
   7321.4077998   14646.77204801  61261.64732346  39801.87109752
  18215.48852217  10990.54020285   2356.57155485   2891.57698893
   4361.56811017   8106.60614869   6802.21194752   7479.88549735
   9031.40125617  12992.98911324   5164.07626128   4651.99963153
  12661.7952731   15448.91882014  13135.657229     5085.09926863
   3625.29872709   3235.50905369   3383.27245929   4840.52535591
   7928.271004    16024.686573   142912.68966598  50198.79558575
  18694.61845353   6521.10326384   3690.06301528   6397.85217122
  13034.73676449  14147.73147962  14211.22446673   8082.2837703
  18749.10560394  19436.32381731  18853.68228858  10394.17547724
   3417.41665889   4750.76938809  10782.60316306  50002.59478596
  16284.08375163   3271.14377327   2268.38243801   5714.76605627
   5948.41918293   9618.72038091  13532.4102525   10806.45710811
  12208.37586808   4069.45862269   3894.2187777    8226.53716789
   4458.88050046]
