[  81.64509281  228.34885971   62.27696174   51.89746812   62.27696174
   93.41544261 1096.33401396  951.02110324  605.90294026  284.69847694
   65.38529614   32.69264807   32.69264807   43.59019743   43.59019743
   43.59019743   65.38529614  130.77059228 1292.72179243 1149.69145712
  874.52833587  743.75774359  636.14444369  689.26999681  754.65529295
  273.49718052    0.           35.48071531    0.           23.65381021
   23.65381021   35.48071531   35.48071531   35.48071531   47.30762041
  141.92286124 1570.02165251 1234.43322019  830.84008353  617.95579166
  510.03528259  452.37912021  486.38147239  557.34290301  616.47742853
    0.           53.32298176   49.9902954    13.33074544    0.
   39.99223632   26.66149088   39.99223632   13.33074544   26.66149088
   53.32298176   53.32298176  106.64596352  801.51106959 1566.36258921
  894.82628767  601.54988798  493.23758128  361.59647006  321.60423374
  346.59938144  413.25310864  453.24534496  548.22690622    0.
   47.47738103   45.49915682   31.65158735    0.           31.65158735
   31.65158735   15.82579368   31.65158735   31.65158735   31.65158735
   47.47738103   94.95476206 1907.00813807 1161.21761105  668.63978285
  490.59960399  379.81904825  271.01671672  284.86428619  300.69007986
  271.01671672  379.81904825  492.57782819  163.04927515   20.38115939
   20.38115939   40.76231879  122.28695636   81.52463757   81.52463757
  101.90579697  101.90579697   40.76231879   40.76231879   81.52463757
  122.28695636  611.4347818   738.81702801  529.91014423  366.86086908
  247.12155764  224.19275333  203.81159393  224.19275333  264.95507211
  305.7173909   369.408514     89.63715827   59.75810551   89.63715827
  119.51621102  149.39526378  119.51621102   29.87905276   89.63715827
  119.51621102  179.27431653  119.51621102  209.15336929  149.39526378
  179.27431653  149.39526378  119.51621102   77.88437555    0.
   77.88437555    0.           77.88437555    0.            0.
    0.            0.           77.88437555   77.88437555    0.        ]
