[  1754.0937908    4852.4132689    2308.13989448   1942.26274426
   2265.32448329   1639.95999248   9354.51862801  11152.76589824
   9292.24166627   9230.22430505   2661.72643035   2007.87346896
   1984.71617657   2180.87206499   1919.33088043   1808.9931932
   2062.36121574   2005.14908162   7780.85024062   6881.8024187
   7015.29739832   8135.02059471  10701.39346819  12259.74302619
  15627.08577738  11995.43850134      0.           2057.88148803
      0.           2069.70839313   2131.79964493   2189.45580731
   1988.39842055   3976.79684109   1997.26859937   2938.98591825
   7329.72443797   5532.03486222   5832.14257922   5997.71925067
   8089.60309087  10682.65203484  15682.4761674   15091.13091222
  17462.42538549      0.           2359.5419429    2452.85716098
   2022.94062054      0.           2156.24807494   2132.91927042
   2196.24031126   2079.59628866   2857.77855372   2439.52641554
   1902.96391158   2934.43034      4047.54758425   4814.06544706
   4314.16249305   4410.8103975    5044.0208059    7418.55983742
  13167.44380847  20542.6787232   29234.32475015  20009.4489056
  18982.98150671      0.           2164.17728532   2241.3280295
   2083.07009273      0.           2340.23923998   2532.12698831
   2405.5206389    2929.75005444   2913.92426077   2611.2559567
   2306.60942841   2706.21071876   5792.24048576   4393.63596956
   4219.55223912   3740.82198039   4375.83195168   6336.25214341
  12063.21123025  32854.34767334 158827.66534183  23168.96194305
  19995.89031082   9635.19310319   2213.9034391    2769.29003257
   4116.99419745   7966.48567786   7375.43205546   8195.77372104
   8947.32897367  12091.12281009   4672.38079092   3933.56376291
   9976.57752303  12371.36375175  10042.81629106   4430.35452312
   3523.39293012   3622.75108216   3854.58677026   5576.794739
  11209.63766633  29838.01735182 150535.24327908  28951.43691821
  19723.86700289   6069.18259092   3630.30490977   6125.20581483
  12762.0904081   13576.29459568  13430.6342135    6969.28905517
  14506.28011269  15256.99131316  14177.61053238   8470.71145612
   3600.42585701   5079.4389684   12429.6859462   94507.44386495
   9191.54360384   3436.64807132   2424.15118912   6736.99848542
   6337.8410607    9618.72038091  11419.7965656    9550.5715523
   9706.34030341   3290.61486715   3582.68127548  12996.95517056
   6425.4609832 ]
