[ 1384.13946402  3048.97625185  1953.93967459  1691.8574606
  2046.05768049  1294.84182951  5524.48548101  5734.67022688
  5576.38294912  6118.97396374  2202.6671637   1569.24710735
  1555.62517066  1852.58339062  1600.57756175  1600.57756175
  1864.84313365  1676.86040725  5018.32147872  4330.41367558
  4045.71519864  4526.569564    5428.34177326  6993.5022996
  9423.65580613  9352.12521069     0.          1581.84855761
     0.          1689.76906668  1774.03576554  1713.42287689
  1654.28835137  1881.95627461  1926.30716875  3307.0983396
  4414.39232993  3605.72769347  3200.65619367  3215.43982505
  3688.51602919  4770.67784617  6424.96619754  8639.55417819
 11699.76587375     0.          2091.26069092  1967.9512956
  1634.68265959     0.          1674.67489591  1717.99981859
  1821.31309575  1584.69236419  1932.95808882  2211.23739988
  2036.27136598  3844.25371629  3042.7426467   3485.98993259
  2867.7766128   2616.15879262  2856.11221054  3181.04913065
  4185.85406819  5858.86262093  9438.1677716  13547.37005351
 15170.38831084     0.          1940.63794964  1802.16225496
  1622.14385189     0.          1956.46374331  2102.85233482
  2039.54916012  2387.71662101  2358.04325787  2611.2559567
  2975.24921127  5780.3711405   5169.09985973  3821.92917298
  2850.62108606  2561.80035146  2561.80035146  3010.85724704
  4217.57401491  6682.44138009 14357.95131341 35782.11950358
 19291.6424922  10292.48549363  1475.08641109  1989.71068577
  2947.62517726  5467.24600726  4855.81122546  5245.60089886
  5816.27336187  7377.97970038  3910.63495859  4384.49691449
 11678.40433237 14078.28585094 12728.03404113  5556.4135796
  3564.15524891  2700.50361962  2318.35688099  2973.1016265
  4422.71158835  7133.40578766 16962.21990509 48547.92167489
 15866.7325877   3697.53277847  2397.79398361  3301.63532946
  7959.03267769  8623.84160149 10188.75698955  6308.21501296
 19974.1467669  20579.1975852  23604.45167667 11417.53303411
  2666.70545841  2737.6682087   4261.49989922  5471.60153581
  3697.53277847  1947.10938885  1479.80313552  1411.65430692
  1878.96056024  5237.724256   10095.76218118  9550.5715523
 11117.99461033  3446.38361826  2102.87813996  2502.03556467
  2112.6136869 ]
