[ 1322.90564441  2755.75555699  1765.81135267  1536.16505625
  1889.06783944  1263.70334864  4928.96203437  5044.43390093
  4918.58254074  5294.84679364  1927.50404245  1328.13882784
  1379.90218728  1687.7579566   1448.01187076  1469.80696947
  1776.30054513  1653.70311487  4438.02697548  3837.2995672
  3639.78148511  4010.29816323  4650.52918793  5996.37653347
  8227.64976424  7912.19951432     0.          1271.39229864
     0.          1499.06022188  1596.63218899  1558.1947474
  1512.36549013  1750.38195534  1831.69192792  3188.82928856
  4200.02967492  3332.23051294  2950.81282335  2928.63737628
  3202.1345568   3916.18395244  4998.34576942  6652.63412079
  9488.13461938     0.          1636.34900277  1508.04057791
  1339.73991673     0.          1553.03184377  1623.01825733
  1701.33638679  1516.37229381  1797.98429123  2077.92994548
  2009.6098751   3349.34979183  2949.42742862  3377.67762589
  2734.4691584   2427.86201328  2534.5079768   2724.47109932
  3367.67956681  4439.13823156  6032.16231165  7871.80518238
 11364.46048769     0.          1637.96964556  1493.55927826
  1448.06012144     0.          1988.11533067  2118.6781285
  2055.37495379  2292.76185895  2276.93606527  2563.77857567
  3070.20397333  4298.6812075   5202.7296713   4043.49028446
  2913.92426077  2371.89082733  2290.78363474  2468.8238136
  3072.18219754  4203.72644544  6130.51682561  9167.09098737
 11620.0890073   8447.99056853  1617.75452684  1803.73260631
  2415.16738811  4300.42463199  4099.16068298  4651.99963153
  5222.67209454  6598.40035359  3604.91756769  4201.06647995
 10244.08024007 12294.93440402 11438.9257095   5862.1309705
  3645.67988648  2659.74130083  2132.37880153  2257.21340281
  2662.28894575  3688.98985019  5737.29636922  9283.61810366
 10720.48984089  3361.39343497  2188.64061432  2222.25454867
  5762.92230017  7331.57256983  8713.47875976  5766.65718177
 18928.37992047 19555.84002833 24321.5489428  10935.73330843
  2521.04507623  2013.10117939  2550.92412898  3906.68614775
  3484.64452758  1791.34063774  1401.91875997  1255.88555581
  1255.88555581  4059.72307575  8917.76100093  8693.84342121
 10173.64655673  3290.61486715  1635.57188663  1878.96056024
  1878.96056024]
