[  912.12877122  1961.72429481  1180.66739965   971.78009048
  1303.92388643   866.68771755  3696.3971666   3614.65865432
  3540.70476225  3771.91427106  1280.4620494    800.96987771
   830.93813844  1073.40861163   833.66252578   942.63801935
  1185.10849253  1159.22681281  3582.56935099  2938.25174528
  2652.19107466  2826.55186437  3158.92711975  4077.04565304
  5740.28412359  5614.82319794     0.           677.09031718
     0.           926.9336875    975.71967105   842.66698863
   833.79680981  1119.12089543  1343.8320924   2665.48873773
  3462.32646908  2724.62326325  2177.6289022   2000.22532565
  2069.70839313  2464.43135097  3247.96381408  4507.52920762
  6726.55227768     0.           991.47419211   724.85928331
   736.52368557     0.           776.51592189   871.49748315
   936.48486717   859.83308089  1033.13277161  1299.74768041
  1488.04445975  2626.1568517   2506.18014274  2774.46139472
  2104.59143636  1754.65936855  1674.67489591  1638.01534595
  1932.95808882  2599.49536082  3710.94626189  6637.04488599
  8295.05635011     0.           856.57108276   769.52921754
   698.313146       0.           888.22267012   892.17911854
   941.63472378  1066.26284898  1179.02162893  1497.51572668
  2083.07009273  2866.44687974  4087.01121707  2977.22743548
  2087.02654115  1653.79543924  1416.40853409  1434.21255197
  1796.22758233  2498.49717675  3598.3898373   6282.84008975
  9408.43434094  8488.75288732   820.34166558   963.00978133
  1041.98677398  1964.23423653  1576.99220806  1885.25724388
  2127.28351168  2685.21775007  2045.7588741   2766.74238764
  5650.6764418   8009.79564158  8506.58640179  3607.46521262
  2537.45434447  1778.25615707  1312.03713595  1312.03713595
  1615.20688192  2231.73695357  3523.39293012  6251.9206439
 10002.05397227  2431.40791796  1258.65509732  1049.50172803
  1348.29225558  1710.57577024  2584.53806333  2972.96574915
  9789.12465895 10842.36126857 12702.33230259  6521.10326384
  1676.96183589  1112.99471513  1617.20373038  2554.65901058
  2371.64981245  1012.4968822    623.07500443   700.95937999
   623.07500443  1012.4968822   1401.91875997  1246.15000886
  1178.00118025  1168.26563331   856.72813109  1401.91875997
  1022.23242915]
