[  1928.8653176    5207.91092549   2537.7861909    2130.39106618
   2474.21179246   1837.17037133  10418.41672439  11422.63273245
  10086.27292845   9734.23596279   2947.78710096   2248.98174847
   2246.25736113   2421.98034451   2127.74651188   1962.92107786
   2280.31220287   2191.76961435   9066.7610647    9600.74098317
   8197.68150351   9843.21145636  11998.20184163  13420.33203266
  16635.10909286  12376.85619094      0.           2272.24414303
      0.           2319.55176345   2357.98920503   2461.47462469
   2214.58798065   2357.98920503   2176.15053907   3141.52166815
   8802.17412337   6921.69621189   6274.17315747   7175.97467162
   9183.59181296  13541.80634364  17752.18456053  16711.41691141
  19218.72079338      0.           2574.50021312   2707.80766752
   2251.2296362       0.           2411.19858148   2374.53903152
   2451.1908178    2536.17431998   2751.1325902    2841.11512192
   2076.2636023    3094.39928528   4867.38842882   5577.2506235
   4770.74052438   4867.38842882   6058.82380253   8291.72366375
  13624.02183979  30940.66016649  40445.48166528  19416.23073352
  19089.62747023      0.           2385.7383968    2532.12698831
   2306.60942841      0.           2688.40670087   2850.62108606
   2676.53735561   3232.41835852   3169.11518381   2787.31791135
   2464.86736518   2818.96949871   7046.43463466   4458.91736848
   3901.05814137   3994.03467922   4838.73641673   6989.06613258
  15885.14040323  55706.79374285 147053.27484619  23042.35559363
  17574.54387825   9411.00034987   2478.85851121   3115.76974225
   4588.30850842   9258.14165442   8914.20958965   9202.09346609
   9971.48223318  13589.1380255    5309.29202196   4160.30416116
  10552.34527589  12860.51157719  10371.46248628   5001.02698614
   3829.11032102   3688.98985019   4346.28224063   6234.08712943
  12029.97933191  37786.66951522  77978.31583885  24019.19634503
  17303.60432493   7212.05635881   4112.10463545   6846.03796255
  14446.52200718  15260.72619476  14995.54960156   7600.48404462
  14595.91727095  15559.51672231  14114.11754527   8862.87402353
   4354.87193908   5919.78732714  14532.42428385  53139.89532526
   9101.90644558   4692.53362713   3047.22619355   8216.80162094
   7048.53598763  10796.72156117  11653.44969226  10261.26647923
   9784.22467896   3368.49924271   4750.94690879  33178.74398598
   6659.11410986]
