[  871.30622481  2056.43717412   887.44670479   773.27227494
   979.5647107   1096.33401396 10504.04754679 10192.66273809
  6056.4345292   2981.8419427    952.17337503   712.42728919
   721.96264488   765.5528423    701.52973983   711.06509552
   986.22821677  1521.57032892 10407.15963556 15300.15929668
 13937.9656271  12630.25970431  9889.52604112  7957.93541766
  7208.7288994   3129.69476304     0.           653.43650697
     0.           677.09031718   678.56868032   759.87865291
   678.56868032   714.04939563   889.97460905  1654.28835137
 10966.49775733 43120.89600779 20419.1516614  15179.83270049
 11800.29456713  9588.66331276  7992.03112377  7113.88341983
  6490.01417561     0.           723.19294013   719.86025377
   641.54212431     0.           694.86510607   656.53921293
   654.87286975   549.8932494    683.20070381   854.83405135
   828.17256047  1256.42275773  6000.50179123 24561.8984734
 25901.63839013 17376.62668118 11534.42749205  8664.98453607
  7591.85952814  6408.75587033  6858.66852893  6193.79760011
  6068.82186161     0.           635.00997129   666.66155864
   666.66155864     0.           682.48735232   668.63978285
   589.51081447   763.59454491   700.2913702    747.76875124
   761.6163207   1129.56602369 10690.32362878 15184.84903303
 14168.04178929 13368.8392086   8874.31380435  6813.00417793
  6029.62739092  5444.07302487  5554.85358061  5724.98086264
  5444.07302487  2132.37880153   636.91123104   820.34166558
  1143.89257095  2371.8574244   1926.01956267  1803.73260631
  1920.92427282  2068.68767842   937.53333209   817.79402066
  1370.6329692   1778.25615707  4690.21430539 10557.44056574
 10939.58730437  9222.47462548  6272.3018033   5187.0050656
  4853.26358053  4651.99963153  5222.67209454  5123.3139425
  4797.2153922   2192.37549592  1796.47804691  1953.34307388
  2760.07749827  2913.20764364  2733.93332711  1169.01793905
  1856.23615242  2069.1244033   2550.92412898  2913.20764364
  4474.3881501   3787.16993673  3839.45827905  3424.88642207
  2013.10117939  1324.03438442  1168.26563331  1645.30743358
  1411.65430692  1791.34063774  1168.26563331  1411.65430692
  1333.76993136  1012.4968822   1401.91875997  2268.38243801
  1489.53868247]
