[ 1139.20418559  2296.46296416  1410.31369607  1201.4263869
  1490.75477165  1106.71350759  4217.96672117  4251.70007545
  4062.27431682  4330.41367558  1599.21536808  1052.97570658
  1072.04641796  1281.82424307  1085.66835465  1160.58900648
  1403.05947966  1412.59483535  3790.98498243  3310.13061707
  3090.81743627  3353.7208145   3850.92150389  4899.81062947
  6737.40988972  6578.71596389     0.          1033.37583343
     0.          1175.29869467  1213.73613626  1187.12559978
  1130.94780053  1321.65664533  1485.75495364  2511.73897138
  3570.24697815  2915.33210804  2522.08751335  2428.95063566
  2640.35656438  3213.96146191  4186.72440668  5567.51557753
  8071.86273322     0.          1381.39849623  1218.09686459
  1044.79717387     0.          1204.76611915  1261.42178727
  1338.07357355  1181.43731463  1381.39849623  1674.67489591
  1767.99011399  2759.4643061   2867.7766128   3096.06562846
  2439.52641554  2077.92994548  2077.92994548  2134.5856136
  2629.48953806  3487.65627577  4930.70946966  6918.65688342
  9568.14253964     0.          1287.82396046  1147.37004158
  1095.93621213     0.          1477.73348458  1608.29628242
  1610.27450663  1814.03160022  1863.48720546  2229.45868424
  2799.18725661  3535.08666259  4868.40977987  3806.10337931
  2724.01473664  2116.69990429  1861.50898125  1912.9428107
  2464.86736518  3517.2826447   4951.49519667  8336.23681933
 10567.67372778  8427.60940914  1148.9878608   1230.51249837
  1780.80380199  3008.76865544  2705.59890946  3176.91322043
  3747.58568345  4509.33151577  2764.19474272  3319.58133619
  7658.22064204  9133.30705313  8914.20958965  5329.67318135
  3215.1278943   2333.64275054  1803.73260631  1824.1137657
  2249.57046804  3052.07861915  4774.28658789  8524.41991626
 10106.50741416  2789.95655102  1852.50127083  1501.42240095
  3391.27248772  5015.94598129  5800.27111612  4026.20235877
 13004.85771174 14353.14996732 19040.4263683   7212.05635881
  2248.39871983  1594.79444081  2099.00345606  3155.97494728
  2823.57048537  1401.91875997  1012.4968822   1090.38125776
  1090.38125776  2336.53126662  6571.49418736  6337.8410607
  7272.45356735  2657.80431578  1246.15000886  1567.42305802
  1489.53868247]
