[ 696.53469802 1512.8111956   783.65176856  616.28243388  864.09284414
  647.42091475 3100.87371996 2955.56080924 2788.19147456 2773.42631126
  863.63078651  494.47630206  480.85436536  656.57734874  504.01165774
  559.8615982   735.58458157  796.8832967  3024.06994646 2596.34113421
 2278.9500092  2322.54020663 2611.32526458 3188.89538048 4432.5782008
 3855.57106378 3855.57106378  354.80715311  354.80715311  557.34290301
  558.82126615  484.90310925  452.37912021  678.56868032  867.79916198
 1856.82410127 2950.81282335 2437.82081448 1973.61478917 1844.99719616
 1735.59832396 2177.6289022  2665.48873773 3364.75450198 4850.50945562
 5467.27197362  629.87772205  629.87772205  441.5809427   441.5809427
  306.60714512  268.28125198  373.26087232  456.57803132  509.90101308
  683.20070381  924.82046491 1982.94838422 2009.6098751  2466.18790642
 1849.64092981 1914.62831384 1594.69042327 1356.40334853 1678.00758227
 2236.23254758 3122.72711934 3714.27894825 5748.88397105 6824.87352318
  522.25119134  522.25119134  284.86428619  284.86428619  284.86428619
  255.19092304  271.01671672  318.49409775  429.27465349  636.9881955
 1034.61126163 1752.70664972 3020.74836809 2261.11027159 1608.29628242
 1558.84067718 1604.339834   1131.5442479  1430.25610355 2259.13204738
 2961.4016418  4120.64102863 6255.14495081 6705.4014404   491.69547036
  389.7896734   448.38550665  754.10289755  634.36358612  675.1259049
  794.86521634 1166.82137527  856.00869452 1146.44021587 2866.10053969
 4771.73894296 5612.46176794 2275.04691728 1655.96920071 1615.20688192
 1434.32409231 1006.31974505 1286.5606867  2211.35579418 2723.43242393
 4302.97227692 7276.07390342 1408.05036109  657.33916062  511.67877843
  776.85537164  900.10646425  840.34835874  780.59025323 2005.6314162
 2125.14762722 2394.05910202 2222.25454867 1284.79926848  870.2274115
 1437.92941385 1833.82686286 1352.02713718  545.19062888  311.53750222
  467.30625332  311.53750222  623.07500443  700.95937999  778.84375554
  856.72813109  545.19062888  545.19062888 1012.4968822   545.19062888]
