[  1764.2994274    4465.77713143   2422.31432434   2057.73461082
   2422.31432434   1681.47796698   8602.00534032   9564.70337388
   8394.41546785   8508.26166017   2717.5763708    2073.25876509
   2070.53437776   2302.10730158   2028.306374     1928.86623612
   2225.82445609   2081.43192711   7001.67546162   8197.68150351
   8418.35687798   9865.00655507  11447.87559912  12128.97243391
  14003.35092324  11850.55891383      0.           2083.01366137
      0.           2153.975092     2250.06869596   2272.24414303
   2118.49437669   2273.72250617   2164.32363396   3247.96381408
   6161.81755898   5079.655742     4760.32930421   5128.44172556
   6161.81755898   8802.17412337  12394.59654859  16232.42725472
  16102.33129858      0.           2467.8542496    2594.49633128
   2117.9221818       0.           2197.90665444   2239.56523394
   2277.89112708   2026.2733069    2709.4740107    2667.8154312
   2091.26069092   3429.33426447   3659.28962331   4585.7764314
   4222.51361815   3902.57572759   4464.13337926   5460.6066009
   7671.84400078  12790.85024978  28261.18033303  19042.96986119
  19809.487724        0.           2401.56419048   2405.5206389
   2209.67644214      0.           2387.71662101   2565.75679987
   2486.62783149   3216.59256484   3089.98621542   3089.98621542
   2672.58090719   2945.57584812   5539.02778693   5333.29246913
   4205.70466965   3723.0179625    4106.79345917   5240.31593128
   7926.74440794  17155.16034581  91947.86126306  31263.85540881
  18373.74645893  10745.96629013   2397.33387364   2932.33930771
   4710.59546478   8233.9883949    6947.4277082    7991.96212711
   9296.35632828  13115.2760696    5102.9327831    4567.92734903
  12050.3604913   14873.15106728  12422.31665023   5739.84401414
   3910.63495859   3378.17716944   3589.63169815   5207.38622499
   8318.0606774   19015.62171397 167451.60557554  36981.61371918
  17216.98439751   6640.61947486   3869.33733181   6517.36838225
  13512.80160857  14360.61973051  14360.61973051   8171.92092857
  17815.38520533  18412.96626044  17591.29230967  10091.6500681
   3596.69097542   4900.16465187  10872.24032133  73532.34883074
  13191.60179146   3358.76369576   2268.38243801   6425.4609832
   6104.18793404   9696.60475647  13142.98837473  10572.80398145
  11896.83836587   3991.57424714   3738.45002659   9862.10905452
   4458.88050046]
