[  2154.66502739   5804.73180883   2663.63755108   2142.06799651
   2494.9707797    2016.21663633  12886.14133334  14868.62461539
  12637.03348638   9998.50153469   2969.58219968   2303.46949525
   2344.33530534   2432.87789386   2182.23425866   1952.0235285
   2280.31220287   2356.59504837  11219.02706263   9884.07726644
  11442.42682444  21179.38717457  26186.81110393  22590.61981625
  18100.82948133  11421.83360382      0.           2319.55176345
      0.           2343.20557365   2440.77754076   2594.52730711
   2356.5108419    2511.73897138   2139.19146062   2915.33210804
   8944.09698461   7782.10355818   8473.97750674  14653.53542338
  28550.14892013  40022.24687064  35362.44625982  31234.85637865
  16652.28238589      0.           2454.52350416   2561.16946768
   2197.90665444      0.           2437.86007236   2562.83581086
   2439.52641554   2026.2733069    2589.49730174   2639.48759714
   1941.28980472   2424.52932692   4732.41463124   6448.74810665
   6888.66270618   8874.94377675  17269.98071766  28554.45673271
  93341.87957163 138533.10661359  30367.43811256  27741.28126086
  14903.77340204      0.           2193.85064847   2350.13036103
   2227.48046003      0.           2656.75511352   2913.92426077
   2884.25089762   3058.33462807   2866.44687974   2642.90754405
   1988.11533067   2437.17222625   7380.75452609   5349.11826281
   6559.79147909   6939.61052734   9444.04237672  21459.77622594
  48901.70246176  64268.54812208  21269.86670182  20628.9220579
  14326.29972606   7380.52734531   2193.52227971   2911.95814832
   4606.14202289  11179.06592724   9077.2588648    8707.8503508
   9500.16792221  12172.64744766   4550.09383456   3319.58133619
   6386.94582488   7599.62480879   8259.46484414   4674.92843584
   6453.18459291   5693.98640551   6662.09147669  18572.33149717
  27871.23547037  84133.42597564  16804.26591979  13522.89925747
  14598.00541547   5527.62475973   4500.53232126   6636.88459327
  13815.32701772  14569.77309979  14603.38703414   5979.54543265
   8377.33941626   9762.98048779   7988.91173044   7301.69351707
   5101.84825796   9886.2315804   23126.38683259  14181.34541397
   6039.30353816   3748.18557353   3602.15236937   8304.42154344
   6269.69223209  10563.0684345    7905.26411873   7992.88404122
   7038.80044069   2891.45744244   6639.64301597  17309.80246686
   4702.26917407]
