[2.64708699e+03 6.62990155e+03 3.19558660e+03 2.59098110e+03
 2.99578135e+03 2.51702720e+03 1.85014474e+04 1.80032317e+04
 1.57872098e+04 1.11863344e+04 3.45179876e+03 2.72030076e+03
 2.79522141e+03 2.92599200e+03 2.65355327e+03 2.35795724e+03
 2.73119831e+03 2.96958220e+03 1.47498331e+04 1.49732328e+04
 1.82370488e+04 1.84168584e+04 1.82043562e+04 1.93377013e+04
 1.98553349e+04 1.25660867e+04 0.00000000e+00 2.65366183e+03
 0.00000000e+00 2.78375779e+03 4.71745677e+03 3.04542806e+03
 2.70244782e+03 2.77340925e+03 2.55608987e+03 3.40319194e+03
 1.21344046e+04 1.10138054e+04 1.28794997e+04 2.01293925e+04
 2.95554359e+04 4.52024313e+04 2.37070313e+04 1.58953605e+04
 1.80301168e+04 0.00000000e+00 2.78945848e+03 2.99441869e+03
 2.55950312e+03 0.00000000e+00 2.82778438e+03 2.93776303e+03
 2.90776885e+03 2.29455456e+03 2.93942937e+03 3.14938861e+03
 2.31788336e+03 2.73280282e+03 5.21232147e+03 1.12344857e+04
 1.26808716e+04 1.54503340e+04 2.31755009e+04 3.74060717e+04
 9.43944752e+06 5.14566774e+04 1.70033658e+04 1.36306872e+04
 1.59768984e+04 0.00000000e+00 2.45101980e+03 2.74181875e+03
 2.70423249e+03 0.00000000e+00 3.08800799e+03 3.36100293e+03
 3.32935134e+03 3.71114862e+03 3.20274500e+03 3.12163780e+03
 2.27495784e+03 2.88227267e+03 8.11467571e+03 9.07213623e+03
 1.27358075e+04 1.22214692e+04 1.57506212e+04 2.07950929e+04
 6.46800188e+04 3.28701735e+04 1.41680418e+04 1.13906150e+04
 1.32105813e+04 7.36014619e+03 2.62407427e+03 3.46479710e+03
 5.44686485e+03 1.30897996e+04 1.02262467e+04 9.69378894e+03
 1.04020342e+04 1.34872322e+04 5.12586159e+03 3.70937101e+03
 6.45318459e+03 7.70153061e+03 7.70662590e+03 8.09641557e+03
 8.83523260e+03 7.72700705e+03 9.83900470e+03 1.64832627e+04
 2.36523355e+04 2.33669992e+04 1.14745927e+04 9.57150198e+03
 1.20962181e+04 6.25219179e+03 5.67328514e+03 7.89927457e+03
 1.56192748e+04 1.66426324e+04 1.63811907e+04 6.61074042e+03
 8.22794415e+03 8.47071146e+03 7.92915362e+03 8.50432539e+03
 8.43709752e+03 1.19292118e+04 1.79498409e+04 1.15109051e+04
 6.03930354e+03 4.83856683e+03 5.24745980e+03 1.01054977e+04
 7.59372662e+03 1.24420290e+04 8.76199225e+03 9.23903405e+03
 8.37257037e+03 3.21273049e+03 8.06103287e+03 2.07464505e+04
 5.48111293e+03]
