[ 1003.97950063  2129.09362948  1399.93420244  1180.66739965
  1514.1086323    940.64160961  4238.72570842  4167.36668976
  4010.37684871  4209.17843899  1499.7752302    998.4879598
  1017.55867117  1314.51689114  1052.97570658  1129.25855208
  1404.42167333  1303.61934178  3812.78008114  3267.90261331
  2981.8419427   3266.54041964  3729.6862673   4702.29254738
  6486.76625452  6436.79310264     0.           915.10678239
     0.          1141.2963425   1213.73613626  1092.51035895
  1059.98636991  1333.48355043  1544.88947916  2797.06305701
  3796.43653826  3128.21639991  2439.29917762  2297.37631638
  2415.64536741  2916.81047118  3737.30201274  5138.79026752
  7622.44033928     0.          1141.44507831  1138.11239195
   964.81270123     0.          1043.13083069  1126.44798969
  1204.76611915  1088.12209655  1301.41402359  1594.69042327
  1727.99787767  2921.09959456  3109.3963739   3231.03942605
  2359.5419429   1931.29174564  1902.96391158  1946.28883426
  2387.86977696  3111.06271708  4330.82592485  6208.79468873
  9301.52763083     0.          1078.13219424  1010.87257111
   921.85248168     0.          1159.23938684  1194.84742261
  1244.30302785  1450.03834565  1592.47048874  1910.96458649
  2482.67138307  3422.32788264  4692.34782521  3709.17039303
  2358.04325787  1845.68318757  1653.79543924  1689.40347501
  2164.17728532  3056.35640386  4300.65943171  7030.60884098
 10634.93335091 10004.6016172   1024.15325951  1291.65597655
  1757.87499767  2743.81358333  2109.44999721  2560.38314879
  3151.43677119  4160.30416116  2435.5485475   3278.8190174
  6983.09473714  9647.93132781  9777.86121895  4285.13876245
  2784.57590211  2004.99655532  1477.63405602  1518.3963748
  1923.47191774  2746.36122825  4404.87807388  7357.59854099
 11912.7876654   2946.82157799  1736.7199414   1381.90618993
  1889.85008677  2644.29616884  4478.1230317   3817.04898949
 12284.02556401 13636.05270119 17337.32036125  7843.25134826
  1945.87331069  1352.02713718  1919.72913953  3245.61210554
  2853.44953813  1324.03438442  1012.4968822    934.61250665
   856.72813109  1324.03438442  3680.03674492  1801.07618469
  4293.37620241  1956.84493579  1090.38125776  1489.53868247
  1489.53868247]
