[1.90717834e+03 5.64644453e+03 2.21342702e+03 1.79694983e+03
 2.08757565e+03 1.83846781e+03 1.57872098e+04 1.61660613e+04
 1.53097531e+04 9.88952604e+03 2.42061815e+03 1.86484313e+03
 1.89481139e+03 1.96155888e+03 1.81989074e+03 1.66460066e+03
 1.89753578e+03 2.19176961e+03 1.36055904e+04 1.33712931e+04
 1.43357262e+04 1.62210022e+04 2.36040919e+04 1.91633405e+04
 1.94194330e+04 1.12799107e+04 0.00000000e+00 1.79621121e+03
 0.00000000e+00 1.87899955e+03 2.45260445e+03 2.05788149e+03
 1.79768958e+03 1.84499720e+03 1.74742523e+03 2.48660680e+03
 1.05643830e+04 1.06087339e+04 1.24951252e+04 2.41741940e+04
 2.87393794e+04 4.58292573e+04 1.87515580e+04 1.41863727e+04
 1.54695919e+04 0.00000000e+00 1.94462249e+03 2.02960599e+03
 1.74132862e+03 0.00000000e+00 1.92962540e+03 1.94462249e+03
 1.96961764e+03 1.54303378e+03 1.94462249e+03 2.14291733e+03
 1.59302408e+03 1.91462831e+03 4.09920422e+03 7.77515728e+03
 1.06712617e+04 1.36473506e+04 2.49418247e+04 4.05654584e+04
 4.49107482e+06 4.04454817e+04 1.47971274e+04 1.04346410e+04
 1.34840490e+04 0.00000000e+00 1.79622758e+03 1.88326945e+03
 1.84370496e+03 0.00000000e+00 2.11669990e+03 2.21363289e+03
 2.27891429e+03 2.38771662e+03 2.08702654e+03 2.03954916e+03
 1.54301488e+03 1.97426776e+03 6.69628895e+03 5.41242144e+03
 7.14930229e+03 7.94059198e+03 2.19028984e+04 2.99344887e+04
 6.37779485e+04 2.87238155e+04 1.68465574e+04 9.09983136e+03
 9.64582125e+03 5.90289329e+03 1.90563840e+03 2.33873804e+03
 3.64313224e+03 8.31551303e+03 6.65954383e+03 6.39458876e+03
 6.75890198e+03 8.46327644e+03 3.27881902e+03 2.41771503e+03
 4.13737536e+03 4.93478822e+03 5.59462825e+03 4.73607191e+03
 7.13340579e+03 8.46327644e+03 1.47202924e+04 2.36625261e+04
 2.18893652e+04 2.08244496e+04 1.16784043e+04 7.11047698e+03
 7.70662590e+03 4.20921156e+03 3.92909544e+03 5.52762476e+03
 1.00543013e+04 1.07228451e+04 1.04277894e+04 4.23535573e+03
 5.46413177e+03 5.64714097e+03 5.40437367e+03 5.55750381e+03
 8.95251118e+03 1.25940207e+04 1.55296377e+04 8.62384160e+03
 4.05608141e+03 3.28087932e+03 3.60215237e+03 6.50334536e+03
 4.93592230e+03 7.97341295e+03 5.47137738e+03 5.63688168e+03
 5.15983988e+03 2.34626681e+03 5.93868364e+03 1.17508052e+04
 3.75792112e+03]
