[  61.23381961  155.69240435   41.51797449   41.51797449   51.89746812
   62.27696174  783.65176856  752.51328769  438.53360558  186.62053273
   54.48774678   21.79509871   21.79509871   32.69264807   32.69264807
   32.69264807   43.59019743  108.97549357  995.76357246  854.09543082
  666.11270442  578.93230957  547.60185517  546.2396615   557.13721086
  178.88193969    0.           23.65381021    0.           11.8269051
   23.65381021   23.65381021   23.65381021   23.65381021   35.48071531
   94.61524083 1095.46708522 1080.68345384  663.78504894  464.20602532
  391.76623156  356.28551625  356.28551625  425.76858373  461.24929904
    0.           39.99223632   39.99223632   13.33074544    0.
   26.66149088   13.33074544   26.66149088   13.33074544   13.33074544
   39.99223632   39.99223632   79.98447264  613.21429024 1124.78164651
  708.19585151  493.23758128  386.59161776  281.61199742  241.6197611
  266.6149088   319.93789056  346.59938144  453.24534496    0.
   31.65158735   35.60803577   31.65158735    0.           15.82579368
    0.            0.           15.82579368   15.82579368   15.82579368
   47.47738103   63.30317471 1317.49732361  874.37510065  494.5560524
  379.81904825  300.69007986  207.71354201  221.56111148  221.56111148
  221.56111148  284.86428619  350.1456851   101.90579697    0.
   20.38115939   40.76231879   81.52463757   61.14347818   61.14347818
   81.52463757   81.52463757   40.76231879   40.76231879   40.76231879
   81.52463757  489.14782544  593.60126733  407.62318787  285.33623151
  203.81159393  183.43043454  142.66811575  183.43043454  203.81159393
  224.19275333  285.33623151   89.63715827   29.87905276   59.75810551
   89.63715827  119.51621102   89.63715827    0.           59.75810551
   89.63715827  119.51621102   89.63715827  149.39526378   89.63715827
  149.39526378   89.63715827   89.63715827   77.88437555    0.
    0.            0.            0.            0.            0.
    0.            0.           77.88437555   77.88437555    0.        ]
