[  2842.26979339   6899.76838609   3300.67897221   2705.15552557
   3132.01220083   2725.91451282  21381.75686401  23852.07634636
  18465.11915586  11096.42963237   3551.23889659   2797.94579731
   2925.99200225   3014.53459077   2840.17380107   2434.24008753
   2851.07135042   3112.61253498  16831.26498128  17539.60568946
  22225.5519128   29368.89551606  28507.98911689  21751.50851579
  22972.03404373  12140.31808886      0.           2689.14254794
      0.           2950.81282335   2857.67594566   3117.86785794
   2773.4092468    2785.2361519    2652.18346949   3521.4609946
  13228.3933584   12234.93332969  15516.89949595  20082.08486594
  35598.98436189  64811.43996783  30749.95326941  21040.06417934
  18266.65493254      0.           2882.77370142   2967.7572036
   2587.83095856      0.           3014.41481264   2911.10153548
   2961.09183088   2617.8251358    2871.10929916   3164.38569885
   2317.8833634    2719.47206978   5628.90726209  10268.00667524
   9238.20658999  10111.37041632  16363.49002773  61374.75200625
 686800.0050743   41738.56397297  27887.9194607   17243.31922678
  14930.43489292      0.           2625.10352616   2781.38323872
   2735.8840819       0.           3198.78854695   3471.78348788
   3362.98115635   3645.86721833   3200.76677116   3184.94097749
   2257.15382317   2850.62108606   8973.22501483   8217.54336675
   6894.11137052   8150.28374363  11980.12581345  24577.4575803
 189023.27967745  31398.37465506  24395.46095301  13147.27809712
  10951.44922445   6870.99836047   2889.029344     3546.32173444
   5551.31828976  13395.51701126  10328.15252257   9938.36284917
  10445.34418908  13527.99454732   5001.02698614   3587.08405322
   6124.53839769   7311.74093235   7849.29401135   6848.06955616
   6025.18024565   6965.26122267   9184.25995162  15454.01410999
  26271.31445799  19097.14635154  15082.05795106  10679.7275221
   8608.49219875   6192.43368353   6031.83377497   8048.66983595
  15858.30724986  16941.42291224  16560.46498961   6550.98231659
   8168.18604697   8381.07429786   7869.39551942   8351.1952451
   7025.31227908  12321.37437996  19496.08192282  13042.20652768
   6218.57785469   4838.56683129   6026.30355849  10339.15085479
   8061.03286983  12364.14461919   7983.14849428   8693.84342121
   7360.07348985   3680.03674492   8684.10787427  15518.46182912
   5792.65043182]
