[ 1168.54539082  3423.93545899  1191.04689327  1023.6775586
  1250.72898161  1419.39575299 12611.08475232 14494.96284495
  8018.158824    5196.76884943  1324.05224683   976.69286109
   973.96847375   995.76357246   920.84292063   899.04782192
  1194.64384822  1773.57615779 12009.09939098 23723.96494934
 24377.81791073 19991.5542947  17763.00545127 11970.95796824
 10565.17410123  5461.0734316      0.           903.27987729
     0.           903.27987729   928.41205063  1021.54892832
   881.10443022   940.23895574  1079.20509071  1915.95862679
 15706.1299776  19561.70104138 54427.41728685 41133.97595038
 19603.09520925 14564.83363511 13754.69063551  9567.96622883
 10274.62380877     0.           991.47419211   981.47613303
   869.83113997     0.           936.48486717   898.15897403
   883.16188541   724.85928331   886.49457177  1096.45381245
   949.81561261  1364.73506443  5880.52508227 16383.48614589
 19249.59641551 26814.79445277 27034.75175254 19262.92716095
 13384.06842187 10537.9542704   9674.78850316  9438.1677716
  8974.92436755     0.           842.7235133    894.15734275
   904.0484638      0.           937.67827536   923.83070589
   828.87594383  1034.61126163   955.48229325   987.1338806
   906.02668801  1273.97639099 10243.2449574  15691.27443069
 17289.67959206 21206.56352711 15529.0600455  13661.61639162
 10725.93166455  8981.13791167  9297.65378521  9388.65209885
  7194.80145038  3260.98550293   881.48514376  1126.05905648
  1594.82572253  3314.48604634  2705.59890946  2562.93079371
  2680.12246022  2952.72046711  1266.17952731  1064.9155783
  1903.09075835  2371.8574244   5243.05325393 10391.84364567
 10368.91484135 12335.69672281  9861.93350144 10537.05940635
  8381.7518005   7663.31593189  7663.31593189  7910.43748953
  6580.56683912  2614.41711609  2188.64061432  2674.1752216
  3962.70937167  4145.71856979  3996.32330602  1650.81766473
  2550.92412898  2789.95655102  3268.02139511  3424.88642207
  5792.80135293  5983.28031424  6483.7544479   4720.89033533
  2465.02185231  1557.68751108  1411.65430692  2346.26681356
  2034.72931135  2648.06876883  1801.07618469  1956.84493579
  2180.76251551  1567.42305802  2258.64689106  3368.49924271
  1956.84493579]
