[ 1219.57357382  2693.47859525  1220.88793744  1127.47249483
  1324.68287367  1628.28306216 14910.14258988 14494.96284495
  7288.99939697  3868.6300216   1258.66695069   954.89776237
  1051.61351291  1017.55867117   953.5355687    942.63801935
  1359.46928224  2190.40742068 19065.26259939 21876.83033339
 18504.03880752 15278.36419797 10088.40631688  9837.76268168
  8219.47660222  3818.61198533     0.           867.79916198
     0.           950.5874977    892.93133532  1043.72437539
   892.93133532   987.54657615  1222.60631509  2343.20557365
 17178.57966301 43452.04935069 45758.2958459  21128.76596761
 17036.65680176 12252.67368735  8825.82793357  7971.33403984
  7323.81098542     0.           938.15121035   948.14926943
   843.16964909     0.           909.82337629   858.16673771
   868.16479679   724.85928331   924.82046491  1136.44604877
  1069.79232157  1619.68557097  6738.69181997 23222.15855667
 48097.32954791 27194.72069782 17809.87590798 14063.93643931
  9281.53151267  7721.83429618  7825.14757334  7025.30284694
  6687.03518139     0.           840.74528909   866.46220381
   888.22267012     0.           890.20089433   876.35332486
   797.22435648  1002.95967428   939.65649957  1002.95967428
  1000.98145007  1463.88591512 11291.7037885  16458.82542402
 23525.04230078 16039.44189159 14255.08365451  7833.76787009
  7477.68751236  5986.1064583   6383.72952444  7333.27714506
  5713.11151738  2562.93079371   861.10398437  1067.46322323
  1513.30108495  3212.58024937  2641.90778636  2499.23967061
  2557.83550386  2787.12354704  1187.20253466  1064.9155783
  1760.4226426   2269.95162743  5714.3675649  11540.83150647
 13140.75251884 11026.20723179  7645.48241742  5780.60633293
  6144.91955709  4262.20995813  5120.76629757  6043.01376012
  5248.14854378  2913.20764364  2397.79398361  2584.53806333
  3839.45827905  3996.32330602  3787.16993673  1561.18050646
  2334.30099651  2521.04507623  3361.39343497  4597.63924272
  5643.40608915  4597.63924272  3962.70937167  3637.77467296
  2674.1752216   1713.45626219  1411.65430692  2424.15118912
  2112.6136869   2492.30001773  1713.45626219  1956.84493579
  2346.26681356  1723.19180913  2024.9937644   2891.45744244
  2190.49806245]
