[ 40.8225464  103.79493623  20.75898725  20.75898725  20.75898725
  41.51797449 345.11816297 345.11816297 302.30275178 153.92788466
  43.59019743  10.89754936  21.79509871  21.79509871  21.79509871
  21.79509871  21.79509871  65.38529614 381.41422748 403.20932619
 359.61912877 350.08377308 351.44596675 435.90197426 501.2872704
 202.5357499  202.5357499   11.8269051   11.8269051   11.8269051
  11.8269051   11.8269051    0.          11.8269051   11.8269051
  59.13452552 332.63170604 390.28786842 342.980248   320.80480094
 354.80715311 369.59078449 391.76623156 450.90075708 533.6890928
 601.54988798  39.99223632  39.99223632   0.           0.
  26.66149088   0.          26.66149088   0.           0.
  26.66149088  26.66149088  39.99223632 186.63043616 399.9223632
 346.59938144 373.26087232 361.59647006 268.28125198 281.61199742
 306.60714512 359.93012688 453.24534496 653.20652657 775.46389017
  31.65158735  31.65158735  31.65158735  31.65158735  15.82579368
   0.          15.82579368   0.          15.82579368  31.65158735
  31.65158735  47.47738103 348.16746089 318.49409775 286.84251039
 348.16746089 284.86428619 207.71354201 221.56111148 253.21269883
 271.01671672 443.12222295 603.35838393 264.95507211  20.38115939
  20.38115939  20.38115939  81.52463757  40.76231879  40.76231879
  61.14347818  40.76231879  20.38115939  40.76231879  40.76231879
  61.14347818 183.43043454 264.95507211 244.57391272 244.57391272
 203.81159393 142.66811575 142.66811575 203.81159393 285.33623151
 407.62318787 552.83894854  29.87905276   0.           0.
  59.75810551  89.63715827  29.87905276   0.          59.75810551
 119.51621102 149.39526378 149.39526378 119.51621102  89.63715827
 149.39526378 149.39526378  89.63715827   0.           0.
   0.           0.          77.88437555   0.           0.
   0.           0.           0.          77.88437555   0.        ]
