[2.12404812e+03 5.92928573e+03 2.50664771e+03 2.05773461e+03
 2.37949891e+03 2.06811410e+03 1.77489341e+04 1.71261645e+04
 1.55173430e+04 1.03063573e+04 2.72847392e+03 2.12774651e+03
 2.16997452e+03 2.27895001e+03 2.07325877e+03 1.87437849e+03
 2.16043916e+03 2.43287789e+03 1.34312296e+04 1.37472585e+04
 1.47280380e+04 1.81498685e+04 2.38220429e+04 1.96482815e+04
 1.95502035e+04 1.14927950e+04 0.00000000e+00 2.08153530e+03
 0.00000000e+00 2.16432363e+03 2.88280812e+03 2.36833775e+03
 2.07118676e+03 2.13032128e+03 1.98692006e+03 2.84437068e+03
 1.09931083e+04 1.09901516e+04 1.35418063e+04 2.57944800e+04
 3.57409072e+04 4.14887831e+04 1.95617010e+04 1.44288242e+04
 1.57061300e+04 0.00000000e+00 2.19957300e+03 2.31788336e+03
 2.02294062e+03 0.00000000e+00 2.19957300e+03 2.22790083e+03
 2.26456038e+03 1.78465355e+03 2.24123158e+03 2.43952642e+03
 1.82131310e+03 2.14291733e+03 4.26083951e+03 7.56186535e+03
 1.09945323e+04 1.52570382e+04 2.59682921e+04 4.62443559e+04
 5.96364228e+06 4.38314910e+04 1.68433969e+04 1.11545012e+04
 1.40772672e+04 0.00000000e+00 2.01976692e+03 2.16219906e+03
 2.13054747e+03 0.00000000e+00 2.43519400e+03 2.59543016e+03
 2.69236315e+03 2.77149212e+03 2.43717223e+03 2.35804326e+03
 1.79622758e+03 2.26111027e+03 7.04643463e+03 5.60430919e+03
 7.53109957e+03 1.02828094e+04 2.39048613e+04 2.96179729e+04
 6.61518176e+04 3.21659256e+04 1.74479375e+04 9.67351639e+03
 9.99794516e+03 6.23153948e+03 2.19352228e+03 2.70814655e+03
 4.21889999e+03 9.83136176e+03 7.78560289e+03 7.47988550e+03
 7.90534220e+03 1.00198875e+04 3.83420561e+03 2.80750471e+03
 4.79212010e+03 5.71181992e+03 6.29268296e+03 4.96281231e+03
 7.64548242e+03 8.15755905e+03 1.55406340e+04 2.39478623e+04
 2.52522565e+04 2.25517529e+04 1.28248445e+04 7.49771901e+03
 8.38429945e+03 4.81052749e+03 4.59016948e+03 6.36797312e+03
 1.18283700e+04 1.25865510e+04 1.23176395e+04 4.98606693e+03
 6.30448013e+03 6.45761028e+03 6.12520581e+03 6.43146611e+03
 9.13178550e+03 1.14474121e+04 1.47751916e+04 9.16539943e+03
 4.62751830e+03 3.82606995e+03 4.23496292e+03 7.82737974e+03
 5.94841918e+03 9.38506725e+03 6.33784106e+03 6.73699849e+03
 6.02630356e+03 2.81357307e+03 6.95118052e+03 1.44086095e+04
 4.53676488e+03]
