[ 2051.33295681  5480.37263311  2651.96062075  2193.96546463
  2578.00672869  1931.88325064 11152.76589824 13197.52614204
 10882.89906404 10107.47702826  3056.76259453  2337.52433699
  2344.33530534  2499.62538367  2214.92690673  2017.40882464
  2325.26459397  2300.74510791  9856.83339305 11665.82658625
 10717.73979223 12477.69401332 13948.86317646 16204.65589328
 16744.08458643 12518.77905218     0.          2356.5108419
     0.          2391.99155721  2452.60444586  2579.74367573
  2344.68393679  2417.12373055  2213.10961751  3177.00238346
  8589.2898315   9136.28419254  7034.05181038  7616.52688673
  9825.20141483 16894.73394052 19609.0086618  18089.25135598
 18745.64458923     0.          2614.49244944  2772.79505154
  2292.8882157      0.          2479.51865186  2442.8591019
  2572.83386994  2442.8591019   2791.12482652  2841.11512192
  2102.92509318  3121.06077616  4770.74052438  7331.90999206
  5493.9334645   5268.9771352   6382.09437945  8788.29393139
 14563.83939332 42631.72391746 41098.68819185 20222.74083264
 20056.10651464     0.          2401.56419048  2577.62614513
  2433.21577783     0.          2737.86230611  2945.57584812
  3058.33462807  3311.5473269   3184.94097749  2961.4016418
  2417.38998415  2882.27267341  7778.37759222  4983.14678403
  4269.00784436  4456.93914427  5410.44321331  7849.59366377
 14579.51242489 71690.84535657 84414.78347283 22092.80797302
 15568.6245297   9102.73531404  2478.85851121  3138.69854657
  4730.97662417  9956.19636364  9691.24129152  9467.0485382
 10259.36610961 13833.71193822  5597.17589839  4119.54184238
 10223.69908068 12412.12607053 10618.58404392  6272.3018033
  4157.75651624  4116.99419745  4860.90651531  7360.14618591
 13237.56302596 40334.31443939 58697.73905277 21400.21736299
 16605.54961571  7118.68431895  4291.37895198  7058.92621343
 15017.95889112 15925.53511856 15746.26080203  7421.20972809
 13845.20607048 15115.06581258 13184.13202827  8803.11591802
  4351.13705749  6311.94989455 16702.3904902  34853.91503903
  8739.62293092  5081.9555049   3056.96174049  8226.53716789
  6814.88286097 11264.02781449 11419.7965656  10339.15085479
  9404.53834814  3446.38361826  4604.91370463 47275.81596125
  6269.69223209]
