[  1825.53324701   4883.55174977   2244.56549604   1817.70882078
   2139.4731231    1722.99594147  11401.8737452   12486.53082884
  10335.38077541   8399.28616661   2530.95583807   1941.12597915
   1928.86623612   2016.04663097   1798.09564384   1665.96285789
   1930.22842979   2026.94418033   9592.56782116  11398.83662701
  13632.83424512  19642.83271529  26273.99149878  22280.03965959
  15779.65146837   9854.76867759      0.           1938.13407386
      0.           1914.48026365   1976.57151544   2235.28506458
   2047.53294606   1905.61008482   1806.55975458   2533.91441845
   8468.06405419  10753.61346546  11779.5974832   15706.1299776
  25179.4809656   31270.33709397  36131.19509155  32654.08499109
  18219.34731212      0.           2131.25292724   2186.24225218
   1822.97943893      0.           1982.94838422   1972.95032514
   1996.27912966   1717.99981859   2132.91927042   2197.90665444
   1673.00855273   2222.90180214   3657.62328013   8768.29781323
   8485.01947263   7241.92746034   9844.75550752  17976.51022598
  36752.86517837 108192.32999191  40125.54377472  29994.17724024
  18236.45976207      0.           1893.1605686    1988.11533067
   1891.1823444       0.           2148.35149165   2308.58765262
   2310.56587683   2547.95278199   2579.60436934   2197.80709689
   1796.22758233   2166.15550953   6075.12654774   6365.92550655
   7386.68919871   6462.85849282   6809.04772951  10409.41579101
  28074.9579829  199531.60667894  31722.80342544  19734.76471515
  18626.95915777   7319.38386713   1926.01956267   2461.02499674
   3745.03803852   8786.82734345   7599.62480879   7151.23930213
   7757.57879408  10226.2467256    3831.65796594   2889.029344
   6040.4661152    7288.81212804   7459.50433796   5823.91629664
   5039.24166      5714.3675649    5986.96557179   8651.80216247
  19999.0126547   42453.95501629  23112.23475203  15214.53548712
  12748.41520052   4930.04370462   3660.18396252   5553.76893089
  11466.08649484  11925.47693095  11895.5978782    5195.22029782
   8676.12994381   9613.58522401   8642.51600946   6491.22421108
   5404.37366711   6550.98231659  22103.02927572  14749.04741632
   5740.51301061   3349.02814882   2823.30861383   6425.4609832
   5091.69105184   8839.87662537   7506.10669401   7204.30473874
   6415.72543626   2657.80431578   4527.02932907  27882.60644831
   4458.88050046]
