[  1908.45404439   5030.1620972    1994.16021238   1691.8574606
   2044.76024379   2286.08347053  23052.85533737  23187.78875447
  14453.44487046   7805.36972667   2135.9196739    1853.94558429
   1675.49821358   1697.29331229   1589.6800124    1501.13742387
   1930.22842979   2596.34113421  18716.54101998  25434.88019833
  33368.29612994  28584.27196239  23081.0095373   17937.36624098
  15561.70048124   7734.79593777      0.           1522.71403209
      0.           1581.84855761   1571.50001564   1808.03811772
   1522.71403209   1618.80763606   1700.11760865   2856.19758252
  17509.73300591  23559.19496641  32169.18188184 555391.4636659
  43511.18387621  23742.51199551  14280.98791262  12713.92298639
  12938.63418336      0.           1594.69042327   1691.33832771
   1433.05513481      0.           1619.68557097   1596.35676645
   1539.70109833   1274.75253271   1596.35676645   1834.64384119
   1499.70886201   2076.2636023    6941.98568794  19656.18415144
  22202.3565305   33953.40863595  91128.97582857  32740.3108009
  22635.6057573   17323.30369942  12040.99581878  10777.90768833
  10831.23067009      0.           1398.6045162    1513.34152036
   1493.55927826      0.           1671.59945713   1703.25104448
   1544.99310771   1847.66141178   1687.4252508    1736.88085604
   1477.73348458   1926.79038017  11738.78245987  13115.62650977
  18658.61074512  22409.32384656  25914.737146    24268.8546036
  17447.93752883  13974.17581674  10377.76420366   9056.31043163
   8977.18146325   4389.59220434   1434.32409231   1905.63840328
   2825.3382209    6185.68187587   5164.07626128   4858.35887038
   4995.93169629   5719.46285475   2272.49927236   1862.32843956
   3069.91213362   3745.03803852   6560.18567973  10289.9378487
  12254.17208524  15494.77642877  17344.36664372  15866.7325877
  15367.39418257  10470.82063832   9036.49654601   8175.39256165
   7400.9085047    4209.2115569    3929.09543732   4806.79261201
   7716.26537405   8112.16282306   7753.61418999   3062.60290742
   4052.34652993   4201.74179371   4683.54151939   5408.10854871
  10726.57993915  10491.2823987   10304.53831898   6102.79652527
   3846.92804224   2725.95314439   3047.22619355   4702.26917407
   4069.45862269   5159.83988045   3280.87932021   3524.26799382
   3212.7304916    3056.96174049   4439.40940657   5481.11292961
   3368.49924271]
