[8.91717498e+02 1.60622664e+03 3.54200220e+02 3.12682245e+02
 4.16477182e+02 9.39344173e+02 6.26142953e+03 4.58254643e+03
 3.30846359e+03 2.01740882e+03 4.03209326e+02 2.62903378e+02
 2.50643635e+02 2.61541185e+02 2.41108280e+02 2.94233833e+02
 4.16831263e+02 1.05025132e+03 8.43197881e+03 6.41865657e+03
 4.05252617e+03 3.29650868e+03 2.81701651e+03 2.90147252e+03
 3.30740623e+03 1.77255740e+03 3.66634058e+02 2.48365007e+02
 1.47836314e+00 2.24711197e+02 2.02535750e+02 2.48365007e+02
 2.14362655e+02 2.61670275e+02 4.02114774e+02 9.75719671e+02
 1.10404159e+04 7.37111861e+03 5.66508754e+03 3.39136504e+03
 2.80741160e+03 2.95081282e+03 2.29589795e+03 3.25831236e+03
 2.81776014e+03 1.47304737e+03 3.06607145e+02 2.66614909e+02
 2.13291927e+02 2.53284163e+02 2.13291927e+02 1.88296779e+02
 1.99961182e+02 1.61635288e+02 2.26622672e+02 3.19937891e+02
 3.73260872e+02 8.41503306e+02 8.45835798e+03 8.22840262e+03
 5.13067065e+03 3.87424789e+03 2.41119858e+03 1.68967198e+03
 1.52970304e+03 1.98294838e+03 2.15624807e+03 1.91629466e+03
 2.15791442e+03 1.22254256e+03 2.53212699e+02 2.21561111e+02
 2.21561111e+02 2.53212699e+02 2.21561111e+02 1.91887748e+02
 1.89909524e+02 2.23539336e+02 2.37386905e+02 2.55190923e+02
 3.16515874e+02 7.16117164e+02 1.05637173e+04 9.07609267e+03
 4.37781018e+03 2.41738998e+03 1.70127282e+03 1.30562798e+03
 1.23836836e+03 1.43025610e+03 1.44806012e+03 1.71512039e+03
 1.52718909e+03 9.22247463e+02 2.26740398e+02 2.85336232e+02
 3.46479710e+02 6.92959419e+02 5.32457789e+02 5.12076630e+02
 5.50291304e+02 5.32457789e+02 3.05717391e+02 3.05717391e+02
 4.89147825e+02 7.33721738e+02 2.68012246e+03 5.61755706e+03
 2.78457590e+03 1.90309076e+03 1.25089366e+03 1.02415326e+03
 9.19699818e+02 1.08274909e+03 1.20503605e+03 1.30948949e+03
 1.23051250e+03 7.80590253e+02 6.27460108e+02 5.11678778e+02
 8.06734424e+02 7.50711200e+02 6.90953095e+02 3.28669580e+02
 5.67702002e+02 7.17097266e+02 8.96371583e+02 7.80590253e+02
 1.10552495e+03 7.80590253e+02 8.66492530e+02 8.40348359e+02
 7.20832148e+02 3.89421878e+02 3.11537502e+02 4.67306253e+02
 3.11537502e+02 4.67306253e+02 3.11537502e+02 4.67306253e+02
 4.67306253e+02 2.33653127e+02 3.89421878e+02 7.00959380e+02
 4.67306253e+02]
