[1.01418514e+03 2.53519132e+03 5.73467023e+02 4.80051580e+02
 6.66882465e+02 1.34544186e+03 9.45571869e+03 6.78559396e+03
 5.13655191e+03 3.14666738e+03 6.77010254e+02 3.95036164e+02
 4.14106876e+02 3.92311777e+02 3.60981322e+02 4.15469069e+02
 6.47041993e+02 1.66460066e+03 1.29299423e+04 8.58999328e+03
 6.79189764e+03 5.03875438e+03 4.58241950e+03 4.50341227e+03
 5.64220618e+03 2.80888996e+03 7.00744127e+02 4.02114774e+02
 2.95672628e+00 3.42980248e+02 3.20804801e+02 3.78460963e+02
 3.44458611e+02 3.69590784e+02 6.38652876e+02 1.68829070e+03
 1.86037217e+04 1.10138054e+04 6.35104804e+03 4.40108706e+03
 3.46823992e+03 3.52146099e+03 4.53266138e+03 4.25768584e+03
 3.93244595e+03 2.23789889e+03 5.48226906e+02 4.53245345e+02
 3.19937891e+02 3.99922363e+02 3.33268636e+02 2.81611997e+02
 3.06607145e+02 2.54950507e+02 3.21604234e+02 4.66576090e+02
 5.46560563e+02 1.12311530e+03 3.48598993e+04 1.30308037e+04
 8.03843950e+03 4.28916735e+03 3.16271936e+03 2.37453903e+03
 2.07959629e+03 2.23789889e+03 2.23789889e+03 2.66781543e+03
 3.22937308e+03 1.74875020e+03 3.95644842e+02 3.95644842e+02
 3.32341667e+02 3.95644842e+02 3.16515874e+02 2.86842510e+02
 2.39365129e+02 3.34319891e+02 3.18494098e+02 3.97623066e+02
 4.58948017e+02 9.39656500e+02 1.47259010e+04 9.40447789e+03
 5.74674133e+03 3.29176508e+03 2.41738998e+03 1.80018403e+03
 1.66764301e+03 1.65379544e+03 1.87931300e+03 1.92481216e+03
 2.45101980e+03 1.37318061e+03 3.49027355e+02 4.10170833e+02
 5.29910144e+02 9.98676810e+02 7.77031702e+02 7.56650542e+02
 8.15246376e+02 7.99960506e+02 4.48385507e+02 4.48385507e+02
 7.74484057e+02 1.08020145e+03 3.70427572e+03 4.91950235e+03
 3.52084529e+03 2.55783550e+03 1.70182681e+03 1.41394293e+03
 1.30948949e+03 1.45215761e+03 2.41516739e+03 1.67635036e+03
 2.60369311e+03 1.08311566e+03 8.66492530e+02 7.80590253e+02
 1.13540400e+03 1.13913889e+03 1.07938078e+03 5.07943897e+02
 9.26250635e+02 1.04950173e+03 1.25865510e+03 1.13913889e+03
 1.49768752e+03 1.14287377e+03 1.28479927e+03 1.44166430e+03
 1.02335756e+03 6.23075004e+02 3.89421878e+02 7.00959380e+02
 4.67306253e+02 7.78843756e+02 6.23075004e+02 7.78843756e+02
 7.00959380e+02 3.89421878e+02 5.45190629e+02 1.09038126e+03
 6.23075004e+02]
