[2.90350361e+03 9.53875464e+03 3.27862255e+03 2.70515553e+03
 3.06843780e+03 3.11125321e+03 1.73752723e+04 1.75828622e+04
 1.62075793e+04 1.53927885e+04 3.62752174e+03 2.78568605e+03
 2.94778710e+03 2.95051149e+03 2.71893856e+03 2.40018525e+03
 2.85107135e+03 3.17799783e+03 1.43302774e+04 1.27828254e+04
 1.38998242e+04 1.78447371e+04 2.05309830e+04 1.96046913e+04
 2.07325877e+04 1.60905044e+04 3.44902120e+03 2.77193088e+03
 2.21754471e+01 2.84289231e+03 3.71512657e+03 3.04690643e+03
 2.67879401e+03 2.78523615e+03 2.63887820e+03 3.27161762e+03
 1.09191901e+04 9.59162004e+03 1.03041911e+04 1.56115147e+04
 2.91178404e+04 5.34812649e+04 2.66578441e+04 1.79000209e+04
 1.84085778e+04 1.35673662e+04 2.99108601e+03 3.02941190e+03
 2.61282611e+03 3.31102390e+03 2.85444587e+03 3.01941384e+03
 2.97442258e+03 2.37453903e+03 3.12605981e+03 3.21770868e+03
 2.37120635e+03 2.65281834e+03 5.13233699e+03 7.72183430e+03
 7.49521162e+03 8.55833857e+03 1.26608755e+04 2.82745111e+04
 7.19732279e+06 5.20832224e+04 1.86630436e+04 1.49171041e+04
 1.62501787e+04 1.04727190e+04 2.62510353e+03 2.73984053e+03
 2.70423249e+03 3.67356236e+03 3.14933294e+03 3.47178349e+03
 3.41045854e+03 3.93270973e+03 3.31352555e+03 3.18494098e+03
 2.17802485e+03 2.81896950e+03 7.41240611e+03 6.06721365e+03
 5.98808468e+03 7.05236931e+03 1.01087257e+04 1.85953076e+04
 5.09274041e+04 3.19760161e+04 1.49632879e+04 1.18376937e+04
 1.19049533e+04 7.72955470e+03 2.72598007e+03 3.52594058e+03
 5.46724601e+03 1.35585663e+04 1.04912018e+04 1.00606498e+04
 1.07918239e+04 1.40782859e+04 5.59717590e+03 4.03546956e+03
 7.14614401e+03 8.53970579e+03 8.09641557e+03 5.80098749e+03
 5.38826901e+03 6.24682535e+03 7.97412861e+03 1.35891380e+04
 2.30307101e+04 3.09182188e+04 1.23306014e+04 9.48742970e+03
 9.44921502e+03 6.21857785e+03 5.88243851e+03 7.80963741e+03
 1.63961302e+04 1.73671994e+04 1.71879251e+04 7.24193541e+03
 8.52673468e+03 9.03841346e+03 8.37360453e+03 8.20179998e+03
 6.30448013e+03 1.11187425e+04 1.74792459e+04 1.13839191e+04
 6.19243368e+03 4.60491370e+03 5.09169105e+03 9.48242272e+03
 6.81488286e+03 1.22083759e+04 8.45045475e+03 9.32665397e+03
 9.01511647e+03 3.13484612e+03 8.05129732e+03 1.95684494e+04
 4.85803793e+03]
