[1.52829408e+03 4.15309489e+03 2.07849360e+03 1.79694983e+03
 2.11871414e+03 1.45183167e+03 7.25786092e+03 9.27148268e+03
 7.29937889e+03 8.06963530e+03 2.33343776e+03 1.62373485e+03
 1.56652272e+03 1.85258339e+03 1.58014466e+03 1.56788491e+03
 1.99561373e+03 1.72045060e+03 5.76480361e+03 5.57818308e+03
 6.18163487e+03 9.71244086e+03 1.39052730e+04 1.62210022e+04
 1.52347740e+04 1.20397894e+04 2.33137867e+03 1.53454094e+03
 1.33052682e+01 1.72524978e+03 1.75038196e+03 1.70159597e+03
 1.61880764e+03 1.84647556e+03 1.99726860e+03 3.30857670e+03
 5.22305697e+03 5.31619384e+03 4.39221688e+03 4.08176062e+03
 4.69823805e+03 6.23573572e+03 1.03012343e+04 1.14927950e+04
 1.86924235e+04 1.59035793e+04 1.90296391e+03 1.80798235e+03
 1.52803670e+03 1.92962540e+03 1.60802117e+03 1.64967975e+03
 1.74132862e+03 1.53136938e+03 1.89296585e+03 2.17124516e+03
 2.02460696e+03 3.48432359e+03 3.91424013e+03 5.32063377e+03
 3.92757088e+03 3.16438570e+03 3.31269024e+03 3.74427313e+03
 4.84239328e+03 6.85200316e+03 1.02380125e+04 1.43772090e+04
 2.55750351e+04 1.66566478e+04 1.52521087e+03 1.51136330e+03
 1.41443031e+03 2.09889589e+03 1.79622758e+03 1.95844197e+03
 1.89711702e+03 2.29276186e+03 2.24528448e+03 2.46882381e+03
 2.75368810e+03 4.37781018e+03 5.67948171e+03 6.38372952e+03
 3.29769976e+03 2.80116548e+03 2.81699127e+03 3.32935134e+03
 4.61321886e+03 6.79520016e+03 1.00928999e+04 1.50819814e+04
 2.53370957e+04 1.53164413e+04 1.41394293e+03 1.84704257e+03
 2.64190779e+03 5.15898097e+03 4.59085615e+03 5.10293278e+03
 5.63284293e+03 7.06971466e+03 3.58453641e+03 4.13992300e+03
 1.13930681e+04 1.41750964e+04 1.33190877e+04 8.66963568e+03
 3.78834800e+03 2.84571938e+03 2.42026268e+03 2.95272047e+03
 4.07623188e+03 5.97677499e+03 9.65047897e+03 1.50871532e+04
 2.28778514e+04 4.26523478e+03 2.75634262e+03 3.00284480e+03
 7.59674916e+03 8.50059051e+03 9.67707821e+03 6.33809407e+03
 1.97052353e+04 2.08481091e+04 2.50984043e+04 1.24670348e+04
 2.78622167e+03 2.61441712e+03 3.69006302e+03 5.74051301e+03
 4.35860682e+03 2.02499376e+03 1.55768751e+03 1.56742306e+03
 1.64530743e+03 4.91645121e+03 9.85237351e+03 1.10401102e+04
 1.32306083e+04 3.21273049e+03 1.86922501e+03 2.96934182e+03
 2.03472931e+03]
