[3.06169098e+02 6.56502972e+02 3.23061739e+02 2.71164271e+02
 3.32143796e+02 2.81543765e+02 1.49334965e+03 1.62958050e+03
 1.36749828e+03 1.05297571e+03 3.70516678e+02 2.52005829e+02
 2.50643635e+02 2.83336283e+02 2.41108280e+02 2.50643635e+02
 2.84698477e+02 4.14106876e+02 1.52157033e+03 1.92614185e+03
 2.03647954e+03 2.14545503e+03 2.08415631e+03 2.00514908e+03
 1.98199179e+03 1.03485420e+03 3.42980248e+02 2.48365007e+02
 1.47836314e+00 2.60191912e+02 2.49843370e+02 2.83845722e+02
 2.26189560e+02 2.38016465e+02 2.60191912e+02 3.93244595e+02
 1.29652447e+03 1.72229306e+03 1.97361479e+03 2.09336220e+03
 2.28111432e+03 2.35503248e+03 2.49695534e+03 2.31807340e+03
 1.99726860e+03 1.08478941e+03 2.79945654e+02 2.93276400e+02
 2.39953418e+02 3.19937891e+02 2.66614909e+02 2.28289016e+02
 2.66614909e+02 1.74966034e+02 2.28289016e+02 3.06607145e+02
 2.66614909e+02 3.33268636e+02 7.61518833e+02 1.70133639e+03
 2.10292509e+03 2.22290180e+03 2.39786784e+03 2.58949730e+03
 2.60282805e+03 2.45285716e+03 2.57283387e+03 2.66781543e+03
 1.94295615e+03 1.04845883e+03 2.37386905e+02 2.53212699e+02
 2.37386905e+02 3.16515874e+02 2.53212699e+02 2.07713542e+02
 1.91887748e+02 2.55190923e+02 2.23539336e+02 2.39365129e+02
 2.53212699e+02 3.18494098e+02 1.57268825e+03 1.71907684e+03
 2.05339673e+03 2.19385065e+03 2.33826102e+03 2.51630119e+03
 2.63895110e+03 2.69038493e+03 2.57960437e+03 3.24626593e+03
 1.92679038e+03 7.36269383e+02 2.03811594e+02 3.05717391e+02
 3.66860869e+02 6.31815941e+02 4.71314311e+02 4.71314311e+02
 5.29910144e+02 5.73220108e+02 2.85336232e+02 2.85336232e+02
 4.48385507e+02 5.50291304e+02 9.80843296e+02 1.51839637e+03
 1.88016195e+03 1.96423424e+03 1.92856721e+03 2.07123532e+03
 2.41516739e+03 2.84571938e+03 3.05207862e+03 2.49669203e+03
 1.68144565e+03 4.22041620e+02 3.28669580e+02 5.07943897e+02
 7.46976319e+02 7.50711200e+02 6.90953095e+02 3.28669580e+02
 5.97581055e+02 6.87218213e+02 7.17097266e+02 5.71436884e+02
 1.43792941e+03 1.53503634e+03 2.18864061e+03 1.59105956e+03
 4.81799726e+02 2.33653127e+02 1.55768751e+02 3.89421878e+02
 1.55768751e+02 4.67306253e+02 3.11537502e+02 3.89421878e+02
 3.89421878e+02 2.33653127e+02 3.89421878e+02 7.00959380e+02
 2.33653127e+02]
