[2.62667572e+03 6.16022947e+03 2.43269382e+03 2.58968366e+03
 3.24618663e+03 5.03016210e+03 1.86208116e+04 1.34103058e+04
 1.00629191e+04 7.93614032e+03 2.63993133e+03 2.01877102e+03
 2.25579272e+03 2.78296167e+03 2.34705969e+03 2.40972060e+03
 4.18738334e+03 7.72363811e+03 3.53734452e+04 2.46393591e+04
 1.48642573e+04 1.04807181e+04 8.63630787e+03 8.35297158e+03
 9.79417248e+03 7.19962848e+03 2.19980435e+03 1.89082645e+03
 1.47836314e+01 2.09336220e+03 2.13032128e+03 2.36685938e+03
 2.20128271e+03 2.54574132e+03 3.83930907e+03 7.85010826e+03
 3.74912892e+04 1.75038196e+05 3.27487002e+04 1.22290199e+04
 8.13395399e+03 6.54323525e+03 5.84249112e+03 5.96223854e+03
 7.46573385e+03 5.81720404e+03 1.93129175e+03 1.88963317e+03
 1.79465160e+03 2.22456815e+03 2.07626360e+03 1.90463025e+03
 1.82131310e+03 1.86463802e+03 2.27955747e+03 2.78612580e+03
 3.22770674e+03 5.17232923e+03 1.70766849e+04 7.43322366e+04
 4.81106603e+04 1.74832726e+04 1.27941829e+04 6.47874228e+03
 4.88238552e+03 4.26250585e+03 4.31416249e+03 4.51912270e+03
 5.95051150e+03 4.88225735e+03 1.68544703e+03 1.80018403e+03
 1.89316057e+03 2.20967644e+03 2.08504832e+03 2.02372337e+03
 1.91096459e+03 2.26111027e+03 2.22945868e+03 2.46684559e+03
 2.72005829e+03 4.10679346e+03 1.64825641e+04 2.31056588e+04
 2.06368350e+04 1.08208864e+04 7.52516489e+03 6.86048156e+03
 4.16416196e+03 3.53310844e+03 3.35902471e+03 3.81797272e+03
 4.72795586e+03 4.40742572e+03 1.98971069e+03 2.39988152e+03
 3.31703369e+03 7.12576285e+03 6.20861068e+03 5.78060633e+03
 6.02008496e+03 6.14746720e+03 3.09284094e+03 2.68267011e+03
 4.05330307e+03 5.54877064e+03 9.36769039e+03 1.35891380e+04
 1.60246866e+04 7.90788984e+03 5.53348478e+03 4.36666340e+03
 3.97432608e+03 3.11322210e+03 3.11322210e+03 3.52084529e+03
 4.44818804e+03 7.72373514e+03 6.84603796e+03 6.00568960e+03
 8.22047439e+03 9.22142266e+03 8.08228377e+03 3.69379790e+03
 4.50053232e+03 5.28485746e+03 7.74614443e+03 1.30422065e+04
 6.03183377e+03 3.87680709e+03 3.17838424e+03 5.61726192e+03
 6.90953095e+03 5.00407113e+03 4.06945862e+03 7.04853599e+03
 4.22522737e+03 6.88303169e+03 3.21273049e+03 7.04853599e+03
 3.51453245e+03 3.29061487e+03 4.12787190e+03 4.77041800e+03
 5.87053481e+03]
