[1.31270001e+03 2.85046844e+03 1.83846781e+03 1.63995999e+03
 1.96302173e+03 1.33635980e+03 6.44307067e+03 7.30975838e+03
 7.47583028e+03 6.33692495e+03 1.98335398e+03 1.38262657e+03
 1.37990219e+03 1.69865551e+03 1.44801187e+03 1.44801187e+03
 1.87574068e+03 1.66460066e+03 5.61223792e+03 7.49478957e+03
 9.07220984e+03 6.33420056e+03 6.64478072e+03 9.79689687e+03
 1.04316791e+04 9.32847140e+03 1.99874696e+03 1.28469757e+03
 1.03485420e+01 1.53454094e+03 1.58332692e+03 1.55819475e+03
 1.47688477e+03 1.75038196e+03 1.91448026e+03 3.27161762e+03
 4.98356214e+03 6.33922114e+03 7.62835379e+03 5.41524417e+03
 4.53118302e+03 5.55568867e+03 8.96775079e+03 1.22822410e+04
 1.78645402e+04 1.36473506e+04 1.66301049e+03 1.59469042e+03
 1.35307066e+03 1.68967198e+03 1.41972439e+03 1.46304931e+03
 1.58135968e+03 1.43638782e+03 1.77132280e+03 2.05126845e+03
 1.96961764e+03 3.40267277e+03 3.75260484e+03 5.62890726e+03
 4.31582884e+03 4.14419549e+03 3.29935950e+03 3.57097343e+03
 4.47913047e+03 6.27544842e+03 1.35340393e+04 2.04626943e+04
 2.08559512e+04 1.59207484e+04 1.49355928e+03 1.41640853e+03
 1.28782396e+03 1.92283393e+03 1.59049226e+03 1.73688086e+03
 1.72303329e+03 2.10285233e+03 2.08702654e+03 2.29474008e+03
 2.62510353e+03 3.71114862e+03 5.42429078e+03 4.69630427e+03
 4.47474316e+03 2.86446866e+03 2.69038493e+03 3.08998622e+03
 4.12261925e+03 6.33229569e+03 1.02828094e+04 1.79543629e+04
 2.57881308e+04 1.53368224e+04 1.37318061e+03 1.80373261e+03
 2.49669203e+03 4.62907083e+03 4.03801720e+03 4.57047499e+03
 5.18190978e+03 6.51687572e+03 3.29920018e+03 3.85203913e+03
 1.01625556e+04 1.24376025e+04 1.20554558e+04 7.91298513e+03
 3.93101612e+03 2.80495706e+03 2.29797572e+03 2.62407427e+03
 3.68898985e+03 5.93601267e+03 1.10007308e+04 2.20524145e+04
 2.73922782e+04 4.14945345e+03 2.61068223e+03 2.49116602e+03
 6.33809407e+03 7.57060499e+03 8.71347876e+03 5.73677813e+03
 1.88686218e+04 1.99143887e+04 2.57632132e+04 1.12681378e+04
 2.58080318e+03 2.19611038e+03 3.69006302e+03 5.86002922e+03
 4.56776019e+03 2.02499376e+03 1.33376993e+03 1.64530743e+03
 1.56742306e+03 3.74818557e+03 9.15141413e+03 1.01833821e+04
 1.21304915e+04 3.05696174e+03 1.63557189e+03 3.12511057e+03
 2.03472931e+03]
