[3.36658437e+03 9.79045736e+03 3.33052002e+03 3.15406862e+03
 3.30976103e+03 3.89231011e+03 2.13402389e+04 2.04268435e+04
 1.68303489e+04 1.42104044e+04 3.52808160e+03 2.78568605e+03
 3.18889538e+03 3.19979293e+03 2.81837870e+03 2.49826319e+03
 3.05948698e+03 3.85637028e+03 1.86729508e+04 1.74524253e+04
 2.08688070e+04 2.72765660e+04 2.12720163e+04 1.74088351e+04
 1.83678194e+04 1.45175260e+04 3.41354049e+03 2.67583728e+03
 2.21754471e+01 2.81923850e+03 2.85767595e+03 3.15334857e+03
 2.66548874e+03 2.71427472e+03 2.73645017e+03 3.57024698e+03
 1.43696897e+04 1.32579606e+04 1.59190143e+04 3.42152365e+04
 1.83127799e+05 3.38840831e+04 1.60431968e+04 1.32343068e+04
 1.51266116e+04 1.07779077e+04 3.62263007e+03 2.81611997e+03
 2.46618791e+03 3.12272712e+03 2.98775332e+03 2.84444781e+03
 2.75946431e+03 2.29455456e+03 2.83111706e+03 3.24270383e+03
 2.29122187e+03 2.71947207e+03 6.24378790e+03 1.03779853e+04
 1.07512462e+04 1.49637618e+04 3.72727643e+04 1.92549287e+05
 3.09006679e+04 1.41105940e+04 1.08545595e+04 9.73477686e+03
 1.15011006e+04 7.68540105e+03 2.40156419e+03 2.72401474e+03
 2.54597456e+03 3.45200125e+03 3.16515874e+03 3.29769976e+03
 2.97920566e+03 3.40848031e+03 2.96140164e+03 3.07416042e+03
 2.09889589e+03 2.78731791e+03 8.90992184e+03 7.67353171e+03
 8.26106430e+03 1.06824107e+04 1.75666310e+04 2.78929614e+04
 3.59878548e+04 1.14618311e+04 8.34414972e+03 7.97224356e+03
 8.50240765e+03 6.23153948e+03 2.31580924e+03 3.58708405e+03
 5.40610253e+03 1.20605511e+04 9.89760053e+03 9.46704854e+03
 9.66321720e+03 1.18873112e+04 4.81759655e+03 3.40110597e+03
 5.56915180e+03 6.65699619e+03 7.17416811e+03 6.39458876e+03
 6.72068731e+03 8.30022716e+03 1.20962181e+04 1.50871532e+04
 1.91735757e+04 9.58933549e+03 7.19200162e+03 6.18568188e+03
 6.92704655e+03 6.15881975e+03 6.69290782e+03 8.01879078e+03
 1.51934983e+04 1.61421583e+04 1.56566236e+04 6.00942449e+03
 6.54724744e+03 6.45761028e+03 6.60700554e+03 7.69012120e+03
 9.15792967e+03 2.98641132e+04 1.10141658e+04 6.96928906e+03
 6.00942449e+03 3.74818557e+03 5.79265043e+03 9.31691843e+03
 5.94841918e+03 1.07967216e+04 5.48111293e+03 7.12642036e+03
 4.77041800e+03 3.21273049e+03 9.61872038e+03 9.00538092e+03
 4.14734300e+03]
