[2.69811518e+03 9.10022103e+03 3.13330964e+03 2.58968366e+03
 2.93350439e+03 2.85046844e+03 1.55329122e+04 1.60415074e+04
 1.53305121e+04 1.55017640e+04 3.60572664e+03 2.73119831e+03
 2.80611896e+03 2.83881161e+03 2.54457777e+03 2.31164266e+03
 2.71893856e+03 2.90283471e+03 1.25539769e+04 1.13334513e+04
 1.22107041e+04 1.50604132e+04 1.81607660e+04 1.95120621e+04
 2.11739384e+04 1.71549259e+04 3.44902120e+03 2.82071687e+03
 2.21754471e+01 2.77193088e+03 2.81036833e+03 3.00994735e+03
 2.72610163e+03 3.17848075e+03 2.54426296e+03 3.12969476e+03
 9.51770188e+03 8.51832840e+03 8.81695775e+03 1.10640697e+04
 1.95557876e+04 3.04542806e+04 2.91296673e+04 2.00406907e+04
 2.01707867e+04 1.48637812e+04 3.00275041e+03 3.04274265e+03
 2.61449245e+03 3.31102390e+03 2.85444587e+03 2.95109377e+03
 2.86777661e+03 2.45618985e+03 3.05940608e+03 3.14938861e+03
 2.25122964e+03 2.75946431e+03 4.52912076e+03 6.75868794e+03
 6.54039698e+03 7.20193522e+03 9.75144029e+03 1.64434745e+04
 5.95884321e+04 1.97348355e+05 2.60616073e+04 1.71633348e+04
 1.74299497e+04 1.14262230e+04 2.72005829e+03 2.75566632e+03
 2.65675511e+03 3.64191077e+03 3.10383378e+03 3.44013190e+03
 3.44211012e+03 3.64784544e+03 3.48760928e+03 3.12163780e+03
 2.24132803e+03 2.85062109e+03 6.72794054e+03 5.46187704e+03
 5.31944490e+03 5.92082506e+03 8.15028374e+03 1.36932680e+04
 3.64784544e+04 1.25530195e+05 2.25438431e+04 1.50503298e+04
 1.47377704e+04 9.20718876e+03 2.66483659e+03 3.52594058e+03
 5.32457789e+03 1.32120866e+04 1.06134888e+04 1.00428163e+04
 1.11637801e+04 1.44094797e+04 5.71946285e+03 4.18068532e+03
 7.98941448e+03 9.62755017e+03 8.89637608e+03 5.55641358e+03
 4.73097662e+03 5.63284293e+03 6.88883187e+03 1.08223956e+04
 2.25415623e+04 9.36718086e+04 1.77468945e+04 1.17599290e+04
 1.10720648e+04 6.34182895e+03 5.25124352e+03 7.47723295e+03
 1.64932371e+04 1.71879251e+04 1.73970785e+04 7.66024215e+03
 1.04800778e+04 1.24894441e+04 1.06257381e+04 8.20179998e+03
 5.46039689e+03 9.19527849e+03 2.90200300e+04 1.52009681e+04
 7.18217731e+03 4.52702933e+03 4.45888050e+03 9.39480280e+03
 6.89276724e+03 1.23641446e+04 9.47268718e+03 1.02612665e+04
 9.62845593e+03 2.96934182e+03 6.71752739e+03 1.60539169e+04
 4.93592230e+03]
