[2.52334365e+03 8.62016945e+03 3.04897625e+03 2.51702720e+03
 2.88160692e+03 2.64158113e+03 1.44067371e+04 1.50346965e+04
 1.45364808e+04 1.53056081e+04 3.53897915e+03 2.65491546e+03
 2.72847392e+03 2.74073366e+03 2.47783028e+03 2.65355327e+03
 2.65355327e+03 2.72847392e+03 1.16985192e+04 1.03472231e+04
 1.11127760e+04 1.37908487e+04 1.64934410e+04 1.84604486e+04
 2.10431678e+04 1.76575693e+04 3.38988668e+03 2.73792853e+03
 2.21754471e+01 2.66548874e+03 2.70244782e+03 3.06908187e+03
 2.84437068e+03 2.60783258e+03 2.47330153e+03 3.10604095e+03
 8.97070752e+03 7.82941118e+03 7.89150243e+03 9.61231712e+03
 1.40858440e+04 2.57471724e+04 2.70836127e+04 2.00879983e+04
 2.05965552e+04 1.57769372e+04 2.94942743e+03 2.98941966e+03
 2.53284163e+03 3.20437794e+03 2.74779990e+03 2.73780184e+03
 2.77446139e+03 2.46952059e+03 2.97942161e+03 3.09606563e+03
 2.23789889e+03 2.86611027e+03 4.67909165e+03 6.30210991e+03
 6.00383448e+03 6.45041445e+03 8.47502141e+03 1.29874787e+04
 3.15405437e+04 1.48237889e+05 3.19271353e+04 1.80764908e+04
 1.83364404e+04 1.21937740e+04 2.54597456e+03 2.70621072e+03
 2.59345194e+03 3.54695601e+03 2.99107500e+03 3.28187396e+03
 3.34517714e+03 3.61421563e+03 3.82192917e+03 3.08998622e+03
 2.36991260e+03 2.88227267e+03 6.47274961e+03 5.12755715e+03
 4.80906305e+03 5.39461742e+03 7.28777799e+03 1.17823034e+04
 2.67376784e+04 3.28290264e+05 2.87238155e+04 1.66803865e+04
 1.66170834e+04 1.01905797e+04 2.54254963e+03 3.38327246e+03
 5.09783749e+03 1.27382246e+04 1.06134888e+04 1.00198875e+04
 1.09548732e+04 1.43687174e+04 5.76022517e+03 4.32335344e+03
 8.62632571e+03 1.04453442e+04 9.44921502e+03 5.57679474e+03
 4.42525923e+03 4.99847934e+03 5.94620325e+03 9.57404963e+03
 1.97085811e+04 4.65505681e+04 2.28676608e+04 1.36451862e+04
 1.21777427e+04 6.31194989e+03 5.01221110e+03 7.17844242e+03
 1.63662511e+04 1.70011810e+04 1.72178042e+04 7.90300945e+03
 1.23437837e+04 1.36024388e+04 1.25529370e+04 8.41095335e+03
 5.13172731e+03 8.02252566e+03 2.97371273e+04 1.85100732e+04
 7.51084689e+03 4.29337620e+03 3.52426799e+03 8.69384342e+03
 6.50334536e+03 1.25199134e+04 1.08746059e+04 1.12834989e+04
 1.02515309e+04 3.12511057e+03 5.85106371e+03 1.87896056e+04
 5.09169105e+03]
