[3.22242976e+03 9.45571869e+03 3.22672508e+03 2.89328385e+03
 3.40317647e+03 4.26726932e+03 2.25546396e+04 2.06759513e+04
 1.60778356e+04 1.36818732e+04 3.50628651e+03 2.87422864e+03
 2.92599200e+03 2.89466155e+03 2.89466155e+03 2.44513764e+03
 3.20251732e+03 4.23914670e+03 2.05146367e+04 2.03893148e+04
 2.71893856e+04 2.86823499e+04 1.89508383e+04 1.53927885e+04
 1.75777471e+04 1.24478176e+04 3.97531848e+03 2.64035656e+03
 2.06970839e+01 2.74827707e+03 2.60783258e+03 3.21248310e+03
 2.53539278e+03 2.65514020e+03 2.80741160e+03 3.90287868e+03
 1.63684367e+04 1.55819475e+04 2.28436672e+04 1.21249431e+05
 1.00623309e+05 2.01293925e+04 1.28499324e+04 1.13065213e+04
 1.32697875e+04 9.51815224e+03 2.65448469e+03 2.89443810e+03
 2.39786784e+03 3.16271936e+03 2.72113841e+03 2.77612774e+03
 2.75946431e+03 2.16124710e+03 2.72280476e+03 3.22937308e+03
 2.41119858e+03 2.77279505e+03 7.54520192e+03 1.19310172e+04
 1.32174341e+04 2.34354505e+04 9.33685411e+04 5.95351091e+04
 1.68433969e+04 1.02180164e+04 8.76163244e+03 8.31838515e+03
 1.02346798e+04 6.81102595e+03 2.19582887e+03 2.57960437e+03
 2.43321578e+03 3.22846191e+03 2.96140164e+03 2.97920566e+03
 2.69236315e+03 3.18494098e+03 2.77149212e+03 2.94557585e+03
 2.13054747e+03 2.78533969e+03 9.72099377e+03 8.69231718e+03
 9.90299039e+03 1.40968257e+04 2.66902010e+04 2.38178195e+04
 1.58851404e+04 8.53010279e+03 6.78135259e+03 6.84069932e+03
 7.60825031e+03 5.57679474e+03 2.19352228e+03 3.15907971e+03
 5.05707517e+03 1.12249235e+04 9.34221394e+03 8.78937499e+03
 8.92694781e+03 1.05115830e+04 4.34373460e+03 3.13615090e+03
 5.08000398e+03 6.06084727e+03 7.11302463e+03 7.04933351e+03
 7.99196213e+03 1.04071295e+04 1.27687964e+04 1.23000297e+04
 2.50382543e+04 7.12831050e+03 5.83665452e+03 5.36788786e+03
 6.21115833e+03 6.67049853e+03 7.17470754e+03 7.89927457e+03
 1.42336338e+04 1.50814519e+04 1.47229032e+04 5.40810855e+03
 5.82268041e+03 5.70689908e+03 6.18496392e+03 7.90300945e+03
 1.30422065e+04 1.34007552e+04 1.17051189e+04 6.12894070e+03
 5.82641529e+03 3.74818557e+03 5.24745980e+03 8.77172780e+03
 5.24745980e+03 9.93025788e+03 4.84830238e+03 6.34757661e+03
 4.06945862e+03 4.61464925e+03 8.67437233e+03 7.20430474e+03
 4.53676488e+03]
