[ 91.85072941 166.07189797  93.41544261  72.65645536  93.41544261
  83.03594899 459.29259283 500.81056732 365.87715022 219.3131808
 108.97549357  65.38529614  65.38529614  87.18039485  76.2828455
  76.2828455   76.2828455  130.77059228 479.49217169 599.36521461
 633.42005635 612.98715131 569.39695388 568.03476021 501.2872704
 249.84337031  94.61524083  70.96143062  82.78833573  70.96143062
  70.96143062  82.78833573  59.13452552  59.13452552  70.96143062
 118.26905104 416.8984049  628.30433363 748.0517478  808.66463646
 724.3979376  690.39558542 736.2248427  663.78504894 508.55691946
 279.94565424  79.98447264  93.31521808  53.32298176  93.31521808
  79.98447264  66.6537272   79.98447264  53.32298176  66.6537272
  93.31521808  79.98447264  79.98447264 253.28416336 626.54503569
 748.18808783 789.84666733 881.49554223 804.84375595 818.17450139
 854.83405135 883.16188541 654.87286975 468.24243358 253.21269883
  63.30317471  63.30317471  79.12896838  94.95476206  79.12896838
  63.30317471  47.47738103  79.12896838  63.30317471  79.12896838
  79.12896838  94.95476206 474.77381031 526.20763976 636.9881955
 761.6163207  856.57108276 842.7235133  904.0484638  937.67827536
 826.89771962 682.48735232 429.27465349 203.81159393  40.76231879
  81.52463757  81.52463757 203.81159393 142.66811575 163.04927515
 163.04927515 163.04927515  81.52463757  81.52463757 101.90579697
 142.66811575 264.95507211 450.93315158 611.4347818  733.72173816
 759.1981874  779.57934679 835.62753513 878.93749884 856.00869452
 654.74474551 369.408514    89.63715827  59.75810551 119.51621102
 239.03242204 239.03242204 179.27431653  89.63715827 149.39526378
 179.27431653 209.15336929 179.27431653 597.58105511 571.43688394
 717.09726613 388.42768582 119.51621102  77.88437555   0.
  77.88437555   0.         155.76875111   0.          77.88437555
  77.88437555   0.          77.88437555 155.76875111   0.        ]
