[1.74388815e+03 5.03016210e+03 2.29776040e+03 2.00583714e+03
 2.36911942e+03 1.72299594e+03 7.88322541e+03 8.24910256e+03
 8.56048737e+03 1.01728623e+04 2.68352153e+03 1.91933088e+03
 1.87301630e+03 2.12638432e+03 1.85394558e+03 1.81989074e+03
 2.21492691e+03 1.92886624e+03 6.63115878e+03 5.80839381e+03
 5.71031586e+03 6.53580523e+03 8.24672048e+03 1.08730299e+04
 1.45972674e+04 1.48250255e+04 2.80741160e+03 1.96178788e+03
 1.62619945e+01 2.02240077e+03 2.05935985e+03 2.05640312e+03
 1.90413172e+03 2.11997274e+03 2.14066982e+03 3.39136504e+03
 5.63847701e+03 4.75589421e+03 4.29464492e+03 4.54596665e+03
 5.43594126e+03 7.36520515e+03 1.02332296e+04 1.41627189e+04
 1.79295881e+04 1.79965063e+04 2.58783096e+03 2.39953418e+03
 1.95628689e+03 2.37287269e+03 1.98294838e+03 1.97295033e+03
 2.06293286e+03 1.83964287e+03 2.25456232e+03 2.49284940e+03
 2.15791442e+03 3.51098508e+03 3.49765433e+03 4.35415473e+03
 3.64429253e+03 3.44599770e+03 3.86091715e+03 4.61743695e+03
 6.32877140e+03 9.54814642e+03 1.66234396e+04 2.25289598e+04
 2.16091384e+04 1.73767215e+04 2.43123755e+03 2.14835149e+03
 1.92481216e+03 2.68840670e+03 2.25715382e+03 2.40552064e+03
 2.34221746e+03 2.77149212e+03 3.00887902e+03 3.44013190e+03
 3.34122069e+03 3.53508666e+03 5.61815676e+03 4.21757401e+03
 3.31352555e+03 3.07218220e+03 3.37287228e+03 4.29868121e+03
 6.34812149e+03 1.10028831e+04 2.99265758e+04 4.78097227e+04
 2.36912131e+04 1.52552978e+04 2.25466576e+03 2.58331195e+03
 3.72720452e+03 7.06716702e+03 6.02518025e+03 6.43535108e+03
 7.27097861e+03 9.52819202e+03 4.71314311e+03 4.97809818e+03
 1.29675127e+04 1.57699221e+04 1.38540931e+04 6.06849021e+03
 3.78834800e+03 3.09284094e+03 2.97310163e+03 3.99725489e+03
 6.24682535e+03 1.17191667e+04 3.69612326e+04 8.08724405e+04
 2.27148021e+04 6.30821501e+03 3.45103059e+03 4.98606693e+03
 1.07228451e+04 1.20151141e+04 1.26201649e+04 8.62384160e+03
 2.03401652e+04 2.04596814e+04 2.16772528e+04 1.15968074e+04
 3.14850518e+03 3.78716994e+03 7.14482849e+03 2.18490573e+04
 1.64110697e+04 2.95960627e+03 1.95684494e+03 3.12511057e+03
 4.53676488e+03 8.12918170e+03 1.39997165e+04 1.28411864e+04
 1.47980314e+04 3.60215237e+03 3.19325940e+03 5.01380668e+03
 5.32534418e+03]
