[2.77083034e+03 9.35192375e+03 3.20596609e+03 2.63249907e+03
 2.99578135e+03 3.01654033e+03 1.69964208e+04 1.72092004e+04
 1.61193536e+04 1.54363787e+04 3.60572664e+03 2.73119831e+03
 2.83881161e+03 2.89329935e+03 2.64265572e+03 2.34569750e+03
 2.77478850e+03 3.07855769e+03 1.38507852e+04 1.24722452e+04
 1.34584735e+04 1.69674843e+04 1.99588616e+04 1.96482815e+04
 2.09069484e+04 1.63506963e+04 3.43719430e+03 2.73645017e+03
 2.21754471e+01 2.79558469e+03 3.07203860e+03 2.97446663e+03
 2.69062091e+03 2.77340925e+03 2.56791677e+03 3.10604095e+03
 1.04461139e+04 9.35212521e+03 9.85476868e+03 1.37546906e+04
 2.78878422e+04 4.52024313e+04 2.80770727e+04 1.84263182e+04
 1.87929522e+04 1.38373138e+04 2.90943519e+03 2.93776303e+03
 2.55950312e+03 3.25770092e+03 2.80112289e+03 3.01774750e+03
 2.90776885e+03 2.33454680e+03 3.16605204e+03 3.18938085e+03
 2.34454485e+03 2.62615685e+03 5.25231370e+03 7.45188670e+03
 7.22526403e+03 8.18174501e+03 1.16943964e+04 2.35554272e+04
 2.58723108e+05 7.04396589e+04 2.03827098e+04 1.56169683e+04
 1.63568247e+04 1.12402700e+04 2.51432297e+03 2.72203651e+03
 2.62510353e+03 3.56278180e+03 3.07020397e+03 3.44013190e+03
 3.47376171e+03 3.91688394e+03 3.34517714e+03 3.12163780e+03
 2.09889589e+03 2.77149212e+03 7.20667080e+03 5.85950011e+03
 5.74871955e+03 6.65474624e+03 9.47173752e+03 1.72580280e+04
 4.60847112e+04 4.03874255e+04 1.67516026e+04 1.26012882e+04
 1.25419415e+04 8.01489093e+03 2.60369311e+03 3.40365362e+03
 5.32457789e+03 1.34566605e+04 1.03892960e+04 9.95874401e+03
 1.10363978e+04 1.41190482e+04 5.57424709e+03 4.03546956e+03
 7.34995561e+03 8.76644618e+03 8.23908368e+03 5.63793822e+03
 5.14114746e+03 5.85958333e+03 7.44167082e+03 1.26668906e+04
 2.34383333e+04 5.23591985e+04 1.35228993e+04 1.04912018e+04
 9.73709890e+03 6.15881975e+03 5.40437367e+03 7.59674916e+03
 1.63064930e+04 1.72476832e+04 1.70982879e+04 7.24193541e+03
 8.58649279e+03 9.30732493e+03 8.34372548e+03 8.16818605e+03
 5.94593150e+03 1.10925983e+04 1.96902958e+04 1.22242675e+04
 6.27833596e+03 4.29337620e+03 4.53676488e+03 9.16114967e+03
 6.42546098e+03 1.18189540e+04 8.29468600e+03 9.24876960e+03
 9.00538092e+03 2.82330861e+03 7.34060240e+03 2.00357556e+04
 4.78015355e+03]
