[2.93539623e+03 9.64254958e+03 3.28900204e+03 2.69477603e+03
 3.08919679e+03 3.21504815e+03 1.81641138e+04 1.82108216e+04
 1.62075793e+04 1.50876571e+04 3.60436445e+03 2.77478850e+03
 2.94778710e+03 2.99273949e+03 2.81837870e+03 2.38928770e+03
 2.84017380e+03 3.24338313e+03 1.52293252e+04 1.36600781e+04
 1.50168230e+04 1.93377013e+04 2.14027869e+04 1.93377013e+04
 2.01223249e+04 1.54695919e+04 3.44902120e+03 2.72462326e+03
 2.21754471e+01 2.93750756e+03 2.76306070e+03 3.05725497e+03
 2.68914255e+03 2.69062091e+03 2.61522439e+03 3.28344453e+03
 1.15637565e+04 1.03248882e+04 1.11852955e+04 1.79414150e+04
 3.36948526e+04 6.50006704e+04 2.42333286e+04 1.68947339e+04
 1.75038196e+04 1.31107881e+04 2.93609668e+03 3.01608116e+03
 2.58616462e+03 3.28436241e+03 2.90776885e+03 2.88444004e+03
 2.88110736e+03 2.36120829e+03 2.95109377e+03 3.22937308e+03
 2.25122964e+03 2.54450604e+03 5.60057943e+03 8.13842009e+03
 8.01844338e+03 9.49482344e+03 1.49437656e+04 4.09253885e+04
 3.40840499e+05 3.49265531e+04 1.63501593e+04 1.33540742e+04
 1.54436686e+04 9.51525845e+03 2.67258091e+03 2.72401474e+03
 2.70423249e+03 3.65773656e+03 3.16713696e+03 3.51926087e+03
 3.47376171e+03 3.69532282e+03 3.16911518e+03 3.08998622e+03
 2.05141851e+03 2.70818894e+03 7.73090021e+03 6.35207794e+03
 6.28877476e+03 7.56077293e+03 1.14103972e+04 2.18079437e+04
 6.88105509e+04 2.41976385e+04 1.30206717e+04 1.07536268e+04
 1.12046619e+04 7.46205198e+03 2.93233931e+03 3.48517826e+03
 5.52838949e+03 1.34158982e+04 1.03281525e+04 1.00606498e+04
 1.06899181e+04 1.37114250e+04 5.47234130e+03 3.81127681e+03
 6.61623387e+03 7.88750869e+03 7.68624474e+03 5.76022517e+03
 5.53093713e+03 6.57547155e+03 8.62887336e+03 1.45776243e+04
 2.18486029e+04 1.94691025e+04 1.07306804e+04 8.62632571e+03
 8.73332680e+03 6.12894070e+03 6.06171283e+03 7.95903268e+03
 1.62168559e+04 1.71580460e+04 1.68891346e+04 6.96928906e+03
 8.16445117e+03 8.55661373e+03 8.01132102e+03 8.07854889e+03
 6.57712649e+03 1.18096956e+04 1.53130145e+04 1.02149012e+04
 6.24845691e+03 4.60491370e+03 5.55899731e+03 9.40453835e+03
 6.50334536e+03 1.18189540e+04 7.43795787e+03 8.77172780e+03
 8.45045475e+03 3.13484612e+03 8.05129732e+03 1.83320349e+04
 4.70226917e+03]
