[2.61647008e+03 6.07459864e+03 2.45475024e+03 2.53778619e+03
 3.22413021e+03 4.86279276e+03 1.81225959e+04 1.31975261e+04
 9.87608818e+03 7.69639423e+03 2.54185339e+03 2.05010147e+03
 2.19176961e+03 2.53095584e+03 2.36749260e+03 2.39882305e+03
 4.19828089e+03 7.91979399e+03 3.23221314e+04 2.34188336e+04
 1.42485458e+04 1.02382476e+04 8.46194708e+03 8.21947660e+03
 9.59801660e+03 7.09022961e+03 2.17615054e+03 1.84351883e+03
 1.47836314e+01 1.94996098e+03 2.10814583e+03 2.36685938e+03
 2.16580200e+03 2.53391442e+03 3.82748216e+03 8.16056452e+03
 4.13468602e+04 1.58717066e+05 2.86565911e+04 1.16347179e+04
 7.89741588e+03 6.35400477e+03 5.69908990e+03 5.83214258e+03
 7.34746480e+03 5.61557652e+03 1.93129175e+03 1.83631018e+03
 1.76799011e+03 2.13125293e+03 2.03627137e+03 1.87796876e+03
 1.78132086e+03 1.82464578e+03 2.26622672e+03 2.70614132e+03
 3.21437599e+03 5.42727974e+03 1.88430087e+04 7.12661651e+04
 4.37115143e+04 1.63035017e+04 1.20943188e+04 6.25211961e+03
 4.78740396e+03 4.14252915e+03 4.24584242e+03 4.45246898e+03
 5.84386553e+03 4.62904465e+03 1.66962123e+03 1.81403160e+03
 1.87535655e+03 2.16219906e+03 2.02174514e+03 2.00591935e+03
 1.87931300e+03 2.22945868e+03 2.16615551e+03 2.40354241e+03
 2.79918726e+03 4.23339981e+03 1.69889895e+04 2.44429383e+04
 1.92283393e+04 1.02155498e+04 7.22249659e+03 6.55781325e+03
 4.03953384e+03 3.45397947e+03 3.29572153e+03 3.77049534e+03
 4.67850026e+03 4.30551992e+03 1.96932953e+03 2.37695271e+03
 3.23550905e+03 6.96271358e+03 6.14491956e+03 5.67615289e+03
 5.89779800e+03 6.02263260e+03 3.06991213e+03 2.64190779e+03
 4.03292191e+03 5.58953296e+03 9.55112082e+03 1.40579047e+04
 1.39305224e+04 7.57924365e+03 5.45196014e+03 4.22399528e+03
 3.86987264e+03 3.05207862e+03 3.09029329e+03 3.48008297e+03
 4.44818804e+03 7.72373514e+03 6.81615891e+03 5.94593150e+03
 7.92168386e+03 8.92263213e+03 7.66397703e+03 3.63403979e+03
 4.47065327e+03 5.31473651e+03 7.72000026e+03 1.22541465e+04
 6.15134999e+03 3.69753278e+03 3.11862613e+03 5.67702002e+03
 6.93941000e+03 4.77041800e+03 3.99157425e+03 6.58122973e+03
 3.91368987e+03 6.64937856e+03 3.13484612e+03 6.58122973e+03
 3.35876370e+03 3.29061487e+03 3.89421878e+03 4.69253363e+03
 5.71476606e+03]
