[ 51.02818301 103.79493623  41.51797449  31.13848087  41.51797449
  31.13848087 229.64629642 250.40528366 198.50781555 130.77059228
  54.48774678  32.69264807  32.69264807  43.59019743  32.69264807
  43.59019743  43.59019743  65.38529614 250.6436352  326.9264807
 359.61912877 403.20932619 395.03616418 403.20932619 294.23383263
 131.57431928  59.13452552  35.48071531  47.30762041  35.48071531
  35.48071531  35.48071531  23.65381021  35.48071531  23.65381021
  59.13452552 202.5357499  331.1533429  390.28786842 369.59078449
 425.76858373 405.0714998  439.07385197 390.28786842 319.3264378
 159.96894528  39.99223632  53.32298176  26.66149088  53.32298176
  39.99223632  26.66149088  39.99223632  26.66149088  26.66149088
  53.32298176  39.99223632  39.99223632 133.3074544  333.268636
 386.59161776 399.9223632  439.91459952 388.25796094 414.91945182
 439.91459952 466.5760904  386.59161776 319.93789056 142.43214309
  31.65158735  31.65158735  31.65158735  47.47738103  31.65158735
  15.82579368  15.82579368  31.65158735  15.82579368  47.47738103
  47.47738103  47.47738103 253.21269883 286.84251039 318.49409775
 395.64484192 443.12222295 413.44885981 490.59960399 506.42539766
 429.27465349 395.64484192 255.19092304 101.90579697   0.
  40.76231879  40.76231879 101.90579697  61.14347818  81.52463757
  81.52463757  81.52463757  40.76231879  40.76231879  40.76231879
  81.52463757 122.28695636 226.74039825 326.09855029 366.86086908
 369.408514   389.7896734  448.38550665 489.14782544 448.38550665
 346.47970969 264.95507211  29.87905276  29.87905276  29.87905276
 119.51621102 119.51621102  89.63715827  29.87905276  59.75810551
  89.63715827 119.51621102  89.63715827 298.79052755 328.66958031
 388.42768582 179.27431653  59.75810551   0.           0.
  77.88437555   0.          77.88437555   0.           0.
   0.           0.          77.88437555  77.88437555   0.        ]
