[3.99295532e+02 8.75769774e+02 4.17774618e+02 3.55497657e+02
 4.26856675e+02 3.85338701e+02 1.95264224e+03 2.02529869e+03
 1.76451392e+03 1.25049379e+03 4.80854365e+02 3.29650868e+02
 3.48721579e+02 3.81414227e+02 3.39186224e+02 3.17391125e+02
 3.73241065e+02 5.44877468e+02 1.96019669e+03 2.63039598e+03
 2.81565432e+03 3.19706854e+03 3.15756493e+03 2.54185339e+03
 2.16861232e+03 1.28469757e+03 4.39073852e+02 3.31153343e+02
 2.95672628e+00 3.54807153e+02 3.34110069e+02 3.90287868e+02
 3.32631706e+02 3.32631706e+02 3.54807153e+02 5.70648171e+02
 1.78438431e+03 2.38903483e+03 2.81776014e+03 3.29527143e+03
 3.81713362e+03 4.99538904e+03 4.48239703e+03 2.83106541e+03
 2.44816936e+03 1.40639364e+03 3.48265725e+02 3.99922363e+02
 3.19937891e+02 4.26583854e+02 3.59930127e+02 3.21604234e+02
 3.59930127e+02 2.68281252e+02 3.21604234e+02 4.13253109e+02
 3.59930127e+02 4.66576090e+02 1.00313859e+03 2.12958658e+03
 2.35787560e+03 2.79945654e+03 3.35101614e+03 3.75593753e+03
 4.34415667e+03 5.73721957e+03 5.17232923e+03 3.41766986e+03
 2.55950312e+03 1.39662629e+03 3.16515874e+02 3.48167461e+02
 3.32341667e+02 4.43122223e+02 3.63993255e+02 3.34319891e+02
 2.86842510e+02 3.81797272e+02 3.34319891e+02 3.50145685e+02
 3.48167461e+02 4.60926241e+02 1.76259777e+03 2.11669990e+03
 2.08702654e+03 2.44904157e+03 3.15131117e+03 3.96436132e+03
 4.00788225e+03 4.50441653e+03 5.09392734e+03 3.91490571e+03
 2.88227267e+03 9.63009781e+02 2.85336232e+02 3.49027355e+02
 5.29910144e+02 9.37533332e+02 7.15888224e+02 7.36269383e+02
 7.94865216e+02 8.40722825e+02 4.07623188e+02 4.07623188e+02
 6.92959419e+02 8.35627535e+02 1.28656069e+03 2.19352228e+03
 1.98461540e+03 2.26995163e+03 2.81005235e+03 3.54632173e+03
 3.74503804e+03 4.13737536e+03 4.09661304e+03 3.27627137e+03
 2.37695271e+03 6.31194989e+02 4.78064844e+02 6.61074042e+02
 1.04950173e+03 1.13913889e+03 1.10925983e+03 4.81799726e+02
 9.26250635e+02 1.01588779e+03 1.07564590e+03 8.10469306e+02
 2.09526857e+03 2.52477996e+03 3.54066775e+03 2.28574754e+03
 6.90953095e+02 3.11537502e+02 3.11537502e+02 5.45190629e+02
 3.11537502e+02 7.00959380e+02 4.67306253e+02 6.23075004e+02
 6.23075004e+02 3.11537502e+02 5.45190629e+02 1.09038126e+03
 3.11537502e+02]
