[2.56544190e+03 8.72396439e+03 3.06973524e+03 2.53778619e+03
 2.93350439e+03 2.68309910e+03 1.46973630e+04 1.54550660e+04
 1.48478656e+04 1.53274032e+04 3.54987670e+03 2.66581301e+03
 2.75026902e+03 2.76252876e+03 2.48872783e+03 3.47631824e+03
 2.67534837e+03 2.76116657e+03 1.18129435e+04 1.05433790e+04
 1.13116562e+04 1.40523899e+04 1.71527427e+04 1.90761601e+04
 2.15662502e+04 1.76102617e+04 3.40171358e+03 2.78375779e+03
 2.21754471e+01 2.67731564e+03 2.71427472e+03 3.05873333e+03
 2.78523615e+03 2.61965948e+03 2.49695534e+03 3.16517548e+03
 9.04166895e+03 7.93585332e+03 8.12804053e+03 9.89911957e+03
 1.47481507e+04 2.60310181e+04 2.77459194e+04 2.04723727e+04
 2.08863144e+04 1.58235948e+04 2.97608892e+03 3.00275041e+03
 2.54617238e+03 3.23103943e+03 2.77446139e+03 2.76446334e+03
 2.77446139e+03 2.48285134e+03 2.96609086e+03 3.10939637e+03
 2.25122964e+03 2.85277952e+03 4.70408680e+03 6.38209438e+03
 6.07048820e+03 6.54372967e+03 8.65165379e+03 1.36573487e+04
 3.40067316e+04 1.58529225e+05 3.07940220e+04 1.81898022e+04
 1.85563977e+04 1.20988193e+04 2.57762615e+03 2.70818894e+03
 2.65675511e+03 3.51728264e+03 3.00887902e+03 3.31352555e+03
 3.33132957e+03 3.64586722e+03 3.74280020e+03 3.10581201e+03
 2.36991260e+03 2.89809847e+03 6.50440120e+03 5.19086033e+03
 4.88819202e+03 5.44407302e+03 7.44603593e+03 1.20038645e+04
 2.81382612e+04 2.77521118e+05 2.77109647e+04 1.66170834e+04
 1.69415121e+04 1.02109609e+04 2.56293079e+03 3.38327246e+03
 5.13859981e+03 1.27586058e+04 1.06338699e+04 1.00606498e+04
 1.10363978e+04 1.44910043e+04 5.82136865e+03 4.32335344e+03
 8.52441992e+03 1.02848426e+04 9.38807155e+03 5.55641358e+03
 4.48640271e+03 5.05962282e+03 5.98696557e+03 9.81862354e+03
 2.02028242e+04 5.17885260e+04 2.18893652e+04 1.32375630e+04
 1.20911228e+04 6.34182895e+03 5.10184826e+03 7.17844242e+03
 1.64260093e+04 1.70609391e+04 1.73074413e+04 7.87313040e+03
 1.21906535e+04 1.34530435e+04 1.24035418e+04 8.38107430e+03
 5.19148542e+03 8.14577676e+03 3.26129861e+04 1.80842967e+04
 7.45108878e+03 4.37126058e+03 3.60215237e+03 8.77172780e+03
 6.65911411e+03 1.25199134e+04 1.12737634e+04 1.11277302e+04
 1.01736466e+04 3.04722619e+03 6.09445239e+03 1.78452575e+04
 5.16957543e+03]
