[ 0.         10.37949362  0.          0.          0.          0.
 10.37949362 10.37949362  0.          0.          0.          0.
  0.          0.          0.          0.          0.          0.
 21.79509871 21.79509871 10.89754936 32.69264807 21.79509871 21.79509871
 10.89754936  0.          0.          0.          0.          0.
  0.          0.          0.          0.          0.          0.
  0.         23.65381021 23.65381021 35.48071531 35.48071531 23.65381021
 35.48071531 23.65381021 23.65381021  0.          0.          0.
  0.          0.          0.          0.          0.          0.
  0.          0.          0.          0.         13.33074544 26.66149088
 26.66149088 26.66149088 26.66149088 26.66149088 26.66149088 39.99223632
 26.66149088 13.33074544 26.66149088  0.          0.          0.
  0.          0.          0.          0.          0.          0.
  0.          0.          0.          0.         15.82579368  0.
  0.         15.82579368 31.65158735 15.82579368 31.65158735 31.65158735
 15.82579368 31.65158735 15.82579368  0.          0.          0.
  0.          0.          0.          0.          0.          0.
  0.          0.          0.          0.          0.          0.
  0.          0.         20.38115939 20.38115939  0.         20.38115939
 40.76231879 20.38115939  0.          0.          0.          0.
  0.          0.          0.          0.          0.          0.
  0.          0.          0.          0.         29.87905276  0.
  0.          0.          0.          0.          0.          0.
  0.          0.          0.          0.          0.          0.
  0.        ]
