[ 30.6169098   72.65645536  20.75898725  20.75898725  31.13848087
  20.75898725 156.98984105 177.7488283  145.31291073  87.18039485
  43.59019743  10.89754936  10.89754936  32.69264807  21.79509871
  32.69264807  21.79509871  43.59019743 174.36078971 228.84853649
 261.54118456 283.33628327 273.80092758 250.6436352  196.15588842
 106.44214593  35.48071531  23.65381021  35.48071531  11.8269051
  23.65381021  23.65381021  11.8269051   11.8269051   11.8269051
  35.48071531 153.74976635 236.53810207 295.67262759 308.97789583
 354.80715311 344.45861114 354.80715311 248.36500718 224.71119697
 106.64596352  26.66149088  26.66149088  13.33074544  39.99223632
  26.66149088  13.33074544  26.66149088  13.33074544  13.33074544
  39.99223632  26.66149088  13.33074544  93.31521808 226.62267248
 293.27639968 306.60714512 359.93012688 334.93497918 334.93497918
 373.26087232 439.91459952 266.6149088  226.62267248 110.78055574
  31.65158735  15.82579368  31.65158735  31.65158735  15.82579368
   0.          15.82579368  15.82579368  15.82579368  31.65158735
  31.65158735  31.65158735 174.08373045 221.56111148 239.36512936
 316.51587354 363.99325457 318.49409775 379.81904825 381.79727246
 397.62306613 348.16746089 221.56111148  61.14347818   0.
  20.38115939  20.38115939  81.52463757  40.76231879  61.14347818
  61.14347818  40.76231879  40.76231879  20.38115939  40.76231879
  61.14347818  81.52463757 183.43043454 244.57391272 285.33623151
 267.50271704 287.88387643 326.09855029 387.24202847 428.00434726
 468.76666605 183.43043454   0.           0.          29.87905276
  89.63715827  89.63715827  59.75810551   0.          59.75810551
  89.63715827  89.63715827  59.75810551 209.15336929 209.15336929
 298.79052755 149.39526378  29.87905276   0.           0.
   0.           0.          77.88437555   0.           0.
   0.           0.           0.          77.88437555   0.        ]
