[1.33438699e+03 2.76613505e+03 1.91112426e+03 1.67239591e+03
 2.02529869e+03 1.31560082e+03 5.09503393e+03 6.69217851e+03
 5.93188061e+03 5.33979918e+03 2.01604663e+03 1.43711432e+03
 1.42485458e+03 1.75450545e+03 1.50249962e+03 1.48070452e+03
 1.90843333e+03 1.66596286e+03 5.30438215e+03 6.78100009e+03
 6.20342997e+03 5.99637653e+03 8.22492538e+03 1.31369957e+04
 1.11100516e+04 7.73479594e+03 2.03274931e+03 1.33200519e+03
 1.18269051e+01 1.61732927e+03 1.65576671e+03 1.64098308e+03
 1.52419240e+03 1.76368722e+03 1.93813407e+03 3.31892524e+03
 4.78102639e+03 6.66150430e+03 7.23510920e+03 4.39073852e+03
 5.07817738e+03 5.75822442e+03 7.47164730e+03 1.08984931e+04
 1.58657932e+04 1.19043557e+04 1.64967975e+03 1.66134415e+03
 1.41972439e+03 1.82131310e+03 1.51303961e+03 1.55636453e+03
 1.66134415e+03 1.47638006e+03 1.79798429e+03 2.06459920e+03
 1.95628689e+03 3.37601128e+03 4.02255244e+03 5.22731856e+03
 7.06196240e+03 3.40600546e+03 3.47265919e+03 5.04402081e+03
 8.54500783e+03 7.88180324e+03 9.94473610e+03 1.35407047e+04
 1.82297944e+04 1.46151205e+04 1.44806012e+03 1.43421255e+03
 1.35112714e+03 2.01976692e+03 1.70127282e+03 1.81600982e+03
 1.78633646e+03 2.13450392e+03 2.08702654e+03 2.32441345e+03
 2.60927773e+03 3.61421563e+03 5.77443647e+03 4.42528756e+03
 3.39265452e+03 2.99107500e+03 3.51728264e+03 7.65770592e+03
 9.53108424e+03 1.78277566e+04 1.53154118e+04 1.66724736e+04
 2.65477689e+04 1.48069123e+04 1.37318061e+03 1.88525724e+03
 2.65974130e+03 4.95516938e+03 4.20106648e+03 4.77683423e+03
 5.38572137e+03 6.72323495e+03 3.31703369e+03 3.79089565e+03
 1.00173398e+04 1.22898391e+04 1.20554558e+04 9.91033876e+03
 3.72720452e+03 3.17436558e+03 5.32967318e+03 6.12963369e+03
 9.97912517e+03 1.75023206e+04 1.59839243e+04 1.82768047e+04
 2.27148021e+04 4.14945345e+03 2.67044034e+03 2.73393333e+03
 6.33435918e+03 7.84325135e+03 8.92636701e+03 5.73677813e+03
 1.83233291e+04 1.94960819e+04 2.62412781e+04 1.05473056e+04
 4.20174179e+03 4.44824398e+03 1.00318920e+04 6.43146611e+03
 4.50800208e+03 2.10287814e+03 1.41165431e+03 1.95684494e+03
 1.72319181e+03 3.82606995e+03 8.91776100e+03 9.87184460e+03
 1.13516477e+04 3.13484612e+03 2.02499376e+03 3.91368987e+03
 2.11261369e+03]
