[1.29356444e+03 2.47421179e+03 1.90074477e+03 1.71261645e+03
 2.05643717e+03 1.28446234e+03 5.06389545e+03 5.81511130e+03
 4.98085950e+03 4.15469069e+03 1.97245643e+03 1.41531922e+03
 1.41259484e+03 1.76540300e+03 1.50249962e+03 1.50113742e+03
 1.93022843e+03 1.65506531e+03 4.71182790e+03 6.85728293e+03
 8.12957182e+03 7.69639423e+03 1.07667788e+04 1.18837776e+04
 9.31195593e+03 6.77090317e+03 1.98544169e+03 1.29652447e+03
 1.18269051e+01 1.61732927e+03 1.64393981e+03 1.61732927e+03
 1.50053859e+03 1.78586267e+03 1.92778553e+03 3.42684575e+03
 4.54300992e+03 6.36287495e+03 7.06657580e+03 8.94705371e+03
 5.68282790e+03 5.27036459e+03 7.21145539e+03 1.44702184e+04
 1.32520472e+04 9.90807655e+03 1.58135968e+03 1.60802117e+03
 1.36806775e+03 1.76965646e+03 1.47304737e+03 1.52970304e+03
 1.62135191e+03 1.46304931e+03 1.75799205e+03 2.05126845e+03
 1.95795324e+03 3.37601128e+03 3.86091715e+03 5.99050373e+03
 5.60057943e+03 6.27378207e+03 6.72036204e+03 4.61577061e+03
 5.48560175e+03 5.80553964e+03 8.46835604e+03 1.15077660e+04
 2.00294450e+04 1.11413587e+04 1.36695293e+03 1.38673517e+03
 1.30364975e+03 1.95646374e+03 1.60631806e+03 1.72105506e+03
 1.72105506e+03 2.02372337e+03 2.00789757e+03 2.26111027e+03
 2.57762615e+03 3.69532282e+03 5.48759396e+03 6.31844813e+03
 5.55485358e+03 6.17601598e+03 4.96534277e+03 3.95051375e+03
 7.93861375e+03 7.62605433e+03 1.20355161e+04 1.34598375e+04
 2.93568473e+04 1.24070308e+04 1.29165598e+03 1.82411377e+03
 2.57821666e+03 4.58830851e+03 3.72975217e+03 4.34373460e+03
 4.95516938e+03 6.29268296e+03 3.13360326e+03 3.64822753e+03
 9.97657752e+03 1.23306014e+04 1.21115040e+04 7.58688658e+03
 5.16152862e+03 4.85326358e+03 2.97310163e+03 4.69530960e+03
 7.02640470e+03 1.28707022e+04 1.64323098e+04 1.49190087e+04
 2.86151478e+04 4.11583952e+03 2.64056129e+03 2.52477996e+03
 5.07570409e+03 5.86002922e+03 8.20553486e+03 5.25871328e+03
 1.64633581e+04 1.75763528e+04 2.46875673e+04 1.06967009e+04
 3.02898897e+03 4.59763924e+03 7.50711200e+03 7.93288851e+03
 4.35487194e+03 2.02499376e+03 1.25588556e+03 1.72319181e+03
 1.56742306e+03 2.88172190e+03 7.90526412e+03 8.30442154e+03
 9.23903405e+03 3.21273049e+03 1.79134064e+03 2.97907736e+03
 2.03472931e+03]
