[4.60529352e+02 1.17936996e+03 5.11190061e+02 4.28154112e+02
 5.29354175e+02 4.38533606e+02 2.27700141e+03 2.79857097e+03
 1.87998578e+03 1.61147511e+03 5.68034760e+02 3.95036164e+02
 4.03209326e+02 4.26366619e+02 3.84138615e+02 3.82776421e+02
 4.49523911e+02 6.02089602e+02 2.25579272e+03 2.56228629e+03
 2.77070192e+03 3.37279153e+03 3.90268486e+03 3.67111194e+03
 2.84698477e+03 1.66611526e+03 5.21862188e+02 3.90287868e+02
 2.95672628e+00 4.03593137e+02 3.93244595e+02 4.61249299e+02
 3.91766232e+02 3.81417690e+02 4.25768584e+02 6.43087965e+02
 2.01057387e+03 2.65218347e+03 2.77045252e+03 3.11638949e+03
 3.26866090e+03 3.38988668e+03 3.81861199e+03 4.67606261e+03
 3.66190549e+03 1.72799788e+03 4.28250197e+02 4.66576090e+02
 3.86591618e+02 5.06568327e+02 4.13253109e+02 3.88257961e+02
 4.13253109e+02 3.08273488e+02 3.88257961e+02 4.79906836e+02
 4.26583854e+02 5.46560563e+02 1.19143537e+03 3.17605010e+03
 3.41766986e+03 3.25770092e+03 3.67428671e+03 3.51431777e+03
 3.63429448e+03 3.75260484e+03 4.28916735e+03 5.10900819e+03
 3.09606563e+03 1.87535655e+03 3.63993255e+02 4.11470636e+02
 3.95644842e+02 5.06425398e+02 4.11470636e+02 3.81797272e+02
 3.34319891e+02 4.29274653e+02 3.81797272e+02 3.97623066e+02
 3.95644842e+02 5.10381846e+02 2.12856925e+03 3.21659256e+03
 3.69334460e+03 3.37287228e+03 3.85160254e+03 3.39265452e+03
 3.84962431e+03 4.15427084e+03 4.42528756e+03 5.13942650e+03
 3.37485050e+03 1.41394293e+03 3.08265036e+02 4.50933152e+02
 6.11434782e+02 1.00122446e+03 8.17794021e+02 7.79579347e+02
 8.76389854e+02 9.22247463e+02 4.48385507e+02 4.68766666e+02
 7.74484057e+02 9.37533332e+02 1.45215761e+03 2.72598007e+03
 3.27627137e+03 3.48008297e+03 4.14247065e+03 3.81382445e+03
 3.56160760e+03 3.87242028e+03 4.58830851e+03 4.09916068e+03
 3.62784637e+03 7.80590253e+02 5.67702002e+02 8.10469306e+02
 1.22504116e+03 1.20263187e+03 1.22877604e+03 5.11678778e+02
 1.04576685e+03 1.13540400e+03 1.22504116e+03 1.01962268e+03
 2.84971466e+03 3.45850036e+03 2.93935181e+03 2.22225455e+03
 8.40348359e+02 4.67306253e+02 3.11537502e+02 6.23075004e+02
 3.89421878e+02 7.78843756e+02 5.45190629e+02 6.23075004e+02
 7.00959380e+02 3.89421878e+02 6.23075004e+02 1.09038126e+03
 3.89421878e+02]
