[3.27090653e+03 7.70417914e+03 3.86246906e+03 3.26824305e+03
 3.65358176e+03 5.25851096e+03 2.22640138e+04 1.65812411e+04
 1.19883151e+04 9.95218695e+03 3.34146107e+03 3.24610751e+03
 3.95853480e+03 2.86060671e+03 2.74073366e+03 2.67398617e+03
 3.94627506e+03 6.25519333e+03 2.60451430e+04 3.56458839e+04
 2.61759136e+04 1.48206671e+04 1.10092492e+04 1.02382476e+04
 1.17475582e+04 9.15993800e+03 2.91385374e+03 2.51026061e+03
 2.51321733e+01 2.51026061e+03 2.47625826e+03 2.95081282e+03
 2.51173897e+03 2.86802449e+03 3.50815573e+03 5.74491915e+03
 2.26012157e+04 4.23521472e+04 9.70373910e+06 3.14122600e+04
 1.26547885e+04 8.94705371e+03 7.45095022e+03 7.37998878e+03
 9.06236604e+03 7.61518833e+03 2.34787754e+03 2.55950312e+03
 2.42619567e+03 3.03107824e+03 2.58783096e+03 2.45618985e+03
 2.38453709e+03 2.17457785e+03 2.64282028e+03 3.37767763e+03
 2.90610251e+03 4.01921975e+03 1.10678514e+04 2.05360134e+04
 8.63299075e+04 5.00969414e+04 2.83811570e+04 1.03846507e+04
 6.97197987e+03 5.61890920e+03 5.46727197e+03 5.65890144e+03
 7.36523686e+03 5.90302104e+03 2.19582887e+03 2.35804326e+03
 2.49849718e+03 3.13350715e+03 2.62708175e+03 2.67653736e+03
 2.46882381e+03 2.97722744e+03 2.77149212e+03 2.80314371e+03
 2.75170988e+03 3.47178349e+03 1.28228493e+04 1.33411441e+04
 2.55270052e+04 1.89118234e+04 1.25973318e+04 1.20315596e+04
 5.99599758e+03 4.72795586e+03 4.34615859e+03 4.75565100e+03
 5.85752188e+03 5.86467862e+03 2.42026268e+03 3.09538858e+03
 4.46347391e+03 9.33966629e+03 7.86967517e+03 7.31428858e+03
 7.53338604e+03 7.84929401e+03 3.83420561e+03 3.05462626e+03
 4.91440706e+03 5.99970380e+03 8.17794021e+03 1.08427768e+04
 1.46948159e+04 1.17191667e+04 8.17794021e+03 6.82514075e+03
 6.61623387e+03 4.24182880e+03 4.01508840e+03 4.24182880e+03
 5.28891086e+03 8.23167903e+03 7.80963741e+03 7.54072594e+03
 1.20711373e+04 1.24371557e+04 1.24408906e+04 4.86655072e+03
 5.43425272e+03 5.55750381e+03 7.23820053e+03 1.00356268e+04
 1.02746593e+04 5.71063396e+03 4.62004853e+03 6.18869880e+03
 7.09254015e+03 6.32810551e+03 6.03603911e+03 9.71607585e+03
 5.87053481e+03 9.69660476e+03 5.40322855e+03 8.30442154e+03
 4.84830238e+03 4.93592230e+03 5.46164184e+03 6.50334536e+03
 6.97065161e+03]
