[1.33311128e+03 2.96334543e+03 1.83846781e+03 1.65033949e+03
 1.99416021e+03 1.34673930e+03 6.40155269e+03 7.73791250e+03
 7.23710193e+03 6.52490768e+03 1.99425153e+03 1.38262657e+03
 1.39079974e+03 1.70955306e+03 1.46980697e+03 1.45890942e+03
 1.90843333e+03 1.66596286e+03 5.73211096e+03 7.45119937e+03
 6.81641712e+03 5.52505752e+03 6.80007080e+03 1.07613300e+04
 1.02355232e+04 9.54431242e+03 2.01057387e+03 1.29652447e+03
 1.03485420e+01 1.56854329e+03 1.60698073e+03 1.60402400e+03
 1.50053859e+03 1.77403577e+03 1.93813407e+03 3.29527143e+03
 5.05600193e+03 7.12571032e+03 6.33330768e+03 4.42621924e+03
 4.39960870e+03 6.19729827e+03 8.44441024e+03 1.33762297e+04
 1.86451159e+04 1.38639753e+04 1.66301049e+03 1.60802117e+03
 1.35307066e+03 1.70300273e+03 1.43305513e+03 1.47638006e+03
 1.59469042e+03 1.44971857e+03 1.79798429e+03 2.06459920e+03
 1.98294838e+03 3.42933426e+03 3.96756311e+03 6.09881604e+03
 5.22731856e+03 4.88071917e+03 3.37934397e+03 3.51765045e+03
 4.58577643e+03 8.27172755e+03 1.25975544e+04 2.19890646e+04
 2.09625972e+04 1.59840516e+04 1.49355928e+03 1.38673517e+03
 1.30364975e+03 1.93865973e+03 1.60631806e+03 1.73688086e+03
 1.73885908e+03 2.11867813e+03 2.10285233e+03 2.31056588e+03
 2.64092932e+03 3.75862600e+03 5.60035274e+03 5.17305631e+03
 4.01381692e+03 2.95942342e+03 2.81699127e+03 3.04250883e+03
 4.13844505e+03 6.68244138e+03 1.20355161e+04 1.77011502e+04
 2.36199971e+04 1.53775848e+04 1.37318061e+03 1.80373261e+03
 2.51707319e+03 4.69021431e+03 4.07877952e+03 4.61123731e+03
 5.20229094e+03 6.55763803e+03 3.31958134e+03 3.85203913e+03
 1.01421744e+04 1.24172214e+04 1.20350746e+04 7.60472010e+03
 5.44941249e+03 2.84571938e+03 2.35911920e+03 2.66483659e+03
 3.68644221e+03 6.12199075e+03 1.07561569e+04 1.81545177e+04
 3.07449789e+04 4.23535573e+03 2.61068223e+03 2.55092413e+03
 6.48748933e+03 7.66024215e+03 8.71721364e+03 5.76665718e+03
 1.88985009e+04 1.98247515e+04 2.53971948e+04 1.14474121e+04
 2.64056129e+03 2.22598943e+03 3.77970017e+03 6.19243368e+03
 4.47812303e+03 2.02499376e+03 1.33376993e+03 1.64530743e+03
 1.48953868e+03 3.82606995e+03 9.15141413e+03 1.01833821e+04
 1.21304915e+04 3.05696174e+03 1.71345626e+03 3.13484612e+03
 2.03472931e+03]
