[4.70734988e+02 9.28964679e+02 2.19266803e+02 1.88128322e+02
 2.69866834e+02 5.73467023e+02 3.57054581e+03 3.10346859e+03
 2.07849360e+03 1.17284875e+03 2.50643635e+02 1.53927885e+02
 1.63463240e+02 1.74360790e+02 1.43030335e+02 1.85258339e+02
 2.73800928e+02 6.45679799e+02 4.64371822e+03 3.53625477e+03
 3.15620273e+03 3.04858943e+03 2.07325877e+03 1.70819086e+03
 2.02558199e+03 1.01120039e+03 2.36538102e+02 1.53749766e+02
 1.47836314e+00 1.41922861e+02 1.19747414e+02 1.65576671e+02
 1.53749766e+02 1.43401224e+02 2.48365007e+02 5.82475076e+02
 5.63847701e+03 5.01904285e+03 2.65218347e+03 2.21458798e+03
 2.24859033e+03 2.29737632e+03 1.61732927e+03 1.33052682e+03
 1.60402400e+03 8.43169649e+02 1.99961182e+02 1.86630436e+02
 1.33307454e+02 1.73299691e+02 1.46638200e+02 1.33307454e+02
 1.46638200e+02 1.19976709e+02 1.46638200e+02 1.99961182e+02
 2.39953418e+02 5.46560563e+02 3.47099284e+03 4.82239716e+03
 2.94776109e+03 2.04960211e+03 1.98294838e+03 1.42305708e+03
 2.02627331e+03 1.60802117e+03 1.09812016e+03 1.11145090e+03
 1.25975544e+03 6.80509128e+02 1.74083730e+02 1.58257937e+02
 1.42432143e+02 1.74083730e+02 1.42432143e+02 1.42432143e+02
 1.26606349e+02 1.58257937e+02 1.58257937e+02 1.74083730e+02
 2.05735318e+02 4.62904465e+02 6.73189699e+03 4.81104128e+03
 2.29276186e+03 2.60927773e+03 2.06922252e+03 1.22649901e+03
 1.03065481e+03 1.25617237e+03 9.87133881e+02 1.00098145e+03
 9.55482293e+02 5.12076630e+02 1.63049275e+02 2.03811594e+02
 2.24192753e+02 4.68766666e+02 3.49027355e+02 3.66860869e+02
 3.87242028e+02 3.69408514e+02 2.03811594e+02 2.03811594e+02
 3.05717391e+02 4.48385507e+02 1.90309076e+03 2.39988152e+03
 2.95017282e+03 2.02537771e+03 1.39356177e+03 8.81485144e+02
 6.72578260e+02 6.92959419e+02 8.38175180e+02 7.97412861e+02
 7.79579347e+02 5.07943897e+02 3.88427686e+02 3.88427686e+02
 5.67702002e+02 5.11678778e+02 5.07943897e+02 2.09153369e+02
 3.28669580e+02 4.48185791e+02 5.67702002e+02 4.81799726e+02
 8.96371583e+02 5.41557831e+02 5.37822950e+02 5.11678778e+02
 4.51920673e+02 2.33653127e+02 1.55768751e+02 3.11537502e+02
 7.78843756e+01 3.11537502e+02 2.33653127e+02 2.33653127e+02
 2.33653127e+02 1.55768751e+02 2.33653127e+02 3.89421878e+02
 2.33653127e+02]
