[9.52951318e+02 1.84754986e+03 4.17774618e+02 3.45118163e+02
 4.89133637e+02 1.10541607e+03 7.09697876e+03 5.20920836e+03
 3.87284856e+03 2.35659505e+03 4.59059267e+02 3.06493576e+02
 2.94233833e+02 3.05131382e+02 2.84698477e+02 3.37824030e+02
 4.93114108e+02 1.22597430e+03 9.59256782e+03 7.29590929e+03
 6.22522507e+03 5.07417142e+03 4.46254646e+03 3.66974975e+03
 3.82231544e+03 2.09484057e+03 4.49422394e+02 2.83845722e+02
 1.47836314e+00 2.60191912e+02 2.38016465e+02 2.95672628e+02
 2.61670275e+02 3.08977896e+02 4.73076204e+02 1.14129634e+03
 1.21817123e+04 9.89616285e+03 6.10268303e+03 3.84226580e+03
 2.82958705e+03 2.62852966e+03 2.56939513e+03 2.52060915e+03
 3.05281988e+03 1.74132862e+03 3.73260872e+02 3.19937891e+02
 2.39953418e+02 3.06607145e+02 2.53284163e+02 2.14958270e+02
 2.53284163e+02 2.01627525e+02 2.54950507e+02 3.59930127e+02
 4.26583854e+02 9.34818524e+02 9.62479821e+03 8.98158974e+03
 8.28172560e+03 4.18085504e+03 5.02569103e+03 3.32768733e+03
 2.05126845e+03 1.99627913e+03 2.35787560e+03 1.91629466e+03
 2.35787560e+03 1.43025610e+03 3.00690080e+02 2.69038493e+02
 2.53212699e+02 3.00690080e+02 2.53212699e+02 2.23539336e+02
 2.21561111e+02 2.71016717e+02 2.55190923e+02 3.02668304e+02
 3.63993255e+02 7.95246132e+02 1.18337372e+04 6.82685175e+03
 6.65474624e+03 5.21855546e+03 3.67554058e+03 2.65873334e+03
 2.03559271e+03 1.73292441e+03 1.67159946e+03 1.55884068e+03
 1.87733477e+03 1.08784438e+03 2.67502717e+02 3.08265036e+02
 4.28004347e+02 8.56008695e+02 6.54744746e+02 6.13982427e+02
 6.92959419e+02 6.75125905e+02 3.66860869e+02 3.66860869e+02
 5.91053622e+02 8.35627535e+02 2.98838750e+03 4.24182880e+03
 3.19219909e+03 3.41893949e+03 1.76297029e+03 1.45470525e+03
 1.61520688e+03 1.53368224e+03 1.45215761e+03 1.45215761e+03
 1.59737337e+03 8.70227411e+02 7.17097266e+02 6.61074042e+02
 9.86008741e+02 9.59864570e+02 9.00106464e+02 3.88427686e+02
 6.87218213e+02 8.36613477e+02 1.01588779e+03 9.89743623e+02
 1.31841320e+03 9.59864570e+02 1.31467832e+03 9.33720399e+02
 8.40348359e+02 4.67306253e+02 3.89421878e+02 6.23075004e+02
 3.89421878e+02 6.23075004e+02 3.89421878e+02 5.45190629e+02
 5.45190629e+02 3.11537502e+02 4.67306253e+02 8.56728131e+02
 4.67306253e+02]
