[3.63193093e+03 1.00810832e+04 3.49788935e+03 3.37333543e+03
 3.81057160e+03 5.23775197e+03 2.83152586e+04 2.46928153e+04
 1.70846465e+04 1.32241761e+04 4.36174413e+03 3.09354182e+03
 3.54170354e+03 4.18738334e+03 2.87286645e+03 2.75026902e+03
 3.67247413e+03 5.13547013e+03 2.43342277e+04 3.07855769e+04
 3.62670443e+04 3.18317417e+04 1.92559697e+04 1.45591259e+04
 1.65697238e+04 1.12562569e+04 3.62790314e+03 3.12969476e+03
 2.21754471e+01 2.97446663e+03 2.77340925e+03 3.27161762e+03
 2.72610163e+03 2.91681047e+03 3.17552402e+03 4.91260071e+03
 1.83671836e+04 2.00820849e+04 4.77688697e+04 1.03970796e+07
 3.17434133e+04 1.49906022e+04 1.13952231e+04 1.01386144e+04
 1.23236351e+04 8.66165185e+03 2.68281252e+03 2.92276594e+03
 2.64115394e+03 3.16438570e+03 2.95109377e+03 2.85777855e+03
 2.69281058e+03 2.34787754e+03 2.87110930e+03 3.33768539e+03
 2.63948760e+03 3.28269606e+03 8.52167902e+03 1.44571934e+04
 1.87696896e+04 5.02035873e+04 9.97139759e+04 2.27022595e+04
 1.18277039e+04 8.52834440e+03 7.63518445e+03 7.43189058e+03
 9.40484091e+03 6.55583503e+03 2.41738998e+03 2.67653736e+03
 2.83281707e+03 3.42034966e+03 3.18494098e+03 3.07416042e+03
 2.81896950e+03 3.26406995e+03 2.97920566e+03 3.20076677e+03
 2.59147371e+03 3.12163780e+03 1.11650974e+04 1.03777642e+04
 1.31472781e+04 2.03124062e+04 2.06289221e+04 1.90384298e+04
 1.02155498e+04 6.90598072e+03 5.89115170e+03 6.28481831e+03
 7.11567248e+03 5.53858007e+03 2.52216847e+03 3.42403478e+03
 5.26343441e+03 1.07765380e+04 9.28361810e+03 8.46327644e+03
 8.65944510e+03 9.51035850e+03 4.40742572e+03 3.31958134e+03
 5.16152862e+03 6.18568188e+03 7.64803006e+03 8.44544292e+03
 9.93581520e+03 1.39305224e+04 1.19739311e+04 1.02491755e+04
 1.43024786e+04 6.04556141e+03 5.16407626e+03 5.14624275e+03
 6.41751756e+03 7.72373514e+03 7.92915362e+03 8.38107430e+03
 1.40842385e+04 1.46594103e+04 1.43307407e+04 5.49774571e+03
 6.06544771e+03 5.79653623e+03 6.54724744e+03 8.65372065e+03
 1.22280023e+04 8.80685080e+03 8.28770226e+03 6.37170800e+03
 6.76013569e+03 5.78291488e+03 6.81488286e+03 1.04170352e+04
 6.58122973e+03 1.08746059e+04 6.02630356e+03 8.14865279e+03
 5.08195550e+03 7.04853599e+03 7.18483364e+03 7.83711529e+03
 6.34757661e+03]
