[ 0.         10.37949362  0.          0.          0.          0.
 20.75898725 31.13848087 31.13848087  0.          0.          0.
  0.          0.          0.          0.          0.          0.
 32.69264807 43.59019743 43.59019743 54.48774678 54.48774678 54.48774678
 21.79509871 11.8269051   0.          0.          0.          0.
  0.          0.          0.          0.          0.          0.
 11.8269051  47.30762041 35.48071531 59.13452552 59.13452552 47.30762041
 70.96143062 47.30762041 35.48071531 13.33074544  0.          0.
  0.          0.          0.          0.          0.          0.
  0.          0.          0.          0.         13.33074544 39.99223632
 39.99223632 39.99223632 53.32298176 53.32298176 53.32298176 66.6537272
 66.6537272  39.99223632 39.99223632 15.82579368  0.          0.
  0.          0.          0.          0.          0.          0.
  0.          0.          0.          0.         31.65158735 15.82579368
 15.82579368 31.65158735 47.47738103 47.47738103 63.30317471 79.12896838
 47.47738103 63.30317471 15.82579368  0.          0.          0.
  0.          0.          0.          0.          0.          0.
  0.          0.          0.          0.          0.          0.
 20.38115939 20.38115939 20.38115939 40.76231879 40.76231879 61.14347818
 61.14347818 61.14347818 20.38115939  0.          0.          0.
  0.          0.          0.          0.          0.          0.
  0.          0.          0.          0.         59.75810551  0.
  0.          0.          0.          0.          0.          0.
  0.          0.          0.          0.          0.          0.
  0.        ]
