[3.36530867e+03 9.79045736e+03 3.33052002e+03 3.06065318e+03
 3.34089951e+03 3.94420758e+03 2.13817569e+04 2.03853255e+04
 1.67057950e+04 1.42757897e+04 3.51718405e+03 2.79658360e+03
 3.19979293e+03 3.16846248e+03 2.82927625e+03 2.49826319e+03
 3.07038453e+03 3.87816538e+03 1.87165410e+04 1.76703763e+04
 2.13537480e+04 2.76252876e+04 2.11412458e+04 1.72780645e+04
 1.83242292e+04 1.46831027e+04 3.41354049e+03 2.68766418e+03
 2.21754471e+01 2.83106541e+03 2.86950285e+03 3.14152167e+03
 2.63000802e+03 2.71427472e+03 2.75862562e+03 3.72399674e+03
 1.43933435e+04 1.34471911e+04 1.63033887e+04 3.69235977e+04
 1.95285857e+05 3.23584124e+04 1.58066587e+04 1.30923839e+04
 1.48427659e+04 1.06446002e+04 3.63596082e+03 2.80278923e+03
 2.47951865e+03 3.12272712e+03 2.94776109e+03 2.84444781e+03
 2.74613356e+03 2.28122381e+03 2.81778632e+03 3.21770868e+03
 2.27789113e+03 2.70614132e+03 6.79534749e+03 1.05112928e+04
 1.09145478e+04 1.54236725e+04 4.01655360e+04 1.81458107e+05
 2.89810406e+04 1.38373138e+04 1.06945905e+04 9.68145388e+03
 1.13644605e+04 7.71705264e+03 2.38573840e+03 2.73786231e+03
 2.53014876e+03 3.43617545e+03 3.19878855e+03 3.31154733e+03
 2.94755407e+03 3.36100293e+03 2.94557585e+03 3.02668304e+03
 2.09889589e+03 2.80314371e+03 8.94157343e+03 7.78431226e+03
 8.35997551e+03 1.09197976e+04 1.79464500e+04 2.75764455e+04
 3.26644381e+04 1.11730103e+04 8.24919495e+03 7.90894039e+03
 8.49845120e+03 6.00734673e+03 2.31580924e+03 3.61001286e+03
 5.38572137e+03 1.19586453e+04 9.79569473e+03 9.44666738e+03
 9.60207372e+03 1.19484547e+04 4.77683423e+03 3.38072481e+03
 5.52838949e+03 6.61623387e+03 7.19454927e+03 6.47611340e+03
 6.96526122e+03 8.40213296e+03 1.20962181e+04 1.48782464e+04
 1.96219612e+04 9.36514274e+03 7.16907282e+03 6.12453840e+03
 6.88628423e+03 6.18869880e+03 6.75640080e+03 8.07854889e+03
 1.51038612e+04 1.61645675e+04 1.56865027e+04 5.94966638e+03
 6.45761028e+03 6.39785217e+03 6.57712649e+03 7.69012120e+03
 9.63972940e+03 3.07156662e+04 1.10440449e+04 6.87965190e+03
 5.77039206e+03 3.74818557e+03 5.87053481e+03 9.31691843e+03
 6.02630356e+03 1.08746059e+04 5.87053481e+03 7.04853599e+03
 4.69253363e+03 3.21273049e+03 9.69660476e+03 8.69384342e+03
 4.14734300e+03]
