[3.58472986e+02 7.51215851e+02 3.86636137e+02 3.43820726e+02
 3.95718194e+02 3.43820726e+02 1.81641138e+03 2.02529869e+03
 1.47259066e+03 1.17284875e+03 4.57697073e+02 2.96958220e+02
 3.16028931e+02 3.59619129e+02 3.17391125e+02 2.95596026e+02
 3.60981322e+02 5.12184820e+02 1.53383007e+03 1.86075655e+03
 2.11412458e+03 2.50779855e+03 2.56637287e+03 2.49826319e+03
 1.96019669e+03 1.14277471e+03 4.25768584e+02 3.07499533e+02
 2.95672628e+00 3.42980248e+02 3.32631706e+02 3.66634058e+02
 3.08977896e+02 3.08977896e+02 3.31153343e+02 4.99686741e+02
 1.54636784e+03 2.23380670e+03 2.69949109e+03 2.80888996e+03
 2.98333681e+03 3.12821640e+03 2.94933446e+03 2.44964772e+03
 2.31807340e+03 1.24475836e+03 3.33268636e+02 3.73260872e+02
 2.93276400e+02 3.99922363e+02 3.33268636e+02 3.08273488e+02
 3.33268636e+02 2.41619761e+02 2.94942743e+02 3.86591618e+02
 3.33268636e+02 4.13253109e+02 9.23154122e+02 2.14291733e+03
 2.83944878e+03 3.17605010e+03 3.28269606e+03 3.42100255e+03
 3.43433329e+03 3.25770092e+03 3.18938085e+03 2.51951089e+03
 2.14291733e+03 1.22254256e+03 2.69038493e+02 3.16515874e+02
 3.16515874e+02 4.11470636e+02 3.32341667e+02 3.02668304e+02
 2.55190923e+02 3.34319891e+02 3.02668304e+02 3.18494098e+02
 3.16515874e+02 3.97623066e+02 1.55488423e+03 1.92679038e+03
 2.62708175e+03 3.05437818e+03 3.13350715e+03 3.45397947e+03
 3.49947863e+03 3.24626593e+03 3.56673825e+03 2.90996781e+03
 2.08504832e+03 7.99960506e+02 2.44573913e+02 3.49027355e+02
 4.89147825e+02 8.15246376e+02 6.34363586e+02 6.13982427e+02
 6.92959419e+02 7.56650542e+02 3.46479710e+02 3.66860869e+02
 5.70672463e+02 6.72578260e+02 1.06236793e+03 1.57953985e+03
 2.25211811e+03 2.74126594e+03 2.81005235e+03 3.09538858e+03
 3.31448605e+03 3.60491757e+03 3.09284094e+03 2.76674239e+03
 1.92601956e+03 5.67702002e+02 4.18306739e+02 6.01315937e+02
 9.56129688e+02 9.59864570e+02 9.29985517e+02 4.48185791e+02
 7.46976319e+02 8.06734424e+02 8.66492530e+02 7.20832148e+02
 2.24466384e+03 2.28574754e+03 3.14850518e+03 1.62093861e+03
 5.71436884e+02 3.11537502e+02 2.33653127e+02 4.67306253e+02
 3.11537502e+02 6.23075004e+02 3.89421878e+02 4.67306253e+02
 4.67306253e+02 2.33653127e+02 5.45190629e+02 8.56728131e+02
 2.33653127e+02]
