[3.22242976e+03 9.68406755e+03 3.29938154e+03 2.84138638e+03
 3.44469445e+03 4.03762302e+03 2.18384546e+04 2.06344333e+04
 1.64982051e+04 1.38780291e+04 3.53897915e+03 2.77478850e+03
 3.14530518e+03 3.03769188e+03 3.23384777e+03 2.52005829e+03
 3.13576983e+03 3.96670797e+03 1.93322526e+04 1.85912192e+04
 2.32335752e+04 2.86387597e+04 2.06181634e+04 1.67495334e+04
 1.79264687e+04 1.44229108e+04 3.42536739e+03 2.70096945e+03
 2.36538102e+01 2.81923850e+03 2.77488761e+03 3.15334857e+03
 2.58270040e+03 2.71427472e+03 2.73645017e+03 3.85409270e+03
 1.51088713e+04 1.41390651e+04 1.79946361e+04 5.03826157e+04
 1.80478572e+05 2.72728432e+04 1.48545928e+04 1.25187791e+04
 1.43164686e+04 1.02146837e+04 2.93776303e+03 2.82945072e+03
 2.45285716e+03 3.13772421e+03 2.92109959e+03 2.79112483e+03
 2.78612580e+03 2.22790083e+03 2.76446334e+03 3.24270383e+03
 2.35787560e+03 2.71947207e+03 7.10195463e+03 1.09412093e+04
 1.17943770e+04 1.75099341e+04 5.14300159e+04 1.40132796e+05
 2.37687191e+04 1.26042198e+04 1.02913355e+04 9.22487584e+03
 1.09345439e+04 7.44603593e+03 2.32243522e+03 2.67653736e+03
 2.53014876e+03 3.34122069e+03 3.13350715e+03 3.18494098e+03
 2.86644688e+03 3.31154733e+03 2.86644688e+03 2.99305323e+03
 2.06724430e+03 2.75368810e+03 9.26204575e+03 8.15028374e+03
 8.75562035e+03 1.17783469e+04 1.95448552e+04 2.69988040e+04
 2.38099066e+04 1.03421562e+04 7.83376787e+03 7.57462050e+03
 8.18193533e+03 5.90544093e+03 2.31580924e+03 3.58708405e+03
 5.28381557e+03 1.17344525e+04 9.67086013e+03 9.28361810e+03
 9.37788097e+03 1.14134493e+04 4.61123731e+03 3.27881902e+03
 5.32457789e+03 6.30796883e+03 7.17416811e+03 6.62132916e+03
 7.21238278e+03 8.87344727e+03 1.27484152e+04 1.41852869e+04
 2.19606992e+04 8.72823151e+03 6.86335543e+03 5.87996448e+03
 6.66209148e+03 6.31194989e+03 6.96555417e+03 8.01879078e+03
 1.48349497e+04 1.58657770e+04 1.52943401e+04 5.76665718e+03
 6.21484297e+03 6.12520581e+03 6.39411729e+03 7.69012120e+03
 1.24670348e+04 2.36791493e+04 1.17648770e+04 6.64061947e+03
 5.77039206e+03 3.90395432e+03 6.02630356e+03 9.08326530e+03
 5.94841918e+03 1.04851841e+04 5.31560863e+03 6.73699849e+03
 4.38099612e+03 3.60215237e+03 1.00178778e+04 8.13891725e+03
 4.38099612e+03]
