[1.18002673e+03 2.55724774e+03 1.72429338e+03 1.50502658e+03
 1.88906784e+03 1.20142639e+03 4.91728510e+03 5.89036263e+03
 5.04313646e+03 4.75814249e+03 1.84032365e+03 1.25049379e+03
 1.23687185e+03 1.49023987e+03 1.27228889e+03 1.29408399e+03
 1.75450545e+03 1.53383007e+03 4.89708624e+03 6.78100009e+03
 8.12957182e+03 6.81641712e+03 7.19238258e+03 1.13116562e+04
 1.02355232e+04 7.24693610e+03 1.79621121e+03 1.14129634e+03
 8.87017883e+00 1.34235373e+03 1.35713736e+03 1.33200519e+03
 1.26252212e+03 1.51236549e+03 1.71194451e+03 3.02325262e+03
 4.75737258e+03 5.88684202e+03 6.34513459e+03 4.60510117e+03
 6.57575924e+03 9.42012992e+03 8.87313555e+03 1.31101243e+04
 1.75570406e+04 1.07512462e+04 1.46138297e+03 1.37973215e+03
 1.15144314e+03 1.42139073e+03 1.20476612e+03 1.22142955e+03
 1.29974768e+03 1.18143731e+03 1.44971857e+03 1.72966422e+03
 1.70133639e+03 3.05440705e+03 3.68595111e+03 6.16546977e+03
 5.52059496e+03 3.41933621e+03 5.99383642e+03 6.86866659e+03
 7.05529702e+03 7.07862583e+03 1.25442315e+04 1.75965840e+04
 1.97361686e+04 1.24469867e+04 1.27199817e+03 1.16319584e+03
 1.09593621e+03 1.58851404e+03 1.30364975e+03 1.37090938e+03
 1.37090938e+03 1.65577366e+03 1.65577366e+03 1.84766141e+03
 2.14835149e+03 3.26406995e+03 5.21657724e+03 6.09688701e+03
 5.23635948e+03 3.59641161e+03 3.64388899e+03 6.49648830e+03
 4.05733785e+03 5.82389207e+03 8.91387829e+03 2.80670451e+04
 2.48939735e+04 1.34923275e+04 1.18975018e+03 1.45725290e+03
 2.06614003e+03 3.72720452e+03 3.09538858e+03 3.50555942e+03
 4.01254076e+03 4.98064583e+03 2.49923967e+03 2.95017282e+03
 7.80853169e+03 9.77021828e+03 9.92052933e+03 8.06329618e+03
 5.65577173e+03 3.23550905e+03 3.01386395e+03 3.05717391e+03
 3.64313224e+03 5.44431720e+03 9.11547354e+03 1.99990127e+04
 2.30001384e+04 3.60416074e+03 2.27827777e+03 2.10273834e+03
 4.47438815e+03 5.58738287e+03 6.52110326e+03 4.17559762e+03
 1.29787135e+04 1.48050706e+04 1.95782493e+04 8.41468823e+03
 3.47717476e+03 3.18585400e+03 3.54066775e+03 5.37822950e+03
 4.02620236e+03 1.79134064e+03 1.10011680e+03 1.41165431e+03
 1.47980314e+03 2.80383752e+03 6.64937856e+03 7.51584224e+03
 8.37257037e+03 2.57991994e+03 1.55768751e+03 2.89145744e+03
 1.72319181e+03]
