[3.24284103e+03 9.62179059e+03 3.22672508e+03 2.91404283e+03
 3.45507394e+03 4.34122321e+03 2.27207115e+04 2.07174693e+04
 1.58287278e+04 1.37091171e+04 3.52808160e+03 2.99410169e+03
 2.91509445e+03 2.89466155e+03 2.90555910e+03 2.47783028e+03
 3.27880016e+03 4.40260994e+03 2.08252168e+04 2.09559874e+04
 2.82791406e+04 2.85079891e+04 1.88200677e+04 1.52184277e+04
 1.72671670e+04 1.24241638e+04 4.14089515e+03 2.67583728e+03
 2.06970839e+01 2.78375779e+03 2.63148639e+03 3.27161762e+03
 2.58270040e+03 2.70244782e+03 2.88872157e+03 4.17637586e+03
 1.63211290e+04 1.61318986e+04 2.40795788e+04 1.50059772e+05
 9.18713988e+04 1.95617010e+04 1.26133943e+04 1.11852955e+04
 1.30332494e+04 9.81476133e+03 2.64115394e+03 3.01608116e+03
 2.35954194e+03 3.09606563e+03 2.72113841e+03 2.79112483e+03
 2.73280282e+03 2.25456232e+03 2.73780184e+03 3.25603457e+03
 2.46452156e+03 3.09439929e+03 7.57186341e+03 1.23342722e+04
 1.35940277e+04 2.46152215e+04 1.00807097e+05 5.09501091e+04
 1.63101670e+04 1.01913549e+04 8.70830946e+03 8.15841621e+03
 1.01013724e+04 6.98510968e+03 2.19582887e+03 2.56377858e+03
 2.46486737e+03 3.22846191e+03 2.99107500e+03 2.97920566e+03
 2.70818894e+03 3.20076677e+03 2.81896950e+03 2.97722744e+03
 2.22550224e+03 2.83479529e+03 1.01997240e+04 8.96135567e+03
 1.01403773e+04 1.45755560e+04 2.46407608e+04 2.34300875e+04
 1.52165006e+04 8.39953999e+03 6.62309465e+03 6.66661559e+03
 7.51329555e+03 5.63793822e+03 2.19352228e+03 3.19984202e+03
 5.07745633e+03 1.11841612e+04 9.32183278e+03 8.76899383e+03
 8.88618550e+03 1.04504395e+04 4.28513876e+03 3.17691322e+03
 5.14114746e+03 6.06339492e+03 7.23531158e+03 7.23531158e+03
 8.15501140e+03 1.05319641e+04 1.26057471e+04 1.20962181e+04
 2.50790166e+04 6.98564238e+03 5.77551104e+03 5.32457789e+03
 6.17039601e+03 6.76013569e+03 7.17470754e+03 7.89927457e+03
 1.42336338e+04 1.51412100e+04 1.46631451e+04 5.43798760e+03
 5.82641529e+03 5.82641529e+03 6.27460108e+03 7.96276756e+03
 1.21981233e+04 1.24110115e+04 1.16752399e+04 6.09906164e+03
 5.80027112e+03 3.82606995e+03 5.24745980e+03 9.00538092e+03
 5.48111293e+03 1.00860266e+04 5.15983988e+03 6.58122973e+03
 4.22522737e+03 4.62438480e+03 8.44071920e+03 7.12642036e+03
 4.84830238e+03]
