[2.50293238e+03 8.55789249e+03 3.02821726e+03 2.50664771e+03
 2.87122742e+03 2.65066318e+03 1.43237012e+04 1.48686246e+04
 1.43911679e+04 1.52620179e+04 3.51718405e+03 2.66581301e+03
 2.71757637e+03 2.72983611e+03 2.48872783e+03 2.35795724e+03
 2.64265572e+03 2.70667882e+03 1.16113388e+04 1.03036329e+04
 1.10038005e+04 1.36382830e+04 1.63626704e+04 1.83296780e+04
 2.08633582e+04 1.77048769e+04 3.37805977e+03 2.72610163e+03
 2.21754471e+01 2.65366183e+03 2.70244782e+03 3.03507952e+03
 2.87985139e+03 2.59600567e+03 2.47330153e+03 3.27309599e+03
 8.86130865e+03 7.76731993e+03 7.80871409e+03 9.49404807e+03
 1.37783444e+04 2.59364029e+04 2.68470746e+04 1.98514602e+04
 2.04546324e+04 1.58302602e+04 2.93609668e+03 2.97608892e+03
 2.51951089e+03 3.19104719e+03 2.75946431e+03 2.73613550e+03
 2.76113065e+03 2.45618985e+03 2.99275235e+03 3.09606563e+03
 2.22456815e+03 2.85277952e+03 4.42247480e+03 6.24878693e+03
 5.92385000e+03 6.39542512e+03 8.35504470e+03 1.27441926e+04
 3.02607921e+04 1.43492144e+05 3.20337813e+04 1.79698449e+04
 1.83364404e+04 1.21621224e+04 2.54597456e+03 2.69038493e+03
 2.57762615e+03 3.51728264e+03 2.99107500e+03 3.26604817e+03
 3.34517714e+03 3.61421563e+03 3.80610338e+03 3.08998622e+03
 2.36991260e+03 2.86644688e+03 6.44109803e+03 5.12557893e+03
 4.76158567e+03 5.36296583e+03 7.27195219e+03 1.15409600e+04
 2.61600369e+04 3.14743385e+05 2.94280633e+04 1.66803865e+04
 1.64271738e+04 1.02109609e+04 2.52216847e+03 3.36289130e+03
 5.07745633e+03 1.27178435e+04 1.06134888e+04 1.00402686e+04
 1.09141109e+04 1.43279551e+04 5.76022517e+03 4.32335344e+03
 8.68746919e+03 1.04861065e+04 9.48997734e+03 5.61500941e+03
 4.40487807e+03 4.99593170e+03 5.92582209e+03 9.53073966e+03
 1.93824826e+04 4.45939768e+04 2.32039500e+04 1.37725685e+04
 1.22185051e+04 6.28207084e+03 4.92257394e+03 7.14856337e+03
 1.63363721e+04 1.70011810e+04 1.71879251e+04 7.93288851e+03
 1.23736627e+04 1.36621969e+04 1.26425742e+04 8.44083240e+03
 5.07196921e+03 7.90674434e+03 2.84149792e+04 1.88088637e+04
 7.48096783e+03 4.29337620e+03 3.52426799e+03 8.69384342e+03
 6.58122973e+03 1.24420290e+04 1.07188372e+04 1.13613833e+04
 1.02515309e+04 3.12511057e+03 5.69529496e+03 1.94905650e+04
 5.01380668e+03]
