[ 71.43945621 145.31291073  72.65645536  62.27696174  83.03594899
  62.27696174 345.11816297 397.01563109 281.54376453 175.72298338
  87.18039485  54.48774678  54.48774678  65.38529614  54.48774678
  65.38529614  65.38529614 108.97549357 359.61912877 426.36661858
 502.64946407 557.13721086 514.9092071  491.75191472 403.20932619
 212.88429187  70.96143062  47.30762041  70.96143062  59.13452552
  59.13452552  59.13452552  47.30762041  47.30762041  47.30762041
  94.61524083 320.80480094 484.90310925 604.65052342 654.91487011
 641.60960187 654.91487011 641.60960187 533.6890928  425.76858373
 226.62267248  66.6537272   66.6537272   39.99223632  79.98447264
  66.6537272   53.32298176  66.6537272   39.99223632  53.32298176
  79.98447264  66.6537272   66.6537272  199.9611816  493.23758128
 626.54503569 708.19585151 696.53144925 604.88257434 669.86995837
 706.52950833 694.86510607 534.89616078 426.58385408 221.56111148
  47.47738103  47.47738103  63.30317471  79.12896838  63.30317471
  47.47738103  31.65158735  63.30317471  47.47738103  63.30317471
  63.30317471  79.12896838 348.16746089 460.92624084 571.70679658
 698.313146   714.13893967 589.51081447 698.313146   714.13893967
 684.46557653 664.68333443 365.97147878 163.04927515  20.38115939
  61.14347818  61.14347818 163.04927515 101.90579697 122.28695636
 122.28695636 122.28695636  61.14347818  61.14347818  81.52463757
 122.28695636 224.19275333 389.7896734  529.91014423 652.19710059
 593.60126733 552.83894854 631.81594119 652.19710059 672.57825998
 550.29130362 346.47970969  89.63715827  59.75810551  89.63715827
 179.27431653 179.27431653 149.39526378  59.75810551 119.51621102
 149.39526378 149.39526378 149.39526378 478.06484408 422.04162017
 537.8229496  298.79052755  89.63715827   0.           0.
  77.88437555   0.          77.88437555   0.           0.
   0.           0.          77.88437555 155.76875111   0.        ]
