[3.20201848e+03 9.79045736e+03 3.33052002e+03 3.03989419e+03
 3.28770461e+03 3.81965365e+03 2.08783514e+04 2.00064740e+04
 1.65812411e+04 1.43629701e+04 3.56077425e+03 2.77478850e+03
 3.22158803e+03 3.16710028e+03 2.86196890e+03 2.49826319e+03
 3.02679433e+03 3.80188253e+03 1.81498685e+04 1.67931236e+04
 2.00351445e+04 2.64374547e+04 2.11848359e+04 1.73216547e+04
 1.83242292e+04 1.43519493e+04 3.36623287e+03 2.67583728e+03
 2.21754471e+01 2.83106541e+03 2.83402214e+03 3.12969476e+03
 2.67731564e+03 2.70244782e+03 2.75862562e+03 3.57024698e+03
 1.40858440e+04 1.28026248e+04 1.51384385e+04 3.10692797e+04
 1.66286286e+05 3.65569637e+04 1.66522824e+04 1.34708449e+04
 1.55109860e+04 1.08578922e+04 3.39434106e+03 2.82945072e+03
 2.47951865e+03 3.12272712e+03 2.96275817e+03 2.83111706e+03
 2.74779990e+03 2.32121605e+03 2.81778632e+03 3.24270383e+03
 2.26456038e+03 2.75946431e+03 6.54039698e+03 1.01080377e+04
 1.03779853e+04 1.42372361e+04 3.39534086e+04 1.98041554e+05
 3.42866773e+04 1.48037928e+04 1.12044915e+04 9.87141700e+03
 1.16344081e+04 7.78233404e+03 2.41738998e+03 2.65873334e+03
 2.54597456e+03 3.42034966e+03 3.15131117e+03 3.31352555e+03
 3.01085725e+03 3.50343508e+03 2.99305323e+03 3.05833463e+03
 2.08307009e+03 2.72203651e+03 8.78331549e+03 7.52912134e+03
 8.07115478e+03 1.03461126e+04 1.69969024e+04 2.82094772e+04
 4.18433985e+04 1.19089097e+04 8.69231718e+03 8.14632730e+03
 8.66066559e+03 6.27230180e+03 2.31580924e+03 3.44441594e+03
 5.40610253e+03 1.21471710e+04 9.91798169e+03 9.48742970e+03
 9.70652716e+03 1.20095982e+04 4.85835887e+03 3.44186829e+03
 5.61246177e+03 6.63661503e+03 7.15378695e+03 6.31306412e+03
 6.55763803e+03 8.76899383e+03 1.16427373e+04 1.54132518e+04
 1.92143380e+04 1.00555545e+04 7.33466974e+03 6.26975416e+03
 6.98819003e+03 6.12894070e+03 6.60327066e+03 8.04866984e+03
 1.52868704e+04 1.62840838e+04 1.58060189e+04 6.03930354e+03
 6.63688459e+03 6.57712649e+03 6.69664270e+03 7.69012120e+03
 8.73962293e+03 2.87809976e+04 1.08012776e+04 7.06266110e+03
 5.65087585e+03 3.82606995e+03 5.94841918e+03 9.39480280e+03
 5.94841918e+03 1.07967216e+04 5.54926176e+03 7.12642036e+03
 4.77041800e+03 3.21273049e+03 9.38506725e+03 9.16114967e+03
 4.06945862e+03]
