[3.25049526e+03 7.60038421e+03 3.76905362e+03 3.26824305e+03
 3.66396125e+03 5.23775197e+03 2.22640138e+04 1.64566871e+04
 1.19052792e+04 9.82141636e+03 3.29514649e+03 3.12623447e+03
 4.23233573e+03 2.86060671e+03 2.71893856e+03 2.68352153e+03
 3.93537751e+03 6.27698843e+03 2.62630939e+04 3.58638349e+04
 2.57400116e+04 1.47334867e+04 1.09656590e+04 1.01510672e+04
 1.16167876e+04 9.08897657e+03 2.89019993e+03 2.46295299e+03
 2.51321733e+01 2.53391442e+03 2.45260445e+03 2.91385374e+03
 2.48808516e+03 2.84437068e+03 3.49632882e+03 5.68578463e+03
 2.29796766e+04 4.39251256e+04 9.52207784e+06 3.01822618e+04
 1.26074808e+04 8.94705371e+03 7.45095022e+03 7.30902735e+03
 9.03575550e+03 7.72183430e+03 2.35954194e+03 2.54617238e+03
 2.38620343e+03 3.03107824e+03 2.55950312e+03 2.46785425e+03
 2.34454485e+03 2.17457785e+03 2.64282028e+03 3.33601905e+03
 2.89277176e+03 3.96589677e+03 1.14177835e+04 2.09625972e+04
 1.00220544e+05 4.81239910e+04 2.75279893e+04 1.03279950e+04
 6.97197987e+03 5.63223995e+03 5.44061048e+03 5.58058331e+03
 7.33857536e+03 6.15821196e+03 2.16417729e+03 2.37189083e+03
 2.46684559e+03 3.11768135e+03 2.59543016e+03 2.67455913e+03
 2.43717223e+03 2.91392426e+03 2.73984053e+03 2.78731791e+03
 2.75170988e+03 3.47178349e+03 1.28545009e+04 1.34360988e+04
 2.59147371e+04 1.86506978e+04 1.24074222e+04 1.18416501e+04
 5.98017179e+03 4.80510661e+03 4.31450700e+03 4.73982521e+03
 5.87334768e+03 5.76277282e+03 2.42026268e+03 3.09538858e+03
 4.42271159e+03 9.25814165e+03 7.82636521e+03 7.29390742e+03
 7.47224256e+03 7.76776937e+03 3.83165797e+03 3.05207862e+03
 4.81250126e+03 5.97932264e+03 8.17794021e+03 1.08631580e+04
 1.46540536e+04 1.16376420e+04 8.07603441e+03 6.74361611e+03
 6.51432807e+03 4.24182880e+03 3.99470724e+03 4.22144764e+03
 5.26852970e+03 8.23167903e+03 7.77602348e+03 7.59674916e+03
 1.19777653e+04 1.23475186e+04 1.23475186e+04 4.80679261e+03
 5.37449461e+03 5.52762476e+03 7.20832148e+03 1.00953849e+04
 1.00953849e+04 5.65087585e+03 4.59016948e+03 6.18869880e+03
 7.06266110e+03 6.32810551e+03 5.95815473e+03 9.48242272e+03
 5.79265043e+03 9.54083601e+03 5.32534418e+03 8.14865279e+03
 4.77041800e+03 4.85803793e+03 5.22798871e+03 6.42546098e+03
 6.97065161e+03]
