[ 30.6169098   62.27696174  31.13848087  20.75898725  31.13848087
  20.75898725 136.23085381 167.36933468 134.9334171   87.18039485
  32.69264807  10.89754936  10.89754936  32.69264807  21.79509871
  21.79509871  21.79509871  43.59019743 163.46324035 207.05343778
 239.74608585 261.54118456 262.90337823 250.6436352  185.25833906
  94.61524083  35.48071531  11.8269051   23.65381021  11.8269051
  11.8269051   23.65381021  11.8269051   11.8269051   11.8269051
  35.48071531 141.92286124 212.88429187 248.36500718 249.84337031
 307.49953269 297.15099073 342.980248   260.19191228 201.05738676
 106.64596352  26.66149088  26.66149088  13.33074544  26.66149088
  26.66149088  13.33074544  26.66149088  13.33074544   0.
  26.66149088  26.66149088  13.33074544  93.31521808 213.29192704
 253.28416336 279.94565424 306.60714512 281.61199742 294.94274286
 333.268636   359.93012688 293.27639968 213.29192704  94.95476206
  15.82579368  15.82579368  15.82579368  31.65158735  15.82579368
   0.           0.          15.82579368  15.82579368  31.65158735
  31.65158735  15.82579368 158.25793677 205.7353178  207.71354201
 269.03849251 316.51587354 286.84251039 332.34166722 318.49409775
 334.31989143 379.81904825 205.7353178   61.14347818   0.
  20.38115939  20.38115939  81.52463757  20.38115939  40.76231879
  61.14347818  40.76231879  20.38115939  20.38115939  20.38115939
  40.76231879  81.52463757 163.04927515 224.19275333 244.57391272
 285.33623151 285.33623151 305.7173909  326.09855029 346.47970969
 366.86086908 183.43043454   0.           0.           0.
  89.63715827  59.75810551  29.87905276   0.          29.87905276
  59.75810551  59.75810551  59.75810551 179.27431653 209.15336929
 268.9114748  119.51621102  29.87905276   0.           0.
   0.           0.           0.           0.           0.
   0.           0.           0.          77.88437555   0.        ]
