[2.61647008e+03 8.87187217e+03 3.12293014e+03 2.57930417e+03
 2.96464287e+03 2.78689404e+03 1.51177325e+04 1.57872098e+04
 1.51800094e+04 1.54363787e+04 3.57303400e+03 2.69850566e+03
 2.78296167e+03 2.81701651e+03 2.50098758e+03 3.04858943e+03
 2.71893856e+03 2.83744941e+03 1.21616651e+04 1.10038005e+04
 1.20363433e+04 1.48424622e+04 1.81607660e+04 1.98662325e+04
 2.16534306e+04 1.74683388e+04 3.43719430e+03 2.78523615e+03
 2.21754471e+01 2.72462326e+03 2.73940689e+03 3.07056024e+03
 2.71427472e+03 2.67879401e+03 2.55608987e+03 3.32040361e+03
 9.34916848e+03 8.29066048e+03 8.54493894e+03 1.07565702e+04
 1.68710801e+04 2.76513041e+04 2.92242825e+04 2.12292947e+04
 2.12647754e+04 1.54503340e+04 2.98941966e+03 3.06940414e+03
 2.57283387e+03 3.25770092e+03 2.80112289e+03 2.83111706e+03
 2.82778438e+03 2.52284357e+03 3.03274459e+03 3.14938861e+03
 2.26456038e+03 2.86611027e+03 4.89071723e+03 6.61038340e+03
 6.37876169e+03 7.06862777e+03 9.42816971e+03 1.49171041e+04
 4.16719102e+04 1.79165219e+05 2.94476167e+04 1.86163860e+04
 1.88230126e+04 1.19682565e+04 2.59345194e+03 2.75566632e+03
 2.65675511e+03 3.58058582e+03 3.07218220e+03 3.40848031e+03
 3.41045854e+03 3.63201965e+03 3.71114862e+03 3.18494098e+03
 2.32243522e+03 2.88227267e+03 6.64881157e+03 5.36494406e+03
 5.12755715e+03 5.82389207e+03 8.00389515e+03 1.28624138e+04
 3.16357616e+04 2.37703421e+05 2.61758627e+04 1.61976998e+04
 1.66487349e+04 1.00071493e+04 2.60369311e+03 3.42403478e+03
 5.20229094e+03 1.29878938e+04 1.06746322e+04 1.01014121e+04
 1.11026366e+04 1.45317666e+04 5.86213097e+03 4.32335344e+03
 8.34098948e+03 1.00377210e+04 9.24285578e+03 5.61755706e+03
 4.62907083e+03 5.42648369e+03 6.23408713e+03 1.04555348e+04
 2.16753630e+04 6.22848231e+04 2.01620619e+04 1.25802706e+04
 1.18465489e+04 6.40158705e+03 5.16160636e+03 7.35771674e+03
 1.64334790e+04 1.71281670e+04 1.74269575e+04 7.90300945e+03
 1.16528306e+04 1.30944949e+04 1.19777653e+04 8.32131619e+03
 5.25124352e+03 8.59396255e+03 3.26876837e+04 1.67621486e+04
 7.21205636e+03 4.44914495e+03 3.83580550e+03 9.16114967e+03
 6.81488286e+03 1.25199134e+04 1.06409528e+04 1.09622259e+04
 1.00957622e+04 2.82330861e+03 6.71752739e+03 1.70664138e+04
 5.55899731e+03]
