[3.76587991e+03 1.04391757e+04 3.50826884e+03 3.25916100e+03
 3.76775619e+03 5.14433653e+03 2.43087741e+04 2.44333280e+04
 1.84236012e+04 1.35728977e+04 4.06614810e+03 3.42046830e+03
 3.46269631e+03 3.12351008e+03 2.79658360e+03 2.76116657e+03
 3.58529374e+03 5.09051774e+03 2.27976733e+04 2.53476998e+04
 3.74875698e+04 3.13958397e+04 2.24162590e+04 2.05691244e+04
 1.83678194e+04 1.17086361e+04 3.80678508e+03 2.95229119e+03
 2.21754471e+01 2.95081282e+03 2.69062091e+03 3.24796381e+03
 2.71279636e+03 2.86802449e+03 3.10308423e+03 4.77067785e+03
 1.79414150e+04 1.98928544e+04 6.12870222e+04 9.41913646e+06
 4.71183899e+04 2.35118873e+04 1.39734884e+04 1.37606041e+04
 1.59840622e+04 8.87494378e+03 2.78945848e+03 3.03107824e+03
 2.57283387e+03 3.11106272e+03 2.96442452e+03 2.88444004e+03
 2.70614132e+03 2.37453903e+03 2.80445557e+03 3.24437017e+03
 2.66614909e+03 3.28102972e+03 8.88494184e+03 1.43438821e+04
 1.99761220e+04 4.46846587e+04 1.18057082e+05 2.71014055e+04
 1.38439791e+04 1.08045692e+04 9.21821047e+03 8.74496901e+03
 1.08278980e+04 6.79520016e+03 2.45101980e+03 2.72401474e+03
 2.78336146e+03 3.37287228e+03 3.11965958e+03 3.12163780e+03
 2.88227267e+03 3.35902471e+03 3.04250883e+03 3.08998622e+03
 2.67258091e+03 3.20076677e+03 1.12363135e+04 1.03461126e+04
 1.30839749e+04 2.03124062e+04 2.18395953e+04 2.05656189e+04
 1.21858611e+04 7.65374947e+03 6.35207794e+03 7.27195219e+03
 7.78431226e+03 5.74239166e+03 2.60369311e+03 3.52594058e+03
 5.42648369e+03 1.12453047e+04 9.59188314e+03 8.85306611e+03
 9.13330705e+03 1.00835786e+04 4.57047499e+03 3.48263061e+03
 5.38826901e+03 6.51432807e+03 7.91043749e+03 8.52696756e+03
 9.83390941e+03 1.31152761e+04 1.24630790e+04 1.13981634e+04
 1.73749384e+04 6.57547155e+03 5.57169945e+03 5.53093713e+03
 6.53980452e+03 7.96276756e+03 8.10842794e+03 8.80311592e+03
 1.48349497e+04 1.54101215e+04 1.49357915e+04 5.77039206e+03
 6.24472203e+03 6.09906164e+03 6.78627986e+03 8.80311592e+03
 1.23512534e+04 9.67707821e+03 9.57623641e+03 6.55098232e+03
 6.79001474e+03 5.70503051e+03 7.04853599e+03 1.05046552e+04
 6.81488286e+03 1.14197966e+04 6.41572544e+03 8.46019029e+03
 5.23772426e+03 7.59372662e+03 7.73975982e+03 7.91499967e+03
 6.19180786e+03]
