[2.13425375e+03 4.72656191e+03 1.75413442e+03 1.87998578e+03
 2.60914521e+03 3.96366913e+03 1.60778356e+04 1.08569503e+04
 8.12195376e+03 5.69124515e+03 1.96019669e+03 1.44801187e+03
 1.51067278e+03 1.49977523e+03 1.69865551e+03 2.04873928e+03
 4.19691870e+03 7.53565538e+03 2.56964214e+04 1.62210022e+04
 1.05406546e+04 7.84895992e+03 6.68837092e+03 6.59846614e+03
 7.88710135e+03 5.14026863e+03 1.72377142e+03 1.37931281e+03
 1.18269051e+01 1.33052682e+03 1.48871168e+03 2.01057387e+03
 1.83317029e+03 2.11849438e+03 4.29168819e+03 1.19865683e+04
 6.03645236e+04 4.22693588e+04 1.36600754e+04 8.18126161e+03
 5.89866892e+03 4.92442761e+03 4.54300992e+03 4.76919948e+03
 6.03911342e+03 4.10087057e+03 1.46138297e+03 1.39306290e+03
 1.45971663e+03 1.55303184e+03 1.36640141e+03 1.48971080e+03
 1.37806581e+03 1.43472148e+03 1.79798429e+03 2.31621702e+03
 3.73760775e+03 7.75849385e+03 4.17652255e+04 8.69697833e+04
 1.92495964e+04 9.78143447e+03 7.59185953e+03 4.61410427e+03
 3.66095597e+03 3.25770092e+03 3.35101614e+03 3.63429448e+03
 4.98403245e+03 3.35704648e+03 1.44608190e+03 1.44806012e+03
 1.43025610e+03 1.54103666e+03 1.55686245e+03 1.49751573e+03
 1.41838676e+03 1.70325104e+03 1.75072843e+03 2.21165467e+03
 2.95744519e+03 5.49155041e+03 2.34221746e+04 8.26422946e+04
 1.28307622e+04 7.08006445e+03 5.15327407e+03 4.21955224e+03
 3.06822575e+03 2.67455913e+03 2.64290754e+03 3.14933294e+03
 3.93073150e+03 3.34251014e+03 1.57953985e+03 1.82411377e+03
 2.39223858e+03 5.16152862e+03 4.87874003e+03 4.42780688e+03
 4.56792735e+03 4.40742572e+03 2.39733387e+03 2.37440507e+03
 3.89025380e+03 5.95894148e+03 1.23815543e+04 3.63803695e+04
 9.03394890e+03 5.61246177e+03 3.85458677e+03 3.11576974e+03
 2.82533822e+03 2.41516739e+03 2.49669203e+03 2.88902934e+03
 3.77051449e+03 6.93941000e+03 5.85255946e+03 4.56402531e+03
 5.64340609e+03 6.33809407e+03 5.62099680e+03 2.76381238e+03
 3.89921638e+03 5.25497840e+03 7.59674916e+03 6.12894070e+03
 4.13824881e+03 2.82730537e+03 2.36791493e+03 5.10558314e+03
 6.61074042e+03 3.82606995e+03 2.73568869e+03 4.22522737e+03
 2.89145744e+03 4.68279808e+03 2.03472931e+03 7.12642036e+03
 4.05972308e+03 1.87896056e+03 2.72595314e+03 4.14734300e+03
 4.45888050e+03]
