[3.32193471e+03 7.84949205e+03 4.08173587e+03 3.20596609e+03
 3.67434074e+03 5.21699298e+03 2.22224958e+04 1.68770566e+04
 1.21128691e+04 1.01292721e+04 4.77040223e+03 3.68473388e+03
 3.34282327e+03 2.87150426e+03 2.71893856e+03 2.68488372e+03
 3.86999222e+03 6.12442274e+03 2.54675728e+04 3.56894741e+04
 2.77996484e+04 1.51748375e+04 1.11209491e+04 1.03063573e+04
 1.19655092e+04 9.11558711e+03 2.99664208e+03 2.53539278e+03
 2.51321733e+01 2.51026061e+03 2.53539278e+03 2.96263973e+03
 2.55904659e+03 2.89167830e+03 3.48450192e+03 5.57786412e+03
 2.20276108e+04 3.77396542e+04 1.00034802e+07 3.59774453e+04
 1.31337781e+04 9.11263038e+03 7.56921927e+03 7.49825784e+03
 9.27525033e+03 7.42522521e+03 2.36120829e+03 2.51951089e+03
 2.46618791e+03 2.96275817e+03 2.69447692e+03 2.50951283e+03
 2.43786007e+03 2.22790083e+03 2.70947401e+03 3.21604234e+03
 2.93443034e+03 3.92590453e+03 1.07212520e+04 1.95695343e+04
 5.67889756e+04 5.39095346e+04 3.04740841e+04 1.08378960e+04
 7.13528150e+03 5.71222442e+03 5.52059496e+03 5.68722927e+03
 7.44855401e+03 6.22151514e+03 2.21165467e+03 2.43717223e+03
 2.56180035e+03 3.18098453e+03 2.69038493e+03 2.70818894e+03
 2.51630119e+03 3.00887902e+03 2.85062109e+03 2.85062109e+03
 2.76753567e+03 3.45595769e+03 1.25340286e+04 1.29573686e+04
 2.36199971e+04 1.98059808e+04 1.31710168e+04 1.24469867e+04
 6.15623374e+03 4.79323726e+03 4.44111335e+03 4.80312838e+03
 5.90697749e+03 5.51819891e+03 2.45847735e+03 3.11831739e+03
 4.52716503e+03 9.50526321e+03 7.99196213e+03 7.37797970e+03
 7.65567300e+03 8.01234329e+03 3.91573025e+03 3.11576974e+03
 4.97809818e+03 6.04046612e+03 8.11679673e+03 1.05982029e+04
 1.46132913e+04 1.20045029e+04 8.46582408e+03 6.98819003e+03
 6.84297427e+03 4.34373460e+03 4.03546956e+03 4.26220996e+03
 5.32967318e+03 8.17192093e+03 7.89927457e+03 7.59674916e+03
 1.22802907e+04 1.26463091e+04 1.26201649e+04 5.04582503e+03
 5.55376893e+03 5.61726192e+03 7.35771674e+03 9.85635253e+03
 1.07863380e+04 5.83015017e+03 4.68354152e+03 6.15881975e+03
 7.00290299e+03 6.25022114e+03 6.11392348e+03 9.79396023e+03
 5.88027035e+03 9.70634030e+03 5.63688168e+03 8.22653717e+03
 4.61464925e+03 5.24745980e+03 5.46164184e+03 6.34757661e+03
 6.89276724e+03]
