[ 122.46763921  228.34885971  114.17442986  103.79493623  124.55392348
  114.17442986  657.80040838  699.31838287  511.19006095  328.28867437
  141.66814164   87.18039485   87.18039485  108.97549357   98.07794421
   98.07794421  108.97549357  163.46324035  622.522507    852.73323715
  897.68562825  863.63078651  712.42728919  709.70290185  687.90780314
  356.28551625  118.26905104   82.78833573  106.44214593   94.61524083
   94.61524083  106.44214593   82.78833573   82.78833573   94.61524083
  143.40122438  558.82126615  807.18627332  950.5874977   987.54657615
 1043.72437539  892.93133532  807.18627332  734.74647956  687.43885915
  399.9223632   106.64596352  106.64596352   79.98447264  119.97670896
   93.31521808   93.31521808  106.64596352   66.6537272    79.98447264
  119.97670896  106.64596352  106.64596352  319.93789056  763.18517645
  936.48486717 1004.80493755 1096.45381245 1154.77582375 1206.43246233
 1016.46933981  883.16188541  749.85443101  681.53436063  379.81904825
   94.95476206   94.95476206   94.95476206  126.60634942   94.95476206
   79.12896838   79.12896838   94.95476206   79.12896838  110.78055574
   94.95476206  126.60634942  569.72857237  811.07192594  795.24613227
  906.02668801 1032.63303742 1210.67321629 1606.31805821 1240.34657943
  955.48229325  874.37510065  557.85922711  305.7173909    61.14347818
  101.90579697  122.28695636  264.95507211  203.81159393  203.81159393
  224.19275333  224.19275333  122.28695636  101.90579697  163.04927515
  203.81159393  366.86086908  695.5070643   815.24637573  856.00869452
  820.34166558  983.39094073 1245.79836792 1227.96485345 1103.13025216
  858.55633944  491.69547036  149.39526378  119.51621102  179.27431653
  298.79052755  328.66958031  268.9114748   119.51621102  209.15336929
  239.03242204  268.9114748   239.03242204  687.21821337  720.83214772
 1075.64589919  511.67877843  179.27431653   77.88437555    0.
  155.76875111    0.          155.76875111    0.           77.88437555
   77.88437555   77.88437555  155.76875111  233.65312666    0.        ]
