[3.58090274e+03 1.00603242e+04 3.50826884e+03 3.38371492e+03
 3.80019210e+03 5.14433653e+03 3.01524290e+04 2.93739670e+04
 1.69600926e+04 1.32241761e+04 4.37264168e+03 3.10443937e+03
 3.47631824e+03 4.38353923e+03 2.88376400e+03 2.75026902e+03
 3.66293878e+03 5.23354808e+03 2.63502743e+04 5.27877291e+04
 6.03942185e+04 4.13453023e+04 2.43015351e+04 1.51748375e+04
 1.63463240e+04 1.13981798e+04 3.58059552e+03 3.18882929e+03
 2.21754471e+01 3.00994735e+03 2.77340925e+03 3.28344453e+03
 2.71427472e+03 2.89315666e+03 3.19769947e+03 4.75737258e+03
 1.91300190e+04 3.00876466e+04 6.03408698e+04 9.59474234e+06
 3.47001396e+04 1.55168995e+04 1.18505589e+04 1.12326031e+04
 1.32993548e+04 8.60499618e+03 2.65615103e+03 2.92109959e+03
 2.66781543e+03 3.17771644e+03 2.90943519e+03 2.87110930e+03
 2.66614909e+03 2.33454680e+03 2.87110930e+03 3.33768539e+03
 2.63948760e+03 3.26936532e+03 8.44169455e+03 1.54703301e+04
 2.32688162e+04 5.34296277e+04 9.48349231e+04 2.58149885e+04
 1.26608755e+04 8.74163632e+03 7.79515340e+03 7.59185953e+03
 9.37817942e+03 6.37977308e+03 2.38573840e+03 2.67455913e+03
 2.83083884e+03 3.40452386e+03 3.15131117e+03 3.01085725e+03
 2.78731791e+03 3.24824415e+03 2.99305323e+03 3.20076677e+03
 2.54399633e+03 3.10581201e+03 1.12640086e+04 1.07615397e+04
 1.48999847e+04 2.24093238e+04 2.19028984e+04 1.84687012e+04
 9.99398871e+03 6.89015492e+03 5.88917347e+03 6.15623374e+03
 7.11369426e+03 5.53603242e+03 2.48140616e+03 3.34251014e+03
 5.14114746e+03 1.06134888e+04 9.13840234e+03 8.27729836e+03
 8.47601466e+03 9.38552390e+03 4.30551992e+03 3.27881902e+03
 5.08000398e+03 6.12453840e+03 7.70407825e+03 8.91675723e+03
 1.04708206e+04 1.70539351e+04 1.18261677e+04 9.96383930e+03
 1.34413746e+04 5.98187028e+03 5.14114746e+03 5.06217046e+03
 6.10925253e+03 7.66397703e+03 7.89553969e+03 8.26155809e+03
 1.36958108e+04 1.42709826e+04 1.39721920e+04 5.37822950e+03
 5.88617339e+03 5.76665718e+03 6.54724744e+03 8.71347876e+03
 1.21981233e+04 8.65372065e+03 7.83951647e+03 6.34182895e+03
 6.70037758e+03 5.62714613e+03 6.65911411e+03 1.01054977e+04
 6.34757661e+03 1.04851841e+04 5.87053481e+03 7.91499967e+03
 4.78015355e+03 6.81488286e+03 7.02906489e+03 7.75923091e+03
 6.26969223e+03]
