[4.19706805e+02 9.38046736e+02 4.80051580e+02 4.07395125e+02
 4.98215694e+02 3.97015631e+02 2.02659613e+03 2.60006315e+03
 1.71261645e+03 1.29408399e+03 5.24444563e+02 3.73241065e+02
 3.92311777e+02 4.15469069e+02 3.73241065e+02 3.71878872e+02
 4.27728812e+02 6.00727408e+02 2.05963683e+03 2.40972060e+03
 2.33343776e+03 2.52959364e+03 2.48872783e+03 2.47646809e+03
 2.21220252e+03 1.34531046e+03 4.86381472e+02 3.78460963e+02
 2.95672628e+00 3.91766232e+02 3.69590784e+02 4.49422394e+02
 3.91766232e+02 3.69590784e+02 4.02114774e+02 6.19434155e+02
 1.93961244e+03 3.30561998e+03 3.03507952e+03 3.11786786e+03
 2.95968300e+03 2.64183493e+03 2.81923850e+03 2.87837303e+03
 2.65070511e+03 1.47304737e+03 3.74927216e+02 4.53245345e+02
 3.73260872e+02 4.93237581e+02 4.13253109e+02 3.74927216e+02
 4.13253109e+02 3.08273488e+02 3.74927216e+02 4.66576090e+02
 4.13253109e+02 5.06568327e+02 1.09645381e+03 2.88110736e+03
 3.53764657e+03 3.99589095e+03 4.06087833e+03 3.26103360e+03
 3.12439346e+03 3.00108407e+03 3.21604234e+03 3.18938085e+03
 2.73280282e+03 1.41443031e+03 3.32341667e+02 3.95644842e+02
 3.79819048e+02 5.06425398e+02 4.11470636e+02 3.81797272e+02
 3.18494098e+02 4.13448860e+02 3.65971479e+02 3.81797272e+02
 3.79819048e+02 4.92577828e+02 1.68346880e+03 2.37189083e+03
 3.40650209e+03 4.16811841e+03 4.58354549e+03 3.72697441e+03
 3.29176508e+03 3.72499619e+03 3.43815368e+03 3.43617545e+03
 2.75368810e+03 1.04453442e+03 2.87883876e+02 4.10170833e+02
 5.91053622e+02 9.98676810e+02 7.38817028e+02 7.38817028e+02
 8.35627535e+02 8.81485144e+02 4.07623188e+02 4.28004347e+02
 6.72578260e+02 8.15246376e+02 1.34770416e+03 1.96678188e+03
 2.92724402e+03 3.70682336e+03 3.91573025e+03 3.81382445e+03
 3.68389456e+03 4.34373460e+03 3.86987264e+03 3.68898985e+03
 2.76674239e+03 6.61074042e+02 5.37822950e+02 7.50711200e+02
 1.10925983e+03 1.16901794e+03 1.16901794e+03 4.51920673e+02
 8.96371583e+02 9.56129688e+02 1.04576685e+03 9.00106464e+02
 3.09248196e+03 3.06633779e+03 3.72367695e+03 1.80394781e+03
 7.20832148e+02 3.89421878e+02 3.11537502e+02 6.23075004e+02
 3.89421878e+02 7.00959380e+02 4.67306253e+02 5.45190629e+02
 6.23075004e+02 3.11537502e+02 6.23075004e+02 9.34612507e+02
 3.11537502e+02]
