[1.24126055e+03 2.38987841e+03 1.72299594e+03 1.50502658e+03
 1.84754986e+03 1.22218537e+03 5.14693140e+03 6.78818883e+03
 4.83424916e+03 3.91494461e+03 1.79673345e+03 1.23959624e+03
 1.21507675e+03 1.46844478e+03 1.25049379e+03 1.27228889e+03
 1.73271035e+03 1.61011292e+03 4.82080340e+03 6.24429578e+03
 8.54640308e+03 8.94416363e+03 1.01537916e+04 1.05651741e+04
 9.35827051e+03 6.11450994e+03 1.79473285e+03 1.12946944e+03
 1.03485420e+01 1.35565900e+03 1.36896427e+03 1.36600754e+03
 1.25069521e+03 1.46505787e+03 1.68829070e+03 3.32040361e+03
 4.02114774e+03 5.31471548e+03 6.66446103e+03 8.18717506e+03
 6.51662471e+03 9.87250904e+03 7.06953253e+03 1.14927950e+04
 1.36068543e+04 8.92826676e+03 1.42139073e+03 1.39306290e+03
 1.16644023e+03 1.51303961e+03 1.24475836e+03 1.26142179e+03
 1.33973992e+03 1.20809881e+03 1.43638782e+03 1.71466713e+03
 1.66134415e+03 2.98775332e+03 2.96275817e+03 5.27897519e+03
 5.64057166e+03 6.85200316e+03 6.45208079e+03 3.95756505e+03
 4.86905477e+03 8.98492243e+03 8.30838710e+03 1.14544430e+04
 1.77965452e+04 1.01838982e+04 1.22452079e+03 1.19484742e+03
 1.12758780e+03 1.65379544e+03 1.36695293e+03 1.41838676e+03
 1.43421255e+03 1.70325104e+03 1.67159946e+03 1.84766141e+03
 2.11669990e+03 3.13746360e+03 5.00886370e+03 5.38076985e+03
 5.55485358e+03 5.74476310e+03 3.99601290e+03 4.63300110e+03
 9.99398871e+03 8.75166390e+03 9.45591172e+03 1.50186782e+04
 2.65477689e+04 1.03943913e+04 1.16936902e+03 1.53877753e+03
 2.17059348e+03 3.93101612e+03 3.15653206e+03 3.60746521e+03
 4.17559003e+03 5.20738622e+03 2.60114547e+03 2.99093514e+03
 8.27475071e+03 1.02033179e+04 1.02899378e+04 6.68247264e+03
 5.34750670e+03 4.95771702e+03 2.83043351e+03 2.70814655e+03
 7.72445941e+03 1.45062902e+04 9.03649655e+03 2.26027058e+04
 2.35300485e+04 3.57801657e+03 2.36791493e+03 2.28201265e+03
 4.20174179e+03 4.74703451e+03 6.81989379e+03 4.29511383e+03
 1.35165365e+04 1.44764011e+04 2.00040258e+04 8.95251118e+03
 4.50053232e+03 2.25586848e+03 8.67986483e+03 6.58086137e+03
 3.90668615e+03 1.79134064e+03 1.32403438e+03 1.56742306e+03
 1.41165431e+03 2.49230002e+03 6.25995669e+03 6.33784106e+03
 7.35033794e+03 2.73568869e+03 1.55768751e+03 2.97907736e+03
 1.80107618e+03]
