[7.05464630e+02 1.52448813e+03 7.42133794e+02 6.26661928e+02
 7.60297908e+02 6.26661928e+02 3.03859676e+03 3.58092530e+03
 3.05935575e+03 2.25851710e+03 8.52733237e+02 6.03451796e+02
 6.00727408e+02 6.45679799e+02 5.70759148e+02 5.80294503e+02
 6.79734641e+02 8.86788079e+02 2.86877987e+03 3.18753319e+03
 3.08945524e+03 3.30740623e+03 4.29635883e+03 5.97458143e+03
 4.07568346e+03 2.60635421e+03 7.83532463e+02 5.80996713e+02
 4.43508941e+00 6.17955792e+02 6.19434155e+02 6.87438859e+02
 5.83953439e+02 5.95780345e+02 6.28304334e+02 1.01120039e+03
 3.12821640e+03 4.22220512e+03 4.74554567e+03 3.89105178e+03
 3.15039185e+03 3.63973005e+03 5.18314116e+03 7.75549302e+03
 5.12252827e+03 2.93609668e+03 6.68203615e+02 6.94865106e+02
 5.74888397e+02 7.23192940e+02 6.28211379e+02 6.03216231e+02
 6.14880633e+02 4.83239522e+02 6.03216231e+02 7.21526597e+02
 6.28211379e+02 8.14841815e+02 1.51303961e+03 3.51098508e+03
 5.37062407e+03 6.66370638e+03 4.90738067e+03 4.11920034e+03
 3.60763298e+03 4.23417802e+03 6.45874617e+03 1.16144120e+04
 6.13880828e+03 3.92875328e+03 6.01380160e+02 5.57859227e+02
 5.71706797e+02 7.61616321e+02 6.35009971e+02 6.05336608e+02
 5.10381846e+02 6.52813989e+02 5.89510814e+02 6.05336608e+02
 6.03358384e+02 8.13050150e+02 2.60729951e+03 2.88029445e+03
 4.83873642e+03 6.82685175e+03 6.09293057e+03 4.87038800e+03
 4.05733785e+03 4.25120383e+03 6.66859381e+03 1.30127589e+04
 6.22151514e+03 3.36289130e+03 5.52838949e+02 6.57292390e+02
 8.99318658e+02 1.51330108e+03 1.24834601e+03 1.26872717e+03
 1.30694185e+03 1.41394293e+03 6.92959419e+02 6.95507064e+02
 1.22796485e+03 1.51075344e+03 2.19097463e+03 2.44064384e+03
 4.03546956e+03 5.87996448e+03 6.56018568e+03 6.74616376e+03
 4.89657354e+03 4.18068532e+03 8.11170144e+03 8.21615488e+03
 1.16478326e+04 1.20263187e+03 8.66492530e+02 1.22877604e+03
 1.82635710e+03 1.83382686e+03 1.80394781e+03 8.40348359e+02
 1.76286411e+03 1.80021293e+03 2.03551047e+03 1.56118051e+03
 4.80305773e+03 5.71063396e+03 5.07570409e+03 2.85718442e+03
 1.50142240e+03 7.00959380e+02 5.45190629e+02 9.34612507e+02
 7.00959380e+02 1.16826563e+03 1.01249688e+03 1.24615001e+03
 1.24615001e+03 6.23075004e+02 9.34612507e+02 1.41165431e+03
 7.00959380e+02]
