[  91.85072941  250.40528366   62.27696174   62.27696174   72.65645536
  155.69240435 1097.63145066  679.85683233  470.96952316  306.49357565
   76.2828455    32.69264807   32.69264807   54.48774678   43.59019743
   54.48774678   76.2828455   196.15588842 1512.03497323 1138.79390777
  810.5052334   701.52973983  625.24689434  437.26416793  446.79952362
  261.67027542   59.13452552   35.48071531    0.           35.48071531
   11.8269051    47.30762041   35.48071531   35.48071531   70.96143062
  143.40122438 1692.72579296 1188.60396291  749.53011094  524.81891397
  486.38147239  464.20602532  486.38147239  378.46096332  378.46096332
  253.28416336   53.32298176   53.32298176   26.66149088   53.32298176
   39.99223632   26.66149088   39.99223632   26.66149088   26.66149088
   66.6537272    66.6537272   133.3074544   976.47710349 1289.74962133
  909.82337629  656.53921293  548.22690622  376.59355868  361.59647006
  359.93012688  386.59161776  333.268636    279.94565424  205.7353178
   47.47738103   47.47738103   47.47738103   47.47738103   31.65158735
   31.65158735   15.82579368   31.65158735   31.65158735   47.47738103
   63.30317471  110.78055574 1924.81215596 1165.17405947  702.26959441
  585.55436605  443.12222295  318.49409775  348.16746089  332.34166722
  271.01671672  316.51587354  239.36512936  163.04927515   20.38115939
   20.38115939   61.14347818  122.28695636   81.52463757   81.52463757
  101.90579697  101.90579697   61.14347818   61.14347818   61.14347818
  122.28695636  550.29130362  799.96050619  591.05362241  448.38550665
  267.50271704  264.95507211  264.95507211  285.33623151  285.33623151
  264.95507211  203.81159393  119.51621102   59.75810551   89.63715827
  149.39526378  149.39526378  119.51621102   29.87905276   89.63715827
  119.51621102  149.39526378  119.51621102  209.15336929  179.27431653
  239.03242204  119.51621102  119.51621102   77.88437555    0.
   77.88437555    0.           77.88437555    0.            0.
    0.            0.           77.88437555   77.88437555    0.        ]
