[3.33469176e+03 9.30781091e+03 3.30976103e+03 2.94518132e+03
 3.53940733e+03 4.50729511e+03 2.31774093e+04 2.08835412e+04
 1.59532817e+04 1.38834779e+04 3.61526200e+03 4.12199804e+03
 2.93688955e+03 2.98184194e+03 2.87286645e+03 2.53231803e+03
 3.36598056e+03 4.54564028e+03 2.14736210e+04 2.18332401e+04
 2.99900558e+04 2.83227308e+04 1.90380187e+04 1.52620179e+04
 1.67876748e+04 1.21876257e+04 4.24733730e+03 2.70096945e+03
 2.06970839e+01 2.79558469e+03 2.64331329e+03 3.33223051e+03
 2.60635421e+03 2.77340925e+03 2.93750756e+03 4.31829873e+03
 1.65340133e+04 1.69420416e+04 2.74620737e+04 8.18611064e+05
 6.38889414e+04 1.80360303e+04 1.22349333e+04 1.08984931e+04
 1.27967113e+04 9.67812119e+03 2.62948954e+03 3.17938279e+03
 2.41286492e+03 3.10939637e+03 2.76113065e+03 2.84444781e+03
 2.67947983e+03 2.28122381e+03 2.76279699e+03 3.29769315e+03
 2.51784455e+03 3.12272712e+03 8.00177995e+03 1.26575428e+04
 1.47238083e+04 2.84744723e+04 1.62315156e+05 3.78459863e+04
 1.47571352e+04 9.62813089e+03 8.33504859e+03 7.96845309e+03
 9.83475745e+03 6.87432913e+03 2.29078363e+03 2.57960437e+03
 2.49849718e+03 3.29176508e+03 3.02470482e+03 3.02668304e+03
 2.74181875e+03 3.24824415e+03 2.89809847e+03 3.04053061e+03
 2.30660943e+03 2.92975005e+03 1.04252416e+04 9.34513117e+03
 1.08248429e+04 1.60394419e+04 2.32401780e+04 2.15230794e+04
 1.35270971e+04 7.94059198e+03 6.33625214e+03 6.50637943e+03
 7.40053677e+03 5.73984401e+03 2.31580924e+03 3.22022318e+03
 5.08000398e+03 1.10414931e+04 9.28361810e+03 8.68746919e+03
 8.84542318e+03 1.02466279e+04 4.30551992e+03 3.25843786e+03
 5.18190978e+03 6.16530072e+03 7.33976503e+03 7.58433894e+03
 8.50403876e+03 1.11230177e+04 1.25649848e+04 1.14796880e+04
 2.30307101e+04 6.67737735e+03 5.83665452e+03 5.26343441e+03
 6.51687572e+03 7.05892621e+03 7.41373996e+03 8.13830699e+03
 1.43232709e+04 1.49918147e+04 1.46033870e+04 5.49774571e+03
 5.85629434e+03 5.82641529e+03 6.39411729e+03 8.11216282e+03
 1.28890764e+04 1.12083797e+04 1.10776588e+04 6.12894070e+03
 6.00942449e+03 4.37126058e+03 5.71476606e+03 9.23903405e+03
 5.79265043e+03 1.05630684e+04 5.63688168e+03 7.12642036e+03
 4.45888050e+03 5.94841918e+03 8.05129732e+03 7.20430474e+03
 4.70226917e+03]
