[6.04683969e+02 1.45053423e+03 6.78559396e+02 5.54005472e+02
 6.87641453e+02 5.94226010e+02 2.71423758e+03 3.00745828e+03
 2.63249907e+03 2.09505386e+03 7.65552842e+02 5.38066499e+02
 5.46239662e+02 5.80294503e+02 5.25806756e+02 5.04011658e+02
 6.03451796e+02 7.98245490e+02 3.01317240e+03 3.73513504e+03
 4.69956816e+03 4.43802698e+03 3.32239036e+03 4.02255791e+03
 3.57167180e+03 2.34468394e+03 7.12571032e+02 5.21862188e+02
 4.43508941e+00 5.69169808e+02 5.70648171e+02 6.04650523e+02
 5.35167456e+02 5.46994361e+02 5.69169808e+02 9.16585146e+02
 2.40381846e+03 3.09125732e+03 4.41439233e+03 5.56751558e+03
 6.72950900e+03 6.82708097e+03 4.70858659e+03 4.75885094e+03
 4.14976533e+03 2.61282611e+03 6.14880633e+02 6.28211379e+02
 5.33229818e+02 6.68203615e+02 5.61557652e+02 5.36562504e+02
 5.86552799e+02 4.43247286e+02 5.49893249e+02 6.54872870e+02
 5.61557652e+02 7.61518833e+02 1.44471954e+03 2.69281058e+03
 3.30935756e+03 4.28750100e+03 5.49726615e+03 6.55872676e+03
 7.69850549e+03 8.59499812e+03 6.99530867e+03 6.14047462e+03
 5.81720404e+03 3.27593929e+03 5.53902779e+02 5.24229416e+02
 5.38076985e+02 6.98313146e+02 6.17205953e+02 5.73685021e+02
 4.94556052e+02 6.36988195e+02 5.73685021e+02 5.73685021e+02
 5.71706797e+02 7.47768751e+02 2.87633800e+03 2.62708175e+03
 2.81896950e+03 3.69136638e+03 5.20470790e+03 7.08402089e+03
 8.14632730e+03 1.05874560e+04 9.66560349e+03 7.47570929e+03
 9.51921490e+03 2.89157699e+03 4.91695470e+02 6.13982427e+02
 8.96771013e+02 1.57444456e+03 1.30948949e+03 1.31203714e+03
 1.42922880e+03 1.59737337e+03 7.33721738e+02 7.15888224e+02
 1.30948949e+03 1.57444456e+03 2.17059348e+03 2.78967119e+03
 2.66228895e+03 3.13360326e+03 4.40742572e+03 6.15001485e+03
 7.84674637e+03 9.58933549e+03 1.19484547e+04 6.24682535e+03
 1.17854054e+04 1.08311566e+03 8.36613477e+02 1.19889699e+03
 1.85997103e+03 1.98322213e+03 1.95334307e+03 9.89743623e+02
 1.88611521e+03 1.94960819e+03 2.12514763e+03 1.53130145e+03
 2.81610072e+03 4.41836493e+03 6.42773122e+03 4.93004370e+03
 1.32214808e+03 6.23075004e+02 5.45190629e+02 1.01249688e+03
 7.00959380e+02 1.32403438e+03 1.09038126e+03 1.32403438e+03
 1.32403438e+03 6.23075004e+02 1.01249688e+03 1.87896056e+03
 6.23075004e+02]
