[1.51808844e+03 4.25688982e+03 2.05773461e+03 1.81770882e+03
 2.16023211e+03 1.49334965e+03 7.08919414e+03 7.39279433e+03
 7.45507129e+03 8.57364696e+03 2.37702795e+03 1.65642750e+03
 1.62101047e+03 1.89617359e+03 1.63463240e+03 1.65506531e+03
 2.01740882e+03 1.75314325e+03 6.22522507e+03 5.62313547e+03
 5.51279778e+03 5.68034760e+03 7.06161198e+03 9.40458509e+03
 1.26901962e+04 1.32343068e+04 2.49843370e+03 1.66463689e+03
 1.33052682e+01 1.77255740e+03 1.79768958e+03 1.79473285e+03
 1.67794216e+03 1.90561008e+03 2.02092241e+03 3.43867266e+03
 5.37680673e+03 4.74406731e+03 4.00932083e+03 4.02262610e+03
 4.64945207e+03 6.03172160e+03 8.21082887e+03 1.16376746e+04
 1.61732927e+04 1.73766267e+04 2.26622672e+03 2.06293286e+03
 1.67467490e+03 2.03627137e+03 1.67467490e+03 1.69133833e+03
 1.80798235e+03 1.59802311e+03 1.97295033e+03 2.23789889e+03
 2.06293286e+03 3.44266501e+03 3.53931291e+03 4.74407903e+03
 3.56430806e+03 3.19104719e+03 3.41933621e+03 3.90590841e+03
 5.13566968e+03 7.44188864e+03 1.20076690e+04 1.77498876e+04
 2.10692432e+04 1.78277566e+04 2.11472168e+03 1.81403160e+03
 1.59049226e+03 2.27297962e+03 1.89118234e+03 2.03757094e+03
 1.97624599e+03 2.35804326e+03 2.35606503e+03 2.57960437e+03
 2.76951389e+03 4.82488885e+03 5.66563414e+03 4.77543324e+03
 3.21857079e+03 2.86446866e+03 2.94359762e+03 3.55289068e+03
 5.04447173e+03 8.03554674e+03 1.56319277e+04 3.59087259e+04
 2.55349181e+04 1.52145355e+04 1.62030217e+03 2.09161648e+03
 3.00876866e+03 5.67360525e+03 4.97809818e+03 5.37043550e+03
 5.95894148e+03 7.43912318e+03 3.80872916e+03 4.36411576e+03
 1.18618348e+04 1.45674337e+04 1.34260888e+04 6.53725688e+03
 3.76796684e+03 2.90686286e+03 2.58331195e+03 3.19984202e+03
 4.77173894e+03 7.94865216e+03 1.80729931e+04 5.43769333e+04
 2.34485239e+04 4.14571857e+03 2.67044034e+03 3.45476547e+03
 8.47071146e+03 9.13552038e+03 1.04277894e+04 6.70037758e+03
 1.99816165e+04 2.12365367e+04 2.43215489e+04 1.22840256e+04
 2.87585883e+03 2.82730537e+03 4.86281584e+03 6.67049853e+03
 4.26523478e+03 2.10287814e+03 1.41165431e+03 1.64530743e+03
 1.95684494e+03 5.70503051e+03 1.15755653e+04 1.16729208e+04
 1.39413032e+04 3.29061487e+03 2.18076252e+03 2.97907736e+03
 2.11261369e+03]
