[6.85053357e+02 1.57508816e+03 7.40836357e+02 6.05902940e+02
 7.39538921e+02 6.16282434e+02 3.18520711e+03 3.91566397e+03
 3.10217116e+03 2.30210730e+03 8.20040589e+02 5.81656697e+02
 5.68034760e+02 6.02089602e+02 5.48964049e+02 5.47601855e+02
 6.47041993e+02 8.64992980e+02 2.75026902e+03 2.78296167e+03
 2.97911756e+03 3.73513504e+03 5.45967223e+03 6.24974456e+03
 4.27320154e+03 2.71279636e+03 7.83532463e+02 5.57342903e+02
 4.43508941e+00 5.92823618e+02 5.82475076e+02 6.28304334e+02
 5.58821266e+02 5.70648171e+02 5.92823618e+02 1.04668110e+03
 3.22431000e+03 4.13941679e+03 3.81861199e+03 3.16369712e+03
 3.20952637e+03 4.30499346e+03 6.67333120e+03 9.35212521e+03
 5.51725123e+03 3.12272712e+03 6.81534361e+02 6.54872870e+02
 5.34896161e+02 6.94865106e+02 5.61557652e+02 5.36562504e+02
 5.73222054e+02 4.29916540e+02 5.23231759e+02 6.68203615e+02
 5.88219143e+02 8.28172560e+02 1.56636259e+03 4.16752429e+03
 5.57225159e+03 4.94737290e+03 3.41766986e+03 3.08606757e+03
 3.47432553e+03 5.05235252e+03 8.16174890e+03 1.40572711e+04
 6.95531643e+03 4.20174822e+03 6.01380160e+02 5.71706797e+02
 5.53902779e+02 6.98313146e+02 5.85554366e+02 5.10381846e+02
 4.47078671e+02 5.89510814e+02 5.42033433e+02 5.73685021e+02
 5.71706797e+02 7.97224356e+02 2.70225427e+03 3.40650209e+03
 5.30164088e+03 6.42922868e+03 4.17009663e+03 3.91688394e+03
 3.40452386e+03 4.71213007e+03 7.65572769e+03 1.70918572e+04
 7.44801415e+03 3.56925054e+03 5.52838949e+02 6.54744746e+02
 8.76389854e+02 1.38846648e+03 1.10567790e+03 1.10567790e+03
 1.18465489e+03 1.31203714e+03 6.72578260e+02 6.75125905e+02
 1.26872717e+03 1.55406340e+03 2.19097463e+03 2.70559891e+03
 4.44564039e+03 5.51055597e+03 5.31183967e+03 3.13869855e+03
 2.88648170e+03 4.01508840e+03 7.49771901e+03 1.15561174e+04
 8.13717789e+03 1.20263187e+03 8.66492530e+02 1.07938078e+03
 1.70310601e+03 1.71057577e+03 1.68069672e+03 8.10469306e+02
 1.82635710e+03 1.94960819e+03 2.12888251e+03 1.65081766e+03
 4.32125800e+03 2.85718442e+03 2.67044034e+03 3.33524926e+03
 1.59105956e+03 6.23075004e+02 5.45190629e+02 8.56728131e+02
 6.23075004e+02 1.09038126e+03 1.09038126e+03 1.17800118e+03
 1.32403438e+03 6.23075004e+02 7.78843756e+02 1.48953868e+03
 7.00959380e+02]
