[1.52829408e+03 4.17385387e+03 2.07849360e+03 1.78657034e+03
 2.11871414e+03 1.47259066e+03 7.39279433e+03 8.58384123e+03
 9.02237483e+03 8.31210577e+03 2.36613040e+03 1.63463240e+03
 1.57742027e+03 1.86348094e+03 1.60057756e+03 1.59921537e+03
 1.98471618e+03 1.73134815e+03 5.93916440e+03 7.26321665e+03
 8.98230506e+03 1.04807181e+04 1.33549467e+04 1.25158354e+04
 1.47280380e+04 1.27080095e+04 2.46147462e+03 1.60550237e+03
 1.33052682e+01 1.72524978e+03 1.75038196e+03 1.71342288e+03
 1.61880764e+03 1.84647556e+03 1.98544169e+03 3.30857670e+03
 5.24671078e+03 4.69675969e+03 4.60657954e+03 6.48410072e+03
 6.73246573e+03 7.32972444e+03 8.66320799e+03 1.17322899e+04
 2.05019400e+04 1.66567664e+04 2.03793771e+03 1.90296391e+03
 1.59469042e+03 1.95628689e+03 1.62135191e+03 1.66301049e+03
 1.74132862e+03 1.54470013e+03 1.90629660e+03 2.17124516e+03
 2.02294062e+03 3.47099284e+03 3.95423237e+03 4.60910524e+03
 3.59096955e+03 3.31269024e+03 3.49932068e+03 3.90590841e+03
 5.13566968e+03 7.36190417e+03 1.15510909e+04 1.62501787e+04
 2.66548255e+04 1.66882994e+04 1.57466647e+03 1.60631806e+03
 1.44806012e+03 2.14637327e+03 1.82787917e+03 1.95844197e+03
 1.89711702e+03 2.29276186e+03 2.26111027e+03 2.48464961e+03
 2.76753567e+03 4.45693914e+03 5.61617853e+03 4.87236623e+03
 3.29572153e+03 2.86446866e+03 2.86446866e+03 3.40848031e+03
 4.82093240e+03 7.43021013e+03 1.16200890e+04 2.19899403e+04
 2.26625365e+04 1.51941543e+04 1.41394293e+03 1.84704257e+03
 2.68267011e+03 5.26343441e+03 4.69276195e+03 5.16407626e+03
 5.71436756e+03 7.11302463e+03 3.60491757e+03 4.18068532e+03
 1.15764985e+04 1.43381456e+04 1.33241830e+04 6.88628423e+03
 3.76796684e+03 2.86610054e+03 2.46102500e+03 2.99348279e+03
 4.34118695e+03 6.53216159e+03 9.93836285e+03 1.63202134e+04
 2.35300485e+04 4.26523478e+03 2.75634262e+03 3.12236101e+03
 7.77975836e+03 8.59396255e+03 9.88623158e+03 6.39785217e+03
 1.96753562e+04 2.09078672e+04 2.48593719e+04 1.23773976e+04
 2.78622167e+03 2.67417522e+03 3.92909544e+03 5.68075491e+03
 4.41836493e+03 2.02499376e+03 1.33376993e+03 1.56742306e+03
 1.72319181e+03 4.92618675e+03 1.00081423e+04 1.11958790e+04
 1.33863770e+04 3.21273049e+03 1.94710939e+03 3.12511057e+03
 2.03472931e+03]
