[3.32448612e+03 9.79045736e+03 3.32014052e+03 3.00875571e+03
 3.35127900e+03 3.95458707e+03 2.13402389e+04 2.03438075e+04
 1.66227590e+04 1.43193799e+04 3.51718405e+03 2.76389096e+03
 3.22158803e+03 3.17936002e+03 2.84017380e+03 2.49826319e+03
 3.08128208e+03 3.89996048e+03 1.87601312e+04 1.77575567e+04
 2.17024695e+04 2.78432386e+04 2.11412458e+04 1.71472939e+04
 1.82370488e+04 1.47304103e+04 3.41354049e+03 2.68766418e+03
 2.21754471e+01 2.83106541e+03 2.84584904e+03 3.14152167e+03
 2.61818112e+03 2.71427472e+03 2.74679871e+03 3.66486222e+03
 1.44406511e+04 1.35418063e+04 1.65399268e+04 3.85911914e+04
 1.94907396e+05 3.16487981e+04 1.57120434e+04 1.30450763e+04
 1.47954583e+04 1.05912773e+04 3.55431000e+03 2.80278923e+03
 2.46618791e+03 3.13605786e+03 2.93443034e+03 2.85777855e+03
 2.74613356e+03 2.26789307e+03 2.81778632e+03 3.24270383e+03
 2.30288627e+03 2.68114618e+03 6.63371220e+03 1.05646158e+04
 1.10478553e+04 1.57436104e+04 4.19385252e+04 1.76819008e+05
 2.81145421e+04 1.36240218e+04 1.06146061e+04 9.60146940e+03
 1.13877893e+04 7.57462050e+03 2.38573840e+03 2.72203651e+03
 2.54597456e+03 3.43617545e+03 3.21461434e+03 3.28187396e+03
 2.93172828e+03 3.34517714e+03 2.92975005e+03 3.05635640e+03
 2.08307009e+03 2.83281707e+03 9.06817978e+03 7.83178965e+03
 8.42327868e+03 1.10464040e+04 1.81442725e+04 2.75764455e+04
 3.12638554e+04 1.09870573e+04 8.18193533e+03 7.89113637e+03
 8.43514803e+03 6.08887137e+03 2.31580924e+03 3.61001286e+03
 5.40610253e+03 1.19382641e+04 9.81607589e+03 9.44666738e+03
 9.58169256e+03 1.18873112e+04 4.73607191e+03 3.36034365e+03
 5.50800833e+03 6.55509039e+03 7.19454927e+03 6.49649456e+03
 7.04678586e+03 8.48365760e+03 1.21573616e+04 1.48782464e+04
 1.99072974e+04 9.30145162e+03 7.14869166e+03 6.08377608e+03
 6.82514075e+03 6.24845691e+03 6.84603796e+03 8.07854889e+03
 1.51337402e+04 1.61346885e+04 1.56566236e+04 5.94966638e+03
 6.48375445e+03 6.33809407e+03 6.54724744e+03 7.69012120e+03
 9.91237575e+03 3.04691640e+04 1.10141658e+04 6.84977284e+03
 5.77039206e+03 3.74818557e+03 5.88027035e+03 9.31691843e+03
 6.02630356e+03 1.08746059e+04 5.79265043e+03 6.97065161e+03
 4.61464925e+03 3.29061487e+03 9.85237351e+03 8.46019029e+03
 4.14734300e+03]
