[9.73362591e+02 1.95134480e+03 4.28154112e+02 3.55497657e+02
 4.99513131e+02 1.13655455e+03 7.26305066e+03 5.28186482e+03
 4.07005894e+03 2.49962538e+03 4.69956816e+02 3.06493576e+02
 2.94233833e+02 3.05131382e+02 2.84698477e+02 3.17391125e+02
 5.04011658e+02 1.28046205e+03 9.65795312e+03 6.44045167e+03
 4.77585101e+03 4.14106876e+03 3.54034135e+03 3.59346690e+03
 4.15877727e+03 2.26041724e+03 4.73076204e+02 2.95672628e+02
 1.47836314e+00 2.60191912e+02 2.38016465e+02 2.95672628e+02
 2.61670275e+02 3.08977896e+02 4.96730014e+02 1.22556304e+03
 1.26074808e+04 7.34746480e+03 5.25853768e+03 4.60362281e+03
 4.13646006e+03 4.31682036e+03 2.47330153e+03 2.88872157e+03
 3.26718253e+03 1.84797459e+03 3.74927216e+02 3.19937891e+02
 2.53284163e+02 3.06607145e+02 2.53284163e+02 2.14958270e+02
 2.53284163e+02 2.01627525e+02 2.41619761e+02 3.73260872e+02
 4.66576090e+02 1.17643829e+03 4.52978730e+04 8.81828811e+03
 6.17880051e+03 6.17880051e+03 4.54411785e+03 2.26622672e+03
 2.11958852e+03 1.95628689e+03 2.37120635e+03 2.18457591e+03
 2.43786007e+03 1.50938507e+03 3.16515874e+02 2.69038493e+02
 2.69038493e+02 3.00690080e+02 2.53212699e+02 2.23539336e+02
 2.21561111e+02 2.71016717e+02 2.55190923e+02 3.18494098e+02
 3.95644842e+02 8.60527531e+02 1.18653888e+04 6.79520016e+03
 4.87038800e+03 2.83083884e+03 2.01976692e+03 1.57664470e+03
 1.55686245e+03 1.51136330e+03 1.36893115e+03 1.59049226e+03
 1.92481216e+03 1.10822554e+03 2.87883876e+02 3.46479710e+02
 4.28004347e+02 8.35627535e+02 6.34363586e+02 5.93601267e+02
 6.72578260e+02 6.54744746e+02 3.66860869e+02 3.66860869e+02
 6.11434782e+02 8.96771013e+02 3.09029329e+03 6.74361611e+03
 4.73352427e+03 2.12728351e+03 1.45470525e+03 1.16936902e+03
 1.22796485e+03 1.24579837e+03 1.47253877e+03 1.32987065e+03
 1.61775453e+03 9.29985517e+02 7.46976319e+02 6.61074042e+02
 9.56129688e+02 9.29985517e+02 8.70227411e+02 3.88427686e+02
 6.87218213e+02 8.66492530e+02 1.07564590e+03 9.59864570e+02
 1.25865510e+03 9.29985517e+02 1.04576685e+03 9.33720399e+02
 9.00106464e+02 5.45190629e+02 3.89421878e+02 5.45190629e+02
 3.89421878e+02 6.23075004e+02 3.89421878e+02 6.23075004e+02
 5.45190629e+02 2.33653127e+02 4.67306253e+02 8.56728131e+02
 5.45190629e+02]
