[ 20.4112732   41.51797449  10.37949362  10.37949362  20.75898725
  10.37949362 103.79493623 114.17442986  93.41544261  54.48774678
  21.79509871   0.           0.          21.79509871  10.89754936
  21.79509871  10.89754936  32.69264807 108.97549357 141.66814164
 152.56569099 152.56569099 163.46324035 141.66814164 119.87304292
  59.13452552  23.65381021  11.8269051   11.8269051    0.
  11.8269051   11.8269051    0.           0.           0.
  11.8269051   94.61524083 141.92286124 153.74976635 167.05503459
 189.23048166 178.88193969 189.23048166 153.74976635 141.92286124
  66.6537272   13.33074544  26.66149088   0.          26.66149088
  13.33074544   0.          13.33074544   0.           0.
  26.66149088  13.33074544   0.          66.6537272  146.63819984
 186.63043616 173.29969072 199.9611816  174.9660339  213.29192704
 213.29192704 213.29192704 159.96894528 133.3074544   63.30317471
  15.82579368   0.          15.82579368  31.65158735  15.82579368
   0.           0.           0.           0.          15.82579368
  15.82579368  15.82579368 110.78055574 142.43214309 158.25793677
 174.08373045 221.56111148 205.7353178  237.38690515 269.03849251
 221.56111148 205.7353178  126.60634942  20.38115939   0.
   0.           0.          40.76231879  20.38115939  20.38115939
  40.76231879  20.38115939  20.38115939  20.38115939   0.
  20.38115939  40.76231879 122.28695636 142.66811575 163.04927515
 183.43043454 203.81159393 203.81159393 224.19275333 244.57391272
 224.19275333 101.90579697   0.           0.           0.
  59.75810551  29.87905276   0.           0.          29.87905276
  29.87905276  59.75810551  29.87905276 119.51621102 119.51621102
 179.27431653  59.75810551   0.           0.           0.
   0.           0.           0.           0.           0.
   0.           0.           0.           0.           0.        ]
