[ 20.4112732   31.13848087   0.           0.          10.37949362
   0.          72.65645536  83.03594899  62.27696174  32.69264807
  21.79509871   0.           0.          10.89754936   0.
  10.89754936   0.          21.79509871  87.18039485 108.97549357
 108.97549357 108.97549357 119.87304292 108.97549357  87.18039485
  35.48071531  11.8269051    0.          11.8269051    0.
   0.           0.           0.           0.           0.
   0.          70.96143062 106.44214593 118.26905104 141.92286124
 141.92286124 130.09595614 130.09595614 118.26905104  94.61524083
  53.32298176  13.33074544  13.33074544   0.          13.33074544
  13.33074544   0.          13.33074544   0.           0.
  13.33074544  13.33074544   0.          39.99223632 106.64596352
 133.3074544  133.3074544  146.63819984 146.63819984 133.3074544
 146.63819984 146.63819984 106.64596352 106.64596352  47.47738103
   0.           0.          15.82579368  15.82579368   0.
   0.           0.           0.           0.          15.82579368
  15.82579368   0.          79.12896838  94.95476206 110.78055574
 126.60634942 158.25793677 142.43214309 158.25793677 158.25793677
 126.60634942 142.43214309  94.95476206  20.38115939   0.
   0.           0.          40.76231879   0.          20.38115939
  20.38115939  20.38115939  20.38115939  20.38115939   0.
  20.38115939  20.38115939  81.52463757 101.90579697 122.28695636
 122.28695636 122.28695636 122.28695636 142.66811575 142.66811575
 142.66811575  81.52463757   0.           0.           0.
  29.87905276   0.           0.           0.           0.
  29.87905276  29.87905276   0.          89.63715827  59.75810551
 119.51621102  29.87905276   0.           0.           0.
   0.           0.           0.           0.           0.
   0.           0.           0.           0.           0.        ]
