[2.21589885e+03 5.34284434e+03 1.94226274e+03 2.05773461e+03
 2.81803252e+03 4.13103846e+03 1.61193536e+04 1.15264277e+04
 8.62276433e+03 6.51128574e+03 2.09232948e+03 1.90843333e+03
 1.70819086e+03 1.72998596e+03 2.00651128e+03 2.40018525e+03
 4.13153340e+03 1.02545939e+04 2.63066841e+04 1.85857704e+04
 1.14860170e+04 8.61451277e+03 7.21417767e+03 7.08068269e+03
 8.45649830e+03 5.77005133e+03 1.86717264e+03 1.50940876e+03
 1.33052682e+01 1.47392805e+03 1.95291771e+03 2.05788149e+03
 1.97509315e+03 2.30772486e+03 4.13646006e+03 1.06057772e+04
 7.54793084e+04 6.78627815e+04 1.66581958e+04 8.94705371e+03
 6.49297090e+03 5.35315292e+03 4.89929544e+03 5.11513646e+03
 6.46636037e+03 4.67742531e+03 1.59469042e+03 1.57969333e+03
 1.56636259e+03 1.68800564e+03 1.56802893e+03 1.62301826e+03
 1.48637812e+03 1.54303378e+03 1.93129175e+03 2.49118305e+03
 3.60263396e+03 6.77868406e+03 2.93809629e+04 1.13364659e+05
 2.40819916e+04 1.10711841e+04 8.61166155e+03 5.05735155e+03
 3.98256020e+03 3.55097732e+03 3.65595694e+03 3.88924498e+03
 5.18565998e+03 3.96040487e+03 1.46190769e+03 1.57664470e+03
 1.58851404e+03 1.70127282e+03 1.79622758e+03 1.63994787e+03
 1.57664470e+03 1.94261617e+03 1.82985739e+03 2.24330625e+03
 2.89414202e+03 4.99897258e+03 2.11907377e+04 6.33031747e+04
 1.38475695e+04 7.89509282e+03 5.72498086e+03 4.90203959e+03
 3.33924247e+03 2.92777183e+03 2.81896950e+03 3.32539490e+03
 4.15427084e+03 3.81382445e+03 1.66106449e+03 1.94894837e+03
 2.63936014e+03 5.79334456e+03 5.26598206e+03 4.83797771e+03
 5.03669402e+03 4.91950235e+03 2.60114547e+03 2.51962083e+03
 3.91063496e+03 5.87741684e+03 1.12300188e+04 1.91379087e+04
 9.79314709e+03 6.10415724e+03 4.16285181e+03 3.42403478e+03
 3.11322210e+03 2.60114547e+03 2.64190779e+03 3.09284094e+03
 3.95649257e+03 7.24193541e+03 6.09532676e+03 4.98606693e+03
 6.30448013e+03 7.06266110e+03 6.28207084e+03 3.03272385e+03
 4.29137895e+03 5.34461556e+03 7.86566064e+03 7.05892621e+03
 4.44077422e+03 3.09621684e+03 2.60694735e+03 5.22883423e+03
 6.70037758e+03 3.98183870e+03 2.90119299e+03 4.85803793e+03
 2.97907736e+03 5.23772426e+03 2.34626681e+03 7.20430474e+03
 3.59241682e+03 2.34626681e+03 3.19325940e+03 4.30311175e+03
 4.69253363e+03]
