[2.43149292e+03 8.43074370e+03 2.97631980e+03 2.45475024e+03
 2.80895046e+03 2.57800673e+03 1.40330754e+04 1.44119269e+04
 1.39915574e+04 1.50440669e+04 3.45179876e+03 2.58953017e+03
 2.65219107e+03 2.68624592e+03 2.42334254e+03 2.18087206e+03
 2.59906552e+03 2.66172643e+03 1.13062075e+04 9.99577715e+03
 1.06087643e+04 1.33059078e+04 1.57687539e+04 1.79373662e+04
 2.05146367e+04 1.76339155e+04 3.34257905e+03 2.70096945e+03
 2.21754471e+01 2.64035656e+03 2.64331329e+03 3.00994735e+03
 2.87985139e+03 2.57235186e+03 2.42599391e+03 3.07056024e+03
 8.61294364e+03 7.58991635e+03 7.55739236e+03 9.15698128e+03
 1.29445476e+04 2.68470746e+04 2.59364029e+04 2.00406907e+04
 2.03600171e+04 1.59302408e+04 2.90943519e+03 2.98941966e+03
 2.49284940e+03 3.13772421e+03 2.69281058e+03 2.68281252e+03
 2.74779990e+03 2.40286687e+03 3.03274459e+03 3.05607339e+03
 2.18457591e+03 2.83944878e+03 4.25084145e+03 6.12714387e+03
 5.77554546e+03 6.18213320e+03 8.05843562e+03 1.19943382e+04
 2.67081485e+04 1.27975156e+05 3.40200624e+04 1.84564171e+04
 1.85030747e+04 1.23520320e+04 2.53014876e+03 2.64290754e+03
 2.54597456e+03 3.45397947e+03 2.92777183e+03 3.21659256e+03
 3.21857079e+03 3.56673825e+03 3.66169301e+03 3.01085725e+03
 2.33826102e+03 2.88227267e+03 6.31449168e+03 5.03062417e+03
 4.65080512e+03 5.17305631e+03 7.12754183e+03 1.08090171e+04
 2.41580740e+04 1.68259838e+05 3.26169608e+04 1.78831469e+04
 1.61423096e+04 1.03536290e+04 2.60369311e+03 3.32212898e+03
 4.99593170e+03 1.23713638e+04 1.05115830e+04 9.95874401e+03
 1.07918239e+04 1.44502420e+04 5.71946285e+03 4.36411576e+03
 8.83268495e+03 1.06542511e+04 9.61226430e+03 5.53603242e+03
 4.36156811e+03 4.87364474e+03 5.86467862e+03 9.12311647e+03
 1.84806163e+04 4.27189101e+04 2.54153058e+04 1.42617163e+04
 1.27484152e+04 6.37170800e+03 4.77317868e+03 7.11868432e+03
 1.61869768e+04 1.68219067e+04 1.69787717e+04 7.96276756e+03
 1.26126951e+04 1.39049642e+04 1.29413647e+04 8.50059051e+03
 4.86281584e+03 7.66397703e+03 2.59499573e+04 1.99517375e+04
 7.92915362e+03 4.29337620e+03 3.36849924e+03 8.53807467e+03
 6.34757661e+03 1.21986403e+04 1.04072997e+04 1.16729208e+04
 1.03294153e+04 2.97907736e+03 5.53952621e+03 2.19147162e+04
 4.93592230e+03]
