[2.71852645e+03 9.18325698e+03 3.17482761e+03 2.62082214e+03
 2.93350439e+03 2.90106847e+03 1.61193536e+04 1.65812411e+04
 1.57041739e+04 1.54799689e+04 3.58393154e+03 2.70940321e+03
 2.81565432e+03 2.89329935e+03 2.57727042e+03 2.28984756e+03
 2.69850566e+03 2.95868465e+03 1.31043031e+04 1.16876217e+04
 1.25812207e+04 1.57633051e+04 1.87328873e+04 1.94684719e+04
 2.11303482e+04 1.68237725e+04 3.43719430e+03 2.74975544e+03
 2.21754471e+01 2.77193088e+03 2.92863738e+03 2.93898592e+03
 2.69062091e+03 3.30857670e+03 2.55608987e+03 3.25979072e+03
 9.94642719e+03 8.80513085e+03 9.04462568e+03 1.18505589e+04
 2.27904461e+04 3.62139834e+04 2.86565911e+04 1.91832401e+04
 1.95025665e+04 1.43772090e+04 2.94942743e+03 3.01608116e+03
 2.58616462e+03 3.28436241e+03 2.81445363e+03 3.03274459e+03
 2.86777661e+03 2.36120829e+03 3.11272906e+03 3.13605786e+03
 2.23789889e+03 2.63948760e+03 5.01069394e+03 7.02197016e+03
 6.75535525e+03 7.54853461e+03 1.04079795e+04 1.90229737e+04
 1.02993339e+05 1.15550901e+05 2.27422517e+04 1.59369062e+04
 1.67834085e+04 1.11413587e+04 2.56180035e+03 2.73984053e+03
 2.60927773e+03 3.59443339e+03 3.05437818e+03 3.48760928e+03
 3.45793592e+03 3.72697441e+03 3.34517714e+03 3.08998622e+03
 2.11472168e+03 2.73786231e+03 6.87037268e+03 5.54100601e+03
 5.41439966e+03 6.18986355e+03 8.56175438e+03 1.54103666e+04
 4.04823802e+04 5.74476310e+04 1.92362522e+04 1.35627052e+04
 1.34321424e+04 8.65180216e+03 2.68521775e+03 3.40365362e+03
 5.28381557e+03 1.33343735e+04 1.04504395e+04 9.95874401e+03
 1.10211119e+04 1.41598105e+04 5.55386593e+03 4.07623188e+03
 7.55886249e+03 9.11547354e+03 8.50403876e+03 5.51310362e+03
 4.81504891e+03 5.44941249e+03 6.80730724e+03 1.15408315e+04
 2.30307101e+04 9.46093419e+04 1.53266319e+04 1.08580627e+04
 1.03918436e+04 6.27833596e+03 5.31100163e+03 7.56687011e+03
 1.63961302e+04 1.72103344e+04 1.71580460e+04 7.33157257e+03
 9.03841346e+03 1.09357333e+04 9.00479952e+03 8.10842794e+03
 6.06544771e+03 1.09693472e+04 2.43887768e+04 1.35202714e+04
 6.58086137e+03 4.37126058e+03 4.54650042e+03 9.16114967e+03
 6.42546098e+03 1.18189540e+04 8.76199225e+03 9.48242272e+03
 9.22929850e+03 2.66753986e+03 6.71752739e+03 1.61999501e+04
 4.70226917e+03]
