[  61.23381961  186.83088522   41.51797449   31.13848087   51.89746812
   93.41544261  585.14395301  491.7285104   303.60018848  230.21073016
   54.48774678   21.79509871   21.79509871   43.59019743   21.79509871
   32.69264807   54.48774678  141.66814164 1095.20371034  482.21655903
  469.956816    448.16171729  493.11410839  479.49217169  359.61912877
  202.5357499    35.48071531   23.65381021    0.           23.65381021
   23.65381021   23.65381021   23.65381021   23.65381021   35.48071531
  118.26905104 1298.00283512  903.27987729  498.20837749  440.55221511
  415.42004176  356.28551625  390.28786842  307.49953269  331.1533429
  199.9611816    39.99223632   39.99223632   13.33074544   39.99223632
   26.66149088   13.33074544   26.66149088   13.33074544   13.33074544
   39.99223632   53.32298176   93.31521808  668.20361519  963.14635805
  534.89616078  479.90683584  413.25310864  321.60423374  294.94274286
  306.60714512  333.268636    279.94565424  279.94565424  158.25793677
   31.65158735   31.65158735   31.65158735   31.65158735   15.82579368
   15.82579368   15.82579368   15.82579368   15.82579368   31.65158735
   47.47738103   79.12896838 1335.30134149  716.11716388  478.73025873
  395.64484192  348.16746089  271.01671672  284.86428619  269.03849251
  253.21269883  316.51587354  223.53933569  122.28695636    0.
   20.38115939   40.76231879  101.90579697   61.14347818   61.14347818
   81.52463757   81.52463757   40.76231879   40.76231879   40.76231879
   81.52463757  387.24202847  491.69547036  407.62318787  346.47970969
  226.74039825  264.95507211  244.57391272  244.57391272  224.19275333
  224.19275333  183.43043454   89.63715827   29.87905276   59.75810551
  119.51621102  119.51621102   89.63715827    0.           59.75810551
   89.63715827  119.51621102   89.63715827  179.27431653  179.27431653
  209.15336929  119.51621102   59.75810551   77.88437555    0.
    0.            0.           77.88437555    0.            0.
    0.            0.           77.88437555   77.88437555    0.        ]
