[1.56911663e+03 3.13071476e+03 1.13785199e+03 9.82159584e+02
 1.42847781e+03 2.38987841e+03 1.10437812e+04 7.91176901e+03
 5.81511130e+03 3.72832407e+03 1.20417920e+03 8.00969878e+02
 8.63630787e+02 8.85425885e+02 9.20842921e+02 1.26956450e+03
 2.03920392e+03 4.18057237e+03 1.66569042e+04 1.18347386e+04
 9.29288521e+03 6.35872005e+03 4.85622043e+03 4.79900830e+03
 5.65310373e+03 4.34490926e+03 1.18860396e+03 8.08664636e+02
 5.91345255e+00 7.83532463e+02 7.98316094e+02 1.00972202e+03
 1.16642852e+03 1.48723332e+03 3.94722958e+03 8.84948174e+03
 3.48775432e+04 2.07503050e+04 1.54459381e+04 8.73121269e+03
 4.81355038e+03 3.58059552e+03 3.48302355e+03 3.49780718e+03
 4.50309412e+03 2.67947983e+03 1.09978650e+03 8.54834051e+02
 7.88180324e+02 8.69831140e+02 8.28172560e+02 8.04843756e+02
 9.09823376e+02 8.98158974e+02 1.11311724e+03 1.72633153e+03
 3.20104525e+03 9.80809596e+03 4.32385394e+06 3.26736571e+04
 1.71899962e+04 1.08079019e+04 5.76221472e+03 3.74094044e+03
 2.77612774e+03 2.49284940e+03 2.63948760e+03 2.93609668e+03
 3.77926633e+03 2.44904157e+03 1.11176201e+03 8.40745289e+02
 8.40745289e+02 9.51525845e+02 8.72396876e+02 9.08004912e+02
 7.97224356e+02 1.01878547e+03 1.25617237e+03 1.57664470e+03
 2.59147371e+03 5.63398255e+03 4.46603898e+04 2.02491030e+04
 1.20355161e+04 6.92180651e+03 5.05634108e+03 3.15328939e+03
 2.43321578e+03 2.46684559e+03 2.54795278e+03 3.16515874e+03
 3.42232788e+03 2.42026268e+03 1.31203714e+03 1.08784438e+03
 1.43177645e+03 2.96800634e+03 2.35657155e+03 2.11199764e+03
 2.04575887e+03 2.09161648e+03 1.45215761e+03 1.61775453e+03
 2.78202826e+03 4.89402590e+03 1.81596130e+04 1.27076529e+04
 9.54602553e+03 8.15246376e+03 5.14624275e+03 2.74636123e+03
 2.12983116e+03 2.02537771e+03 2.33364275e+03 3.36034365e+03
 3.13615090e+03 5.43425272e+03 4.29137895e+03 3.15597495e+03
 3.33151438e+03 2.91320764e+03 2.58453806e+03 1.62093861e+03
 2.72646356e+03 4.11583952e+03 5.94593150e+03 3.99632331e+03
 4.16812786e+03 2.22225455e+03 1.97575236e+03 4.23909061e+03
 5.56123869e+03 3.35876370e+03 2.42415119e+03 2.73568869e+03
 2.03472931e+03 2.72595314e+03 1.95684494e+03 4.31284730e+03
 2.97907736e+03 1.41165431e+03 2.41441564e+03 3.83580550e+03
 3.83580550e+03]
