[1.31270001e+03 2.86992999e+03 8.66687718e+02 7.40836357e+02
 1.08465708e+03 1.94096531e+03 1.05222117e+04 7.34868149e+03
 5.59714194e+03 3.50901089e+03 9.73968474e+02 6.14349345e+02
 6.66112704e+02 6.66112704e+02 6.68837092e+02 8.97685628e+02
 1.47934233e+03 3.13985641e+03 1.52947105e+04 1.06741496e+04
 6.83548783e+03 5.37930280e+03 4.52793176e+03 4.80990585e+03
 5.45422345e+03 3.66634058e+03 9.74241308e+02 6.28304334e+02
 4.43508941e+00 5.69169808e+02 6.06128887e+02 7.24397938e+02
 8.33796810e+02 1.04668110e+03 2.79262797e+03 5.94597654e+03
 2.71664010e+04 1.34176238e+04 7.37703206e+03 5.15061717e+03
 4.01523428e+03 3.30709834e+03 3.19769947e+03 3.53328790e+03
 4.18376768e+03 2.41286492e+03 8.18174501e+02 6.53206527e+02
 5.59891308e+02 6.28211379e+02 6.01549888e+02 5.89885486e+02
 6.81534361e+02 6.56539213e+02 7.78182265e+02 1.22976127e+03
 2.23623255e+03 6.57705653e+03 2.62349070e+06 2.04360328e+04
 8.86827840e+03 5.37562310e+03 4.93570850e+03 4.76240881e+03
 2.82945072e+03 2.37287269e+03 2.45119082e+03 2.68114618e+03
 3.41766986e+03 2.08307009e+03 7.61616321e+02 6.01380160e+02
 5.85554366e+02 6.80509128e+02 6.33031747e+02 6.36988195e+02
 5.57859227e+02 7.31942958e+02 8.76353325e+02 1.12956602e+03
 1.79622758e+03 3.91490571e+03 3.96277874e+04 1.24153351e+04
 6.54198746e+03 4.05535963e+03 2.99107500e+03 3.69334460e+03
 3.16515874e+03 2.30660943e+03 2.19780710e+03 2.60927773e+03
 2.76951389e+03 1.98971069e+03 8.20341666e+02 7.36269383e+02
 9.37533332e+02 1.75787500e+03 1.47508641e+03 1.43432409e+03
 1.51330108e+03 1.57953985e+03 1.12351141e+03 1.20758369e+03
 1.98461540e+03 3.41893949e+03 1.25853659e+04 1.00224351e+04
 4.77173894e+03 3.31448605e+03 2.39988152e+03 3.48517826e+03
 2.68267011e+03 1.98461540e+03 2.27249927e+03 2.41771503e+03
 2.58331195e+03 3.27549116e+03 2.06912440e+03 1.71057577e+03
 1.94960819e+03 2.01310118e+03 2.01310118e+03 1.26238998e+03
 2.00936630e+03 2.91320764e+03 4.02246748e+03 2.58453806e+03
 2.24839872e+03 1.86370592e+03 1.76659899e+03 3.09621684e+03
 3.75729088e+03 2.18076252e+03 1.25588556e+03 1.56742306e+03
 1.33376993e+03 2.10287814e+03 1.47980314e+03 2.90119299e+03
 2.19049806e+03 1.16826563e+03 1.71345626e+03 2.82330861e+03
 2.57991994e+03]
