[2.45190419e+03 8.43333857e+03 2.99707878e+03 2.47550923e+03
 2.83879151e+03 2.58838622e+03 1.41161113e+04 1.44949628e+04
 1.40745934e+04 1.51312473e+04 3.46269631e+03 2.61132526e+03
 2.67398617e+03 2.70804102e+03 2.47783028e+03 2.19176961e+03
 2.60996307e+03 2.67262398e+03 1.13933879e+04 1.00611624e+04
 1.06741496e+04 1.33549467e+04 1.59431147e+04 1.79809564e+04
 2.05582269e+04 1.76339155e+04 3.35440596e+03 2.71279636e+03
 2.21754471e+01 2.65218347e+03 2.66696710e+03 3.02177425e+03
 2.88132976e+03 2.58417877e+03 2.42599391e+03 3.02325262e+03
 8.67207817e+03 7.61357016e+03 7.62835379e+03 9.25159652e+03
 1.31101243e+04 2.67997670e+04 2.62202486e+04 1.99933831e+04
 2.03127095e+04 1.58302602e+04 2.90943519e+03 2.98941966e+03
 2.49284940e+03 3.15105495e+03 2.70614132e+03 2.68281252e+03
 2.74779990e+03 2.41619761e+03 3.05940608e+03 3.06940414e+03
 2.18457591e+03 2.83944878e+03 4.19585213e+03 6.15547171e+03
 5.82886844e+03 6.23545618e+03 8.12508935e+03 1.21276457e+04
 2.74613356e+04 1.31921057e+05 3.35801478e+04 1.84030941e+04
 1.85030747e+04 1.23203804e+04 2.54597456e+03 2.65873334e+03
 2.56180035e+03 3.46980526e+03 2.95942342e+03 3.26406995e+03
 3.28187396e+03 3.59838984e+03 3.66367124e+03 3.02668304e+03
 2.35408681e+03 2.85062109e+03 6.31646990e+03 5.06227575e+03
 4.68245670e+03 5.23635948e+03 7.16117164e+03 1.09079283e+04
 2.46961510e+04 2.00860973e+05 3.18414969e+04 1.76932373e+04
 1.62372643e+04 1.03332478e+04 2.54254963e+03 3.32212898e+03
 5.01631286e+03 1.24936507e+04 1.05523453e+04 1.00402686e+04
 1.08529674e+04 1.43890985e+04 5.71946285e+03 4.36411576e+03
 8.83013731e+03 1.06134888e+04 9.61226430e+03 5.55641358e+03
 4.38194927e+03 4.89402590e+03 5.88505977e+03 9.22502227e+03
 1.87659525e+04 4.29634840e+04 2.47631087e+04 1.40579047e+04
 1.26261282e+04 6.45761028e+03 4.80305773e+03 7.14856337e+03
 1.62467349e+04 1.68816648e+04 1.70684089e+04 7.99264661e+03
 1.25529370e+04 1.38452061e+04 1.29114857e+04 8.50059051e+03
 4.94871811e+03 7.78349324e+03 2.64280222e+04 1.95931888e+04
 7.77975836e+03 4.29337620e+03 3.60215237e+03 8.61595905e+03
 6.42546098e+03 1.21304915e+04 1.04851841e+04 1.16729208e+04
 1.03294153e+04 3.12511057e+03 5.69529496e+03 2.10579880e+04
 4.85803793e+03]
