[2.18528194e+03 4.98734669e+03 1.82679088e+03 1.95264224e+03
 2.69218116e+03 4.01686403e+03 1.67888309e+04 1.16094636e+04
 9.47907255e+03 5.59316721e+03 2.01468444e+03 1.52429472e+03
 1.58695563e+03 1.55562517e+03 1.78583590e+03 2.15771477e+03
 4.23097354e+03 8.10505233e+03 2.75272097e+04 1.78011469e+04
 1.13334513e+04 8.79159794e+03 7.08340708e+03 7.05888760e+03
 8.19495712e+03 5.15061717e+03 1.77107904e+03 1.42662043e+03
 1.33052682e+01 1.36748590e+03 1.63063454e+03 1.98692006e+03
 1.88047791e+03 2.17762890e+03 4.19707295e+03 1.16051506e+04
 6.67037448e+04 4.91289638e+04 1.47540641e+04 8.61294364e+03
 6.13816375e+03 5.12696336e+03 4.69675969e+03 4.92442761e+03
 6.27712988e+03 4.27583660e+03 1.50137521e+03 1.45971663e+03
 1.47304737e+03 1.58135968e+03 1.43305513e+03 1.51637229e+03
 1.41805805e+03 1.50137521e+03 1.85130727e+03 2.38287075e+03
 3.60430030e+03 7.46188476e+03 3.82325779e+04 9.14222522e+04
 2.01094295e+04 9.97139759e+03 7.85847444e+03 4.77407321e+03
 3.79426342e+03 3.39100837e+03 3.48265725e+03 3.76760193e+03
 5.01069394e+03 3.48365283e+03 1.43025610e+03 1.47971171e+03
 1.46190769e+03 1.60433983e+03 1.66962123e+03 1.52916731e+03
 1.46586414e+03 1.82985739e+03 1.75072843e+03 2.24330625e+03
 2.92579361e+03 5.33131424e+03 2.31927006e+04 1.18440240e+05
 1.26052447e+04 7.20864902e+03 5.34318359e+03 4.39363597e+03
 3.13350715e+03 2.76951389e+03 2.72203651e+03 3.19878855e+03
 3.99601290e+03 3.42403478e+03 1.63813569e+03 1.88780489e+03
 2.43554855e+03 5.38317372e+03 5.00102699e+03 4.57047499e+03
 4.71059546e+03 4.59085615e+03 2.45847735e+03 2.47631087e+03
 3.93101612e+03 5.95894148e+03 1.20299793e+04 2.48344427e+04
 9.05433006e+03 5.67360525e+03 3.91573025e+03 3.21767554e+03
 2.92724402e+03 2.43809619e+03 2.57821666e+03 2.97055398e+03
 3.87496793e+03 7.05892621e+03 5.97207567e+03 4.71342057e+03
 5.88243851e+03 6.52110326e+03 5.83015017e+03 2.82357049e+03
 3.98885354e+03 5.25497840e+03 7.65650727e+03 6.37170800e+03
 4.16812786e+03 2.91694253e+03 2.42767304e+03 5.07943897e+03
 6.61074042e+03 3.90395432e+03 2.81357307e+03 4.53676488e+03
 2.96934182e+03 4.91645121e+03 2.03472931e+03 6.73699849e+03
 3.74818557e+03 2.03472931e+03 2.80383752e+03 4.22522737e+03
 4.45888050e+03]
