[7.37357244e+02 1.63866256e+03 7.94031262e+02 6.68179902e+02
 8.03113319e+02 7.09697876e+02 3.45637138e+03 3.67563818e+03
 3.35127900e+03 2.58816797e+03 9.29016083e+02 6.47041993e+02
 6.33420056e+02 6.78372447e+02 5.92554246e+02 6.02089602e+02
 7.23324839e+02 9.19480727e+02 3.31830378e+03 4.19555650e+03
 5.39020035e+03 7.37491653e+03 6.09717887e+03 4.53474273e+03
 4.59059267e+03 3.23613691e+03 8.78147704e+02 6.28304334e+02
 4.43508941e+00 6.29782697e+02 6.31261060e+02 6.99265764e+02
 5.95780345e+02 6.19434155e+02 6.75611954e+02 1.13094780e+03
 2.85471922e+03 3.13856494e+03 3.96053485e+03 5.74491915e+03
 8.58633311e+03 1.15371459e+04 7.51599819e+03 5.63699865e+03
 7.15527759e+03 3.99589095e+03 7.63185176e+02 7.34857342e+02
 6.01549888e+02 7.36523686e+02 6.28211379e+02 6.16546977e+02
 6.28211379e+02 5.09901013e+02 6.03216231e+02 7.61518833e+02
 6.68203615e+02 9.23154122e+02 1.66134415e+03 2.97442258e+03
 3.17605010e+03 3.76593559e+03 5.17566192e+03 7.49854431e+03
 1.27375273e+04 1.19076884e+04 8.49501753e+03 5.89718851e+03
 1.14177835e+04 5.85752188e+03 6.82487352e+02 6.05336608e+02
 5.87532590e+02 7.93267908e+02 6.50835765e+02 6.52813989e+02
 5.89510814e+02 7.31942958e+02 6.84465577e+02 7.00291370e+02
 6.82487352e+02 9.39656500e+02 3.27593929e+03 3.50145685e+03
 3.16911518e+03 3.26209172e+03 4.15427084e+03 6.06523543e+03
 9.32534892e+03 1.34677504e+04 7.29173444e+03 7.44603593e+03
 1.17150438e+04 4.38959220e+03 6.54744746e+02 7.18435869e+02
 1.00122446e+03 1.83939964e+03 1.47508641e+03 1.55661105e+03
 1.65596920e+03 1.88525724e+03 8.96771013e+02 8.78937499e+02
 1.73749384e+03 2.08652119e+03 2.70305126e+03 3.83420561e+03
 3.11322210e+03 3.04953097e+03 3.69153750e+03 4.67492844e+03
 6.92449890e+03 1.32987065e+04 1.43840032e+04 1.23000297e+04
 1.41445246e+04 1.44166430e+03 1.01588779e+03 1.29226903e+03
 2.18864061e+03 2.34177076e+03 2.34177076e+03 1.22877604e+03
 2.48743114e+03 2.69658451e+03 2.75634262e+03 1.92346402e+03
 2.57706830e+03 3.45850036e+03 6.45387540e+03 7.36518650e+03
 1.71057577e+03 7.78843756e+02 6.23075004e+02 1.09038126e+03
 8.56728131e+02 1.55768751e+03 1.47980314e+03 1.56742306e+03
 1.71345626e+03 7.00959380e+02 1.09038126e+03 2.19049806e+03
 7.78843756e+02]
