[2.95963461e+02 6.35743984e+02 3.12682245e+02 2.60784777e+02
 3.32143796e+02 2.71164271e+02 1.44145218e+03 1.59714458e+03
 1.24294436e+03 1.00938551e+03 3.59619129e+02 2.41108280e+02
 2.50643635e+02 2.72438734e+02 2.41108280e+02 2.50643635e+02
 2.73800928e+02 4.03209326e+02 1.29272179e+03 1.53383007e+03
 1.81716636e+03 2.12365993e+03 2.08415631e+03 2.09232948e+03
 1.79537126e+03 9.99373481e+02 3.31153343e+02 2.36538102e+02
 1.47836314e+00 2.60191912e+02 2.49843370e+02 2.83845722e+02
 2.26189560e+02 2.26189560e+02 2.48365007e+02 3.81417690e+02
 1.28469757e+03 1.68681234e+03 1.98544169e+03 2.39199156e+03
 2.54426296e+03 2.43929918e+03 2.23528506e+03 2.23528506e+03
 1.92482881e+03 1.05812792e+03 2.66614909e+02 2.93276400e+02
 2.26622672e+02 3.06607145e+02 2.53284163e+02 2.14958270e+02
 2.53284163e+02 1.99961182e+02 2.14958270e+02 2.93276400e+02
 2.53284163e+02 3.19937891e+02 8.01511070e+02 1.75465937e+03
 2.03460502e+03 2.33121411e+03 2.51951089e+03 2.62948954e+03
 2.97775526e+03 2.65448469e+03 2.37120635e+03 2.19790665e+03
 1.83631018e+03 1.01482902e+03 2.21561111e+02 2.37386905e+02
 2.37386905e+02 3.16515874e+02 2.53212699e+02 2.07713542e+02
 1.91887748e+02 2.55190923e+02 2.23539336e+02 2.39365129e+02
 2.37386905e+02 3.02668304e+02 1.42827788e+03 1.67159946e+03
 1.92679038e+03 2.27495784e+03 2.38573840e+03 2.59543016e+03
 3.29176508e+03 3.40650209e+03 2.32441345e+03 2.19385065e+03
 1.73490263e+03 6.75125905e+02 2.03811594e+02 3.05717391e+02
 3.66860869e+02 6.52197101e+02 4.91695470e+02 4.91695470e+02
 5.50291304e+02 5.73220108e+02 2.64955072e+02 2.85336232e+02
 4.48385507e+02 5.50291304e+02 8.78937499e+02 1.45470525e+03
 1.79863732e+03 2.14766467e+03 1.96932953e+03 2.23428460e+03
 2.80495706e+03 3.36034365e+03 2.59859782e+03 2.24957047e+03
 1.53622989e+03 4.48185791e+02 3.28669580e+02 5.07943897e+02
 7.76855372e+02 7.50711200e+02 7.20832148e+02 3.58548633e+02
 5.97581055e+02 6.57339161e+02 7.17097266e+02 5.71436884e+02
 1.64334790e+03 1.59479444e+03 2.70031939e+03 1.38190619e+03
 4.51920673e+02 2.33653127e+02 1.55768751e+02 3.89421878e+02
 1.55768751e+02 4.67306253e+02 2.33653127e+02 3.11537502e+02
 3.89421878e+02 2.33653127e+02 3.89421878e+02 7.00959380e+02
 2.33653127e+02]
