[1.26167182e+03 2.65196062e+03 1.83846781e+03 1.62958050e+03
 1.96302173e+03 1.25332386e+03 4.81349017e+03 5.92150111e+03
 5.39733668e+03 5.01014832e+03 1.96019669e+03 1.36083148e+03
 1.36900464e+03 1.68775796e+03 1.42621677e+03 1.41531922e+03
 1.84304803e+03 1.58831782e+03 4.86439359e+03 7.04526566e+03
 7.01529740e+03 5.27305169e+03 6.75375621e+03 1.21235237e+04
 1.09356908e+04 7.35337825e+03 1.96178788e+03 1.26104376e+03
 1.03485420e+01 1.53454094e+03 1.58332692e+03 1.55671638e+03
 1.44140406e+03 1.70307433e+03 1.85534574e+03 3.24796381e+03
 4.81798547e+03 5.61334483e+03 4.68936787e+03 3.96201321e+03
 4.32864727e+03 6.88917222e+03 1.02036624e+04 1.03514987e+04
 1.79828092e+04 1.12611472e+04 1.60802117e+03 1.58135968e+03
 1.33973992e+03 1.71466713e+03 1.40639364e+03 1.44971857e+03
 1.56636259e+03 1.39639558e+03 1.69133833e+03 1.95795324e+03
 1.88963317e+03 3.29602681e+03 3.56597441e+03 5.71055808e+03
 4.49079487e+03 3.28602875e+03 4.81406545e+03 3.54264560e+03
 5.39062019e+03 1.18243712e+04 1.56569605e+04 1.73033076e+04
 1.83964287e+04 1.32738844e+04 1.41443031e+03 1.35508358e+03
 1.25617237e+03 1.89118234e+03 1.54301488e+03 1.65775189e+03
 1.65775189e+03 1.99009355e+03 1.94459440e+03 2.18198130e+03
 2.49849718e+03 3.40848031e+03 5.31351023e+03 6.39757709e+03
 3.80610338e+03 3.42034966e+03 5.34714004e+03 2.99503145e+03
 4.43913513e+03 1.36576599e+04 1.47100752e+04 3.07495171e+04
 2.24172367e+04 1.40069518e+04 1.33241830e+03 1.78335145e+03
 2.47631087e+03 4.40233043e+03 3.68898985e+03 4.26220996e+03
 4.81250126e+03 6.08632372e+03 3.05207862e+03 3.56670289e+03
 9.65047897e+03 1.19229782e+04 1.19076924e+04 1.08580627e+04
 4.01508840e+03 3.82911032e+03 4.18323297e+03 2.62407427e+03
 3.48263061e+03 5.70927228e+03 9.95619636e+03 1.90156217e+04
 3.51065471e+04 4.05608141e+03 2.55092413e+03 2.34177076e+03
 5.46413177e+03 7.02904716e+03 8.02252566e+03 5.22509935e+03
 1.67621486e+04 1.88686218e+04 2.51058741e+04 1.02149012e+04
 4.14198369e+03 2.19611038e+03 3.57054680e+03 6.03930354e+03
 4.47812303e+03 2.02499376e+03 1.25588556e+03 1.56742306e+03
 1.63557189e+03 3.34902815e+03 8.37257037e+03 9.32665397e+03
 1.07188372e+04 3.12511057e+03 1.63557189e+03 3.36849924e+03
 2.03472931e+03]
