[2.16487066e+03 5.04054159e+03 1.84884730e+03 1.99416021e+03
 2.72331964e+03 3.96496656e+03 1.57820201e+04 1.11942839e+04
 8.39441547e+03 5.96368389e+03 2.02558199e+03 1.62373485e+03
 1.63054582e+03 1.59921537e+03 1.83078829e+03 2.24489517e+03
 4.21871379e+03 8.65537858e+03 2.50752611e+04 1.74905667e+04
 1.10255956e+04 8.28758629e+03 7.03981688e+03 6.99077791e+03
 8.23854731e+03 5.41228745e+03 1.80655975e+03 1.45027424e+03
 1.33052682e+01 1.41479352e+03 1.75038196e+03 1.99874696e+03
 1.90413172e+03 2.23676343e+03 4.18376768e+03 1.11527715e+04
 7.43202717e+04 5.38833797e+04 1.50379098e+04 8.84948174e+03
 6.32739423e+03 5.23340551e+03 4.75737258e+03 4.98356214e+03
 6.27712988e+03 4.27583660e+03 1.52803670e+03 1.49970886e+03
 1.49970886e+03 1.62135191e+03 1.47304737e+03 1.54303378e+03
 1.43138879e+03 1.50304155e+03 1.86463802e+03 2.38453709e+03
 3.57597246e+03 7.16860836e+03 3.52198295e+04 9.32085721e+04
 2.16624613e+04 1.06945905e+04 8.42169843e+03 5.01569297e+03
 3.92923722e+03 3.44433135e+03 3.54931097e+03 3.79426342e+03
 5.03735543e+03 3.56278180e+03 1.44608190e+03 1.54301488e+03
 1.49355928e+03 1.65181722e+03 1.79820581e+03 1.57664470e+03
 1.51334152e+03 1.83183562e+03 1.78238001e+03 2.27495784e+03
 2.90996781e+03 5.20470790e+03 2.25280173e+04 1.21826960e+05
 1.31156265e+04 7.50933910e+03 5.51726732e+03 4.69630427e+03
 3.32341667e+03 2.84864286e+03 2.75368810e+03 3.23044013e+03
 4.05733785e+03 3.56670289e+03 1.62030217e+03 1.86742373e+03
 2.51707319e+03 5.50800833e+03 5.14369510e+03 4.69276195e+03
 4.81250126e+03 4.69276195e+03 2.51962083e+03 2.47631087e+03
 3.93101612e+03 5.93856032e+03 1.17038808e+04 2.18078406e+04
 9.26068930e+03 5.77805869e+03 4.03801720e+03 3.42403478e+03
 3.03169746e+03 2.49923967e+03 2.59859782e+03 3.03169746e+03
 3.85458677e+03 7.09254015e+03 6.03183377e+03 4.77691356e+03
 6.00568960e+03 6.79001474e+03 6.00942449e+03 2.88332859e+03
 4.07849070e+03 5.28485746e+03 7.72000026e+03 6.64061947e+03
 4.23162085e+03 2.97670063e+03 2.51731019e+03 5.10931802e+03
 6.64061947e+03 3.98183870e+03 2.81357307e+03 4.62438480e+03
 3.04722619e+03 5.00407113e+03 2.19049806e+03 6.97065161e+03
 3.82606995e+03 2.11261369e+03 2.88172190e+03 4.22522737e+03
 4.53676488e+03]
