[3.48905201e+03 9.41420072e+03 3.45637138e+03 3.07103268e+03
 3.67434074e+03 4.69542343e+03 2.30113374e+04 2.03853255e+04
 1.55381020e+04 1.42539946e+04 3.76918988e+03 5.19676885e+03
 3.21205267e+03 2.99410169e+03 2.89466155e+03 2.64265572e+03
 3.51990844e+03 4.71046571e+03 2.18713816e+04 2.28412635e+04
 3.20932829e+04 2.75816974e+04 1.77248640e+04 1.44719455e+04
 1.61719632e+04 1.18505589e+04 3.75947746e+03 2.85619758e+03
 2.06970839e+01 2.86802449e+03 2.73792853e+03 3.33223051e+03
 2.69062091e+03 2.92863738e+03 3.07943042e+03 4.75885094e+03
 1.75570406e+04 1.80360303e+04 3.27487002e+04 9.41308108e+06
 4.61722375e+04 1.64157443e+04 1.17293331e+04 1.05673397e+04
 1.24596445e+04 9.08823570e+03 2.66948177e+03 2.98941966e+03
 2.47951865e+03 3.12439346e+03 2.81445363e+03 2.89777079e+03
 2.71947207e+03 2.34787754e+03 2.95109377e+03 3.35101614e+03
 2.58449827e+03 3.28269606e+03 8.69831140e+03 1.37306678e+04
 1.60635483e+04 3.33135329e+04 1.86310498e+05 2.93009785e+04
 1.33840684e+04 9.41150628e+03 8.19840845e+03 7.83514563e+03
 9.64479433e+03 6.77937437e+03 2.40156419e+03 2.67455913e+03
 2.64092932e+03 3.32539490e+03 3.05635640e+03 3.10581201e+03
 2.82094772e+03 3.32935134e+03 3.01085725e+03 3.18494098e+03
 2.48069316e+03 3.10581201e+03 1.10938814e+04 1.00612483e+04
 1.15251342e+04 1.85557431e+04 2.22827175e+04 2.01857998e+04
 1.21858611e+04 7.57462050e+03 6.16019019e+03 6.36394728e+03
 7.30558201e+03 5.72201050e+03 2.42026268e+03 3.36289130e+03
 5.22267209e+03 1.09192061e+04 9.28361810e+03 8.64670687e+03
 8.82504202e+03 9.95874401e+03 4.40742572e+03 3.40110597e+03
 5.24305325e+03 6.28758767e+03 7.56395778e+03 8.13717789e+03
 9.10018767e+03 1.18057866e+04 1.23000297e+04 1.10720648e+04
 1.90971464e+04 6.43025579e+03 5.44686485e+03 5.24305325e+03
 6.21115833e+03 7.51084689e+03 7.68638632e+03 8.32131619e+03
 1.44465220e+04 1.48722985e+04 1.45735080e+04 5.64714097e+03
 5.97581055e+03 5.91605245e+03 6.45761028e+03 8.44083240e+03
 1.27098021e+04 1.00393617e+04 9.96466409e+03 6.24845691e+03
 6.31194989e+03 5.47137738e+03 6.26969223e+03 1.01054977e+04
 6.34757661e+03 1.09524903e+04 6.10418793e+03 7.75923091e+03
 5.00407113e+03 7.04853599e+03 7.66187545e+03 7.51584224e+03
 5.71476606e+03]
