[  71.43945621  228.34885971   51.89746812   41.51797449   62.27696174
  124.55392348  857.60566063  439.83104229  417.77461834  273.80092758
   65.38529614   32.69264807   32.69264807   43.59019743   32.69264807
   43.59019743   65.38529614  174.36078971 1348.57173288  855.45762449
  634.78225002  480.85436536  438.6263616   446.79952362  446.79952362
  226.18956011   59.13452552   35.48071531    0.           23.65381021
   23.65381021   35.48071531   35.48071531   35.48071531   47.30762041
  119.74741417 1536.01930033 1058.50800677  773.18392115  595.78034459
  450.90075708  345.93697428  356.28551625  366.63405821  378.46096332
  226.62267248   39.99223632   53.32298176   13.33074544   53.32298176
   39.99223632   26.66149088   39.99223632   26.66149088   26.66149088
   53.32298176   66.6537272   106.64596352  896.49263085 1206.43246233
  841.50330591  628.21137887  534.89616078  416.585795    361.59647006
  346.59938144  319.93789056  293.27639968  279.94565424  189.90952412
   47.47738103   47.47738103   31.65158735   47.47738103   31.65158735
   31.65158735   15.82579368   31.65158735   31.65158735   31.65158735
   47.47738103   94.95476206 1719.07683816  987.1338806   652.81398917
  538.07698502  411.4706356   318.49409775  332.34166722  316.51587354
  223.53933569  253.21269883  191.88774833  142.66811575   20.38115939
   20.38115939   40.76231879  122.28695636   81.52463757   81.52463757
  101.90579697  101.90579697   40.76231879   40.76231879   61.14347818
  101.90579697  468.76666605  593.60126733  509.52898483  489.14782544
  328.64619522  267.50271704  264.95507211  264.95507211  264.95507211
  203.81159393  183.43043454  119.51621102   59.75810551   89.63715827
  119.51621102  149.39526378  119.51621102   29.87905276   59.75810551
   89.63715827  149.39526378  119.51621102  298.79052755  179.27431653
  209.15336929  119.51621102   89.63715827   77.88437555    0.
   77.88437555    0.           77.88437555    0.            0.
    0.            0.           77.88437555   77.88437555    0.        ]
