[2.97366736e+03 7.12033263e+03 3.06973524e+03 3.27991998e+03
 3.54848938e+03 5.25851096e+03 2.23885677e+04 1.58287278e+04
 1.16924996e+04 9.18663411e+03 2.96549562e+03 2.60996307e+03
 3.46405850e+03 2.71757637e+03 2.55547532e+03 2.53095584e+03
 3.90268486e+03 6.53852961e+03 2.79631116e+04 4.30998077e+04
 2.21438203e+04 1.37254634e+04 1.05270327e+04 9.75603106e+03
 1.12190271e+04 8.37640554e+03 2.61670275e+03 2.16432363e+03
 1.92187208e+01 2.43782081e+03 2.21458798e+03 2.60487585e+03
 2.29737632e+03 2.68914255e+03 3.53033117e+03 6.84186460e+03
 2.50257312e+04 7.24516207e+04 2.88008793e+05 2.18502072e+04
 1.10877235e+04 8.25813649e+03 7.02222491e+03 6.97491728e+03
 8.53902548e+03 7.12861612e+03 2.14458367e+03 2.38453709e+03
 2.10459144e+03 2.90943519e+03 2.23789889e+03 2.18624225e+03
 2.06293286e+03 1.95795324e+03 2.44119276e+03 2.94776109e+03
 2.77279505e+03 4.05921199e+03 1.24942412e+04 2.52017743e+04
 9.97406374e+04 3.65262425e+04 2.21023759e+04 8.93493213e+03
 6.30210991e+03 5.12233894e+03 5.05235252e+03 5.32563280e+03
 6.91199151e+03 5.83971787e+03 1.94063795e+03 2.06922252e+03
 2.13054747e+03 2.84666464e+03 2.30858765e+03 2.32639167e+03
 2.16615551e+03 2.53212699e+03 2.51630119e+03 2.50047540e+03
 2.60729951e+03 3.50145685e+03 1.37130502e+04 1.50226346e+04
 3.01085725e+04 1.62372643e+04 1.10701427e+04 1.04410674e+04
 5.32735780e+03 4.29670298e+03 3.96436132e+03 4.42133111e+03
 5.36494406e+03 5.16917155e+03 2.15275996e+03 2.72598007e+03
 3.93101612e+03 8.62123042e+03 7.11047698e+03 6.59840035e+03
 6.86080778e+03 7.13085814e+03 3.48008297e+03 2.76419474e+03
 4.28004347e+03 5.63029528e+03 8.13717789e+03 1.12707811e+04
 1.62284982e+04 1.04912018e+04 7.39836086e+03 6.12708604e+03
 5.51055597e+03 3.81127681e+03 3.66606105e+03 3.87242028e+03
 4.91950235e+03 7.93288851e+03 7.17470754e+03 6.79001474e+03
 1.08050125e+04 1.11150076e+04 1.11150076e+04 4.14571857e+03
 4.88896001e+03 5.25497840e+03 7.44735390e+03 1.30347368e+04
 8.46697657e+03 5.22883423e+03 3.99258842e+03 5.82641529e+03
 6.84977284e+03 5.00407113e+03 4.78015355e+03 8.14865279e+03
 4.54650042e+03 8.12918170e+03 3.99157425e+03 7.20430474e+03
 4.05972308e+03 4.22522737e+03 4.60491370e+03 5.55899731e+03
 6.10418793e+03]
