[2.50293238e+03 8.53713351e+03 3.01783777e+03 2.49626822e+03
 2.86084793e+03 2.62082214e+03 1.42614242e+04 1.48063477e+04
 1.43444602e+04 1.52620179e+04 3.50628651e+03 2.65491546e+03
 2.70667882e+03 2.71893856e+03 2.51052293e+03 2.25715491e+03
 2.63175817e+03 2.69578127e+03 1.15241584e+04 1.02573183e+04
 1.08948250e+04 1.35946928e+04 1.61883096e+04 1.80681368e+04
 2.07761778e+04 1.76812231e+04 3.37805977e+03 2.70244782e+03
 2.21754471e+01 2.66401037e+03 2.69062091e+03 3.06760351e+03
 2.86950285e+03 2.58417877e+03 2.46147462e+03 3.11786786e+03
 8.87313555e+03 7.73183921e+03 7.76140647e+03 9.46743754e+03
 1.35891140e+04 2.63148639e+04 2.66578441e+04 1.99460755e+04
 2.03600171e+04 1.58835832e+04 2.92276594e+03 2.98941966e+03
 2.50618014e+03 3.17771644e+03 2.73280282e+03 2.72280476e+03
 2.77446139e+03 2.44285910e+03 3.00608310e+03 3.08273488e+03
 2.22456815e+03 2.87944102e+03 4.65076382e+03 6.22212543e+03
 5.89718851e+03 6.36876363e+03 8.28839098e+03 1.25575622e+04
 2.92343248e+04 1.39652889e+05 3.26736571e+04 1.81364792e+04
 1.83364404e+04 1.22570772e+04 2.54597456e+03 2.69038493e+03
 2.57762615e+03 3.54695601e+03 2.97524921e+03 3.29572153e+03
 3.34517714e+03 3.63004142e+03 3.77445179e+03 3.07416042e+03
 2.35408681e+03 2.88227267e+03 6.38175130e+03 5.10975313e+03
 4.76158567e+03 5.33131424e+03 7.25414818e+03 1.12402700e+04
 2.55903084e+04 2.81572521e+05 3.02510046e+04 1.70602056e+04
 1.63322191e+04 1.02517232e+04 2.54254963e+03 3.34251014e+03
 5.05707517e+03 1.25955565e+04 1.05727264e+04 1.00198875e+04
 1.08937297e+04 1.43075739e+04 5.73984401e+03 4.32335344e+03
 8.72823151e+03 1.04912018e+04 9.53073966e+03 5.61755706e+03
 4.42271159e+03 4.93733586e+03 5.88505977e+03 9.36769039e+03
 1.92143380e+04 4.36156811e+04 2.37746224e+04 1.40579047e+04
 1.23407920e+04 6.31194989e+03 4.86281584e+03 7.20832148e+03
 1.63064930e+04 1.69713020e+04 1.71281670e+04 7.96276756e+03
 1.24632999e+04 1.36958108e+04 1.27322114e+04 8.47071146e+03
 5.03835527e+03 7.93288851e+03 2.74513797e+04 1.91076542e+04
 7.48096783e+03 4.29337620e+03 3.52426799e+03 8.69384342e+03
 6.58122973e+03 1.23641446e+04 1.07188372e+04 1.14392677e+04
 1.02515309e+04 3.12511057e+03 5.61741059e+03 1.99578712e+04
 4.93592230e+03]
