[2.30902528e+03 7.93252800e+03 2.87122742e+03 2.39247328e+03
 2.76613505e+03 2.45345281e+03 1.30522132e+04 1.34518237e+04
 1.33428391e+04 1.45809210e+04 3.37551591e+03 2.53368023e+03
 2.57454604e+03 2.63039598e+03 2.31436704e+03 2.12638432e+03
 2.54457777e+03 2.56364849e+03 1.06033155e+04 9.23022431e+03
 9.70971648e+03 1.22542943e+04 1.46299600e+04 1.69674843e+04
 1.99861055e+04 1.74683388e+04 3.29527143e+03 2.63000802e+03
 2.06970839e+01 2.56939513e+03 2.53687114e+03 2.73645017e+03
 3.09421405e+03 2.52504424e+03 2.38903483e+03 3.30857670e+03
 8.14873762e+03 7.07840270e+03 6.99857110e+03 8.18717506e+03
 1.10877235e+04 2.10341507e+04 2.30861188e+04 1.97095374e+04
 2.02654019e+04 1.66234396e+04 2.85611221e+03 2.94942743e+03
 2.51951089e+03 3.09773197e+03 2.62615685e+03 2.56283581e+03
 2.85444587e+03 2.36287463e+03 2.93776303e+03 3.01608116e+03
 2.15624807e+03 2.92109959e+03 4.39581331e+03 5.75221666e+03
 5.38728750e+03 5.64557069e+03 7.18527179e+03 1.01680261e+04
 1.93629078e+04 1.01980203e+05 4.02855127e+04 1.95228767e+04
 1.88763355e+04 1.30523233e+04 2.56180035e+03 2.64290754e+03
 2.48069316e+03 3.40452386e+03 2.88029445e+03 3.08998622e+03
 2.99503145e+03 3.50343508e+03 3.25022238e+03 2.97920566e+03
 2.32243522e+03 2.89809847e+03 6.12656038e+03 4.79125904e+03
 4.37978840e+03 4.78928081e+03 6.25118850e+03 9.28182799e+03
 1.93786844e+04 1.14895262e+05 4.62429691e+04 1.94182488e+04
 1.61423096e+04 1.06593464e+04 2.62407427e+03 3.34251014e+03
 4.89402590e+03 1.15510221e+04 1.02873902e+04 9.77531357e+03
 1.05880123e+04 1.38337119e+04 5.55641358e+03 4.44564039e+03
 9.79314709e+03 1.17599290e+04 1.03103190e+04 5.51310362e+03
 4.17813768e+03 4.44564039e+03 5.29145851e+03 8.21870253e+03
 1.63049275e+04 4.14043253e+04 3.30378594e+04 1.59482572e+04
 1.38999507e+04 6.76013569e+03 4.62004853e+03 7.05892621e+03
 1.59479444e+04 1.65231162e+04 1.66501021e+04 7.87313040e+03
 1.35426807e+04 1.49843450e+04 1.37555689e+04 8.67986483e+03
 4.59016948e+03 7.00290299e+03 2.13485832e+04 2.50610555e+04
 8.08228377e+03 4.29337620e+03 2.90119299e+03 8.38230592e+03
 6.33784106e+03 1.20428716e+04 1.11082591e+04 1.26172688e+04
 1.09524903e+04 3.05696174e+03 4.91645121e+03 3.60117881e+04
 6.41572544e+03]
