[2.04112732e+03 4.33992577e+03 1.62958050e+03 1.76451392e+03
 2.40025790e+03 3.54719195e+03 1.63269435e+04 1.19467972e+04
 7.80797408e+03 4.83442533e+03 1.76267861e+03 1.30498154e+03
 1.37990219e+03 1.32405225e+03 1.50249962e+03 1.86211875e+03
 3.71606433e+03 6.47314432e+03 2.32335752e+04 2.07325877e+04
 1.77575567e+04 9.97398205e+03 6.55760033e+03 6.39958586e+03
 7.51386028e+03 4.53413974e+03 1.61585091e+03 1.28321920e+03
 1.03485420e+01 1.17677706e+03 1.29800284e+03 1.95143934e+03
 1.72524978e+03 1.98692006e+03 4.17194078e+03 1.29149804e+04
 5.89926027e+04 3.97502281e+04 2.04191517e+04 1.17559437e+04
 6.94535002e+03 4.91260071e+03 4.41143560e+03 4.55483683e+03
 5.74196243e+03 3.71261261e+03 1.39306290e+03 1.28475059e+03
 1.44638588e+03 1.36640141e+03 1.25808910e+03 1.46304931e+03
 1.24475836e+03 1.31474477e+03 1.70300273e+03 2.19624031e+03
 3.57597246e+03 8.36171008e+03 5.63890532e+04 1.06326026e+05
 2.14491694e+04 9.62146552e+03 7.03863359e+03 4.73408097e+03
 3.83425566e+03 3.19104719e+03 3.25603457e+03 3.52598217e+03
 4.58244375e+03 3.11768135e+03 1.35112714e+03 1.28782396e+03
 1.35112714e+03 1.38277872e+03 1.33530134e+03 1.36893115e+03
 1.32145377e+03 1.54499311e+03 1.62214385e+03 2.05339673e+03
 2.87831622e+03 5.61815676e+03 2.76160100e+04 2.77663550e+04
 1.16517406e+04 6.58748662e+03 5.58254872e+03 4.02766449e+03
 4.03953384e+03 2.94557585e+03 2.61125596e+03 3.21461434e+03
 4.02766449e+03 3.09538858e+03 1.49546757e+03 1.59992101e+03
 2.12728351e+03 4.69021431e+03 4.38704456e+03 4.03801720e+03
 4.15775652e+03 3.99725489e+03 2.29033279e+03 2.23173695e+03
 3.70682336e+03 5.79589220e+03 1.29522268e+04 3.26404268e+04
 7.96903332e+03 5.22267209e+03 3.60746521e+03 3.15653206e+03
 3.38072481e+03 2.80495706e+03 2.59859782e+03 3.06991213e+03
 4.38704456e+03 6.48748933e+03 5.40437367e+03 4.14571857e+03
 5.16160636e+03 5.70689908e+03 5.13919707e+03 2.58080318e+03
 3.71620719e+03 5.04582503e+03 7.17844242e+03 5.37822950e+03
 3.74982112e+03 2.64429617e+03 2.39779398e+03 4.80679261e+03
 6.25219179e+03 3.51453245e+03 2.50203556e+03 3.75792112e+03
 2.50203556e+03 4.05972308e+03 1.87896056e+03 6.19180786e+03
 4.31284730e+03 1.80107618e+03 2.57018439e+03 3.99157425e+03
 4.14734300e+03]
