[1.73368252e+03 5.01848517e+03 2.28738091e+03 1.99545765e+03
 2.35873993e+03 1.71261645e+03 7.84170743e+03 8.20758458e+03
 8.49821040e+03 1.01074770e+04 2.66172643e+03 1.90843333e+03
 1.85122120e+03 2.11548677e+03 1.84304803e+03 1.80899319e+03
 2.19313181e+03 1.91796869e+03 6.58756859e+03 5.75663045e+03
 5.66672567e+03 6.48949064e+03 8.20040589e+03 1.07640544e+04
 1.45100870e+04 1.47540641e+04 2.78375779e+03 1.93813407e+03
 1.62619945e+01 2.01057387e+03 2.04753295e+03 2.04457622e+03
 1.88047791e+03 2.10814583e+03 2.12884292e+03 3.32040361e+03
 5.63847701e+03 4.69971642e+03 4.24881566e+03 4.51048593e+03
 5.41080908e+03 7.29424372e+03 1.00883501e+04 1.39498346e+04
 1.76457424e+04 1.79431834e+04 2.56116947e+03 2.38453709e+03
 1.92962540e+03 2.34621120e+03 1.96961764e+03 1.95961958e+03
 2.06293286e+03 1.83797653e+03 2.24123158e+03 2.47951865e+03
 2.14458367e+03 3.49765433e+03 3.52598217e+03 4.34082398e+03
 3.64429253e+03 3.44599770e+03 3.86091715e+03 4.61743695e+03
 6.30210991e+03 9.46482926e+03 1.62701748e+04 2.22023565e+04
 2.13425234e+04 1.73134183e+04 2.38573840e+03 2.13252570e+03
 1.89316057e+03 2.65675511e+03 2.22550224e+03 2.37386905e+03
 2.31056588e+03 2.75566632e+03 2.96140164e+03 3.42430611e+03
 3.30956910e+03 3.48760928e+03 5.64783012e+03 4.21757401e+03
 3.29769976e+03 3.07218220e+03 3.35704648e+03 4.22153046e+03
 6.28481831e+03 1.08604509e+04 2.89691153e+04 4.73666005e+04
 2.37466034e+04 1.52552978e+04 2.27504692e+03 2.56293079e+03
 3.64567989e+03 6.98564238e+03 5.96403677e+03 6.35382644e+03
 7.12831050e+03 9.42628622e+03 4.71059546e+03 4.95771702e+03
 1.28656069e+04 1.56476351e+04 1.38133308e+04 6.08887137e+03
 3.78834800e+03 3.09284094e+03 2.95272047e+03 3.93611141e+03
 6.06594256e+03 1.14745927e+04 3.56568384e+04 8.11373955e+04
 2.27148021e+04 6.40158705e+03 3.33151438e+03 4.92630882e+03
 1.05734498e+04 1.18059607e+04 1.24969138e+04 8.50432539e+03
 2.03102861e+04 2.03999233e+04 2.17370109e+04 1.15968074e+04
 3.14850518e+03 3.72741183e+03 6.87591702e+03 2.13336437e+04
 1.65007069e+04 2.95960627e+03 2.03472931e+03 3.12511057e+03
 4.38099612e+03 8.12918170e+03 1.38439478e+04 1.26854177e+04
 1.47201470e+04 3.60215237e+03 3.19325940e+03 4.93592230e+03
 5.56873285e+03]
