[1.52829408e+03 4.17385387e+03 2.07849360e+03 1.79694983e+03
 2.12909363e+03 1.46221116e+03 7.37203535e+03 9.16768774e+03
 8.05967680e+03 8.20040589e+03 2.35523285e+03 1.63463240e+03
 1.57742027e+03 1.86348094e+03 1.60057756e+03 1.59921537e+03
 1.98471618e+03 1.72045060e+03 5.93916440e+03 6.50038819e+03
 7.47299447e+03 1.22324992e+04 1.34693710e+04 1.53437495e+04
 1.48206671e+04 1.24714714e+04 2.41416700e+03 1.58184856e+03
 1.33052682e+01 1.73707669e+03 1.75038196e+03 1.71342288e+03
 1.61880764e+03 1.84647556e+03 1.99726860e+03 3.28492289e+03
 5.25853768e+03 4.98208377e+03 4.07141208e+03 4.31977709e+03
 4.94808142e+03 6.94830675e+03 8.89678936e+03 1.17086361e+04
 1.95971818e+04 1.63035017e+04 1.95795324e+03 1.84964093e+03
 1.56802893e+03 1.95628689e+03 1.62135191e+03 1.64967975e+03
 1.74132862e+03 1.54470013e+03 1.90629660e+03 2.17124516e+03
 2.02460696e+03 3.47099284e+03 4.08920616e+03 4.59910718e+03
 3.64429253e+03 3.20437794e+03 3.36601322e+03 3.79759611e+03
 4.94903924e+03 7.05196434e+03 1.07745750e+04 1.52903650e+04
 2.76213046e+04 1.66170834e+04 1.52718909e+03 1.55884068e+03
 1.44608190e+03 2.13054747e+03 1.82787917e+03 1.95844197e+03
 1.91294281e+03 2.29276186e+03 2.26111027e+03 2.48464961e+03
 2.73786231e+03 4.39363597e+03 5.75861067e+03 4.68047848e+03
 3.27989574e+03 2.80116548e+03 2.81699127e+03 3.32935134e+03
 4.67652203e+03 7.00093548e+03 1.06665849e+04 1.67120381e+04
 2.39998161e+04 1.52349166e+04 1.41394293e+03 1.86742373e+03
 2.64190779e+03 5.20229094e+03 4.65199963e+03 5.14369510e+03
 5.67360525e+03 7.09264347e+03 3.60491757e+03 4.18068532e+03
 1.15561174e+04 1.43585268e+04 1.35076134e+04 7.58433894e+03
 3.74758568e+03 2.84571938e+03 2.42026268e+03 2.97310163e+03
 4.16030416e+03 6.18313423e+03 9.87467173e+03 1.52552978e+04
 2.39376717e+04 4.26523478e+03 2.70031939e+03 3.06260291e+03
 7.74614443e+03 8.53420444e+03 9.82647347e+03 6.39785217e+03
 1.97724632e+04 2.09676253e+04 2.50984043e+04 1.24670348e+04
 2.78622167e+03 2.61441712e+03 3.77970017e+03 5.53135964e+03
 4.38848587e+03 2.02499376e+03 1.55768751e+03 1.56742306e+03
 1.64530743e+03 4.84830238e+03 1.00081423e+04 1.09719614e+04
 1.33863770e+04 3.21273049e+03 1.94710939e+03 3.04722619e+03
 2.03472931e+03]
