[2.85757825e+02 5.21569555e+02 3.02302752e+02 2.60784777e+02
 3.21764302e+02 2.50405284e+02 1.19104689e+03 1.31560082e+03
 1.12747249e+03 7.88710135e+02 3.59619129e+02 2.41108280e+02
 2.50643635e+02 2.83336283e+02 2.41108280e+02 2.50643635e+02
 2.73800928e+02 3.92311777e+02 1.15922681e+03 1.49977523e+03
 1.93840159e+03 2.29938291e+03 1.98471618e+03 1.82942610e+03
 1.53246788e+03 8.79626067e+02 3.19326438e+02 2.36538102e+02
 1.47836314e+00 2.60191912e+02 2.49843370e+02 2.83845722e+02
 2.38016465e+02 2.38016465e+02 2.48365007e+02 3.81417690e+02
 1.09398872e+03 1.46210114e+03 2.06823003e+03 2.59304894e+03
 2.45999626e+03 2.37868629e+03 2.16432363e+03 2.06675167e+03
 1.58037019e+03 8.96492631e+02 2.66614909e+02 2.79945654e+02
 2.26622672e+02 3.19937891e+02 2.53284163e+02 2.28289016e+02
 2.66614909e+02 1.74966034e+02 2.28289016e+02 3.06607145e+02
 2.66614909e+02 3.19937891e+02 7.08195852e+02 1.45971663e+03
 1.86130533e+03 2.27789113e+03 2.53284163e+03 2.50951283e+03
 2.76279699e+03 2.84111512e+03 2.15791442e+03 2.08959435e+03
 1.56802893e+03 8.40745289e+02 2.05735318e+02 2.37386905e+02
 2.37386905e+02 3.16515874e+02 2.53212699e+02 2.23539336e+02
 1.91887748e+02 2.55190923e+02 2.23539336e+02 2.39365129e+02
 2.53212699e+02 3.02668304e+02 1.19089097e+03 1.46388592e+03
 1.78435824e+03 2.20967644e+03 2.41738998e+03 2.59543016e+03
 2.90996781e+03 3.19878855e+03 2.75368810e+03 2.12856925e+03
 1.65577366e+03 6.13982427e+02 1.83430435e+02 2.85336232e+02
 3.66860869e+02 6.31815941e+02 4.71314311e+02 4.71314311e+02
 5.29910144e+02 5.73220108e+02 2.64955072e+02 2.85336232e+02
 4.48385507e+02 5.29910144e+02 8.17794021e+02 1.25089366e+03
 1.69673152e+03 1.94385308e+03 2.19352228e+03 2.56293079e+03
 2.47631087e+03 2.70305126e+03 3.15398442e+03 2.10690235e+03
 1.59992101e+03 3.92162567e+02 2.98790528e+02 5.07943897e+02
 7.46976319e+02 7.50711200e+02 6.90953095e+02 3.28669580e+02
 5.97581055e+02 6.57339161e+02 6.87218213e+02 5.41557831e+02
 1.79274317e+03 2.04298023e+03 2.00563142e+03 1.62093861e+03
 4.78064844e+02 2.33653127e+02 1.55768751e+02 3.89421878e+02
 1.55768751e+02 4.67306253e+02 2.33653127e+02 3.89421878e+02
 3.89421878e+02 2.33653127e+02 3.89421878e+02 6.23075004e+02
 1.55768751e+02]
