[1.31270001e+03 2.70385809e+03 1.87998578e+03 1.67109847e+03
 2.00453971e+03 1.28446234e+03 5.07427495e+03 6.13947048e+03
 5.59714194e+03 5.10822626e+03 1.99425153e+03 1.40442167e+03
 1.41259484e+03 1.72181280e+03 1.46980697e+03 1.45890942e+03
 1.88663823e+03 1.61011292e+03 4.90934599e+03 7.35039704e+03
 7.14606799e+03 5.27168950e+03 7.63100894e+03 1.25648744e+04
 1.11563662e+04 7.44799349e+03 2.00909550e+03 1.29652447e+03
 1.18269051e+01 1.58184856e+03 1.60845909e+03 1.60402400e+03
 1.48871168e+03 1.75038196e+03 1.91448026e+03 2.82071687e+03
 4.75737258e+03 5.38715527e+03 5.49655415e+03 3.83191725e+03
 4.30499346e+03 6.78273008e+03 8.99140461e+03 1.00913068e+04
 1.75097330e+04 1.15011006e+04 1.62301826e+03 1.62135191e+03
 1.37973215e+03 1.75465937e+03 1.44638588e+03 1.48971080e+03
 1.59469042e+03 1.44971857e+03 1.75799205e+03 2.02460696e+03
 1.94295615e+03 3.33601905e+03 3.86091715e+03 5.12067259e+03
 3.92757088e+03 3.05773974e+03 3.27269801e+03 3.81092685e+03
 6.82534167e+03 8.92826676e+03 1.68900545e+04 1.54769955e+04
 1.78032105e+04 1.37526147e+04 1.44608190e+03 1.38673517e+03
 1.30364975e+03 1.92481216e+03 1.62016563e+03 1.72105506e+03
 1.70720749e+03 2.03954916e+03 2.02372337e+03 2.27693607e+03
 2.59345194e+03 3.35902471e+03 5.51924554e+03 5.85752188e+03
 3.39265452e+03 2.81699127e+03 2.97722744e+03 3.10581201e+03
 5.91884684e+03 1.91017330e+04 2.59147371e+04 2.74973165e+04
 2.21007209e+04 1.41700011e+04 1.35279945e+03 1.82411377e+03
 2.53745434e+03 4.54499854e+03 3.83165797e+03 4.40742572e+03
 5.03669402e+03 6.31306412e+03 3.17436558e+03 3.70937101e+03
 9.99695868e+03 1.23102203e+04 1.22134098e+04 1.18006913e+04
 3.82911032e+03 3.86987264e+03 2.54509728e+03 2.66738424e+03
 3.89025380e+03 1.09854449e+04 1.11281130e+04 1.89748594e+04
 3.45256840e+04 4.08969535e+03 2.61068223e+03 2.40152887e+03
 5.67702002e+03 7.27181446e+03 8.35493013e+03 5.43798760e+03
 1.75763528e+04 1.95857191e+04 2.63010362e+04 1.05174266e+04
 3.26802140e+03 2.22598943e+03 3.87307221e+03 6.13267558e+03
 4.56776019e+03 2.02499376e+03 1.25588556e+03 1.72319181e+03
 1.56742306e+03 3.50479690e+03 8.76199225e+03 9.79396023e+03
 1.11861434e+04 3.28087932e+03 1.71345626e+03 3.68003674e+03
 2.03472931e+03]
