[ 163.29018562  321.76430232  146.61034743  115.47186656  166.07189797
  136.23085381  814.79024943 1054.81603947  730.45686374  460.42146032
  185.25833906  110.33768724  119.87304292  141.66814164  130.77059228
  130.77059228  132.13278595  217.95098713  821.40278275 1028.45622053
 1116.99880905 1378.53999361 1578.78246304 1193.28165455  929.01608265
  499.68674063  165.57667145  118.26905104  141.92286124  118.26905104
  130.09595614  130.09595614  118.26905104  118.26905104  118.26905104
  190.7088448   749.53011094 1031.89747029 1116.16416915 1249.21685157
 1332.00518729 1451.75260147 1462.10114343 1164.95015271  960.93603967
  534.89616078  146.63819984  146.63819984  106.64596352  159.96894528
  133.3074544   119.97670896  133.3074544    93.31521808  106.64596352
  146.63819984  133.3074544   146.63819984  426.58385408  963.14635805
 1096.45381245 1283.08424861 1486.37811657 1423.05707573 1609.68751189
 1579.69333465 1473.04737113 1084.78941019  949.81561261  538.07698502
  110.78055574  126.60634942  126.60634942  158.25793677  126.60634942
  110.78055574   94.95476206  126.60634942  110.78055574  126.60634942
  126.60634942  158.25793677  712.16071546  892.17911854 1018.78546795
 1270.01994257 1414.43030988 1450.03834565 1556.86245297 1558.84067718
 1639.94786977 1141.43536895  826.89771962  389.7896734    81.52463757
  142.66811575  183.43043454  346.47970969  264.95507211  264.95507211
  285.33623151  267.50271704  142.66811575  142.66811575  203.81159393
  264.95507211  448.38550665  779.57934679 1001.2244552  1143.89257095
 1148.9878608  1210.13133898 1347.70416488 1597.37336745 1411.39528799
 1225.41720852  695.5070643   209.15336929  149.39526378  239.03242204
  388.42768582  418.30673857  358.54863306  149.39526378  268.9114748
  328.66958031  358.54863306  298.79052755  956.12968817  900.10646425
 1225.04116297  601.3159367   239.03242204  155.76875111   77.88437555
  233.65312666    0.          233.65312666   77.88437555  155.76875111
  155.76875111   77.88437555  233.65312666  389.42187777   77.88437555]
