[2.34729642e+02 4.16477182e+02 2.29646296e+02 1.88128322e+02
 2.49107847e+02 1.98507816e+02 1.01329806e+03 1.16899047e+03
 9.08205692e+02 6.03451796e+02 2.72438734e+02 1.75722983e+02
 1.85258339e+02 2.07053438e+02 1.75722983e+02 1.96155888e+02
 1.97518082e+02 3.05131382e+02 1.07204642e+03 1.39079974e+03
 1.55426298e+03 1.85122120e+03 1.95202353e+03 1.62101047e+03
 1.33494980e+03 6.66741775e+02 2.48365007e+02 1.77403577e+02
 1.47836314e+00 1.89230482e+02 1.78881940e+02 2.12884292e+02
 1.89230482e+02 1.67055035e+02 1.89230482e+02 2.97150991e+02
 9.16585146e+02 1.46062278e+03 1.77107904e+03 1.87899955e+03
 1.91448026e+03 2.24859033e+03 2.36685938e+03 1.62915618e+03
 1.44879588e+03 7.08195852e+02 1.99961182e+02 2.13291927e+02
 1.73299691e+02 2.39953418e+02 1.99961182e+02 1.86630436e+02
 1.99961182e+02 1.46638200e+02 1.73299691e+02 2.26622672e+02
 1.86630436e+02 2.39953418e+02 5.46560563e+02 1.27141985e+03
 1.60635483e+03 1.79465160e+03 1.92962540e+03 1.90629660e+03
 2.23956523e+03 2.59949536e+03 2.35787560e+03 1.76799011e+03
 1.37973215e+03 6.80509128e+02 1.74083730e+02 1.89909524e+02
 1.89909524e+02 2.37386905e+02 1.89909524e+02 1.74083730e+02
 1.58257937e+02 2.05735318e+02 1.89909524e+02 2.05735318e+02
 1.89909524e+02 2.23539336e+02 9.04048464e+02 1.16121761e+03
 1.43223433e+03 1.81205338e+03 1.89316057e+03 1.83183562e+03
 2.32045700e+03 2.57960437e+03 2.45101980e+03 2.36991260e+03
 1.41640853e+03 5.12076630e+02 1.42668116e+02 2.24192753e+02
 2.64955072e+02 4.89147825e+02 3.49027355e+02 3.69408514e+02
 4.07623188e+02 4.30551992e+02 2.03811594e+02 2.03811594e+02
 3.26098550e+02 4.07623188e+02 6.31815941e+02 9.01866303e+02
 1.32732301e+03 1.71711268e+03 1.74258913e+03 1.68144565e+03
 2.10690235e+03 2.37440507e+03 2.10690235e+03 2.35402391e+03
 1.21013134e+03 3.02525409e+02 2.39032422e+02 3.58548633e+02
 5.97581055e+02 6.27460108e+02 5.11678778e+02 2.39032422e+02
 4.48185791e+02 5.07943897e+02 5.37822950e+02 4.78064844e+02
 1.49395264e+03 1.35202714e+03 1.61720373e+03 9.33720399e+02
 3.88427686e+02 1.55768751e+02 1.55768751e+02 3.11537502e+02
 1.55768751e+02 3.89421878e+02 1.55768751e+02 3.11537502e+02
 3.11537502e+02 1.55768751e+02 3.11537502e+02 5.45190629e+02
 1.55768751e+02]
