[5.43450149e+02 1.35711879e+03 6.04605504e+02 5.00810567e+02
 5.83846516e+02 5.42328542e+02 2.75705299e+03 2.97631980e+03
 2.33927838e+03 1.94112598e+03 6.77010254e+02 4.71319010e+02
 4.68594622e+02 4.91751915e+02 4.38626362e+02 4.48161717e+02
 5.36704306e+02 7.21962645e+02 2.80475677e+03 3.10035279e+03
 3.99940061e+03 5.17088717e+03 4.52793176e+03 3.50628651e+03
 3.24202093e+03 2.16580200e+03 6.40131239e+02 4.39073852e+02
 2.95672628e+00 4.50900757e+02 4.52379120e+02 5.08556919e+02
 4.28725310e+02 4.40552215e+02 4.96730014e+02 7.96837731e+02
 2.22493652e+03 2.68766418e+03 3.14004331e+03 3.92505413e+03
 4.97025687e+03 6.29191352e+03 6.39835566e+03 4.65093043e+03
 4.14976533e+03 2.34454485e+03 5.09901013e+02 5.46560563e+02
 4.39914600e+02 5.59891308e+02 4.66576090e+02 4.03255050e+02
 4.53245345e+02 3.61596470e+02 4.16585795e+02 5.21565415e+02
 4.79906836e+02 6.79868017e+02 1.47304737e+03 3.09606563e+03
 3.06773779e+03 3.35101614e+03 4.19585213e+03 5.01735932e+03
 5.85886262e+03 8.33838127e+03 1.03179970e+04 5.81887038e+03
 4.94570656e+03 2.83083884e+03 4.74773810e+02 4.74773810e+02
 4.43122223e+02 5.69728572e+02 4.74773810e+02 4.29274653e+02
 3.97623066e+02 5.08403622e+02 4.60926241e+02 4.92577828e+02
 4.90599604e+02 6.36988195e+02 2.54201811e+03 3.51728264e+03
 3.00887902e+03 3.19681032e+03 3.54893423e+03 4.52222054e+03
 5.18690388e+03 6.92378473e+03 9.58251807e+03 7.65177124e+03
 7.52714312e+03 2.76929003e+03 4.10170833e+02 5.12076630e+02
 7.13340579e+02 1.22541721e+03 9.63009781e+02 9.83390941e+02
 1.06236793e+03 1.18720253e+03 5.70672463e+02 5.91053622e+02
 1.04198677e+03 1.26617953e+03 1.82156612e+03 3.27881902e+03
 3.13360326e+03 3.27627137e+03 3.11831739e+03 3.97942137e+03
 4.20106648e+03 5.08000398e+03 6.98564238e+03 9.13840234e+03
 6.57801919e+03 1.01962268e+03 7.17097266e+02 9.29985517e+02
 1.52383169e+03 1.50142240e+03 1.47154335e+03 6.90953095e+02
 1.49395264e+03 1.55744562e+03 1.73671994e+03 1.23251093e+03
 2.45755209e+03 2.94682158e+03 3.14850518e+03 2.97670063e+03
 1.14287377e+03 5.45190629e+02 4.67306253e+02 7.78843756e+02
 5.45190629e+02 1.01249688e+03 8.56728131e+02 1.01249688e+03
 1.01249688e+03 4.67306253e+02 7.78843756e+02 1.48953868e+03
 5.45190629e+02]
