[1.88804277e+03 5.90852675e+03 2.49626822e+03 2.18228853e+03
 2.51572977e+03 1.95264224e+03 9.31300065e+03 9.60622135e+03
 9.93836514e+03 1.17530070e+04 2.88240180e+03 2.14954161e+03
 2.12502212e+03 2.32390240e+03 2.05146367e+03 1.96155888e+03
 2.36885479e+03 2.14681722e+03 7.71546494e+03 6.63388317e+03
 6.63115878e+03 7.71818933e+03 9.75875545e+03 1.32895614e+04
 1.62373485e+04 1.63980039e+04 3.00994735e+03 2.21310962e+03
 1.77403577e+01 2.24859033e+03 2.26189560e+03 2.32990031e+03
 2.13032128e+03 2.30920322e+03 2.29441959e+03 3.30709834e+03
 6.33035096e+03 5.28219149e+03 4.88007672e+03 5.31915057e+03
 6.49592763e+03 9.00618824e+03 1.28262786e+04 1.59485815e+04
 1.89821827e+04 1.83964287e+04 2.72113841e+03 2.70780767e+03
 2.17124516e+03 2.68114618e+03 2.23789889e+03 2.22623449e+03
 2.29122187e+03 2.05293480e+03 2.79112483e+03 2.78779214e+03
 2.17124516e+03 3.46932650e+03 3.61929739e+03 4.67575896e+03
 4.05921199e+03 3.96922945e+03 4.58577643e+03 5.72888785e+03
 8.10176054e+03 1.31941053e+04 2.86344412e+04 2.22690103e+04
 2.11292315e+04 1.65221286e+04 2.62510353e+03 2.48267138e+03
 2.19582887e+03 2.99107500e+03 2.40354241e+03 2.62905997e+03
 2.53410521e+03 3.15328939e+03 3.13746360e+03 3.13746360e+03
 2.72005829e+03 3.13746360e+03 5.66563414e+03 4.21955224e+03
 3.50343508e+03 3.46980526e+03 4.05733785e+03 5.31944490e+03
 8.21358692e+03 1.66882994e+04 7.74830858e+04 3.84566786e+04
 2.12698667e+04 1.40222377e+04 2.62407427e+03 2.99348279e+03
 4.58576086e+03 8.35372771e+03 6.98819003e+03 7.93081865e+03
 9.39826213e+03 1.28910833e+04 5.18700507e+03 4.91695470e+03
 1.30897996e+04 1.61418782e+04 1.37929496e+04 5.67870054e+03
 3.74758568e+03 3.39855833e+03 3.54632173e+03 4.88128767e+03
 8.05310561e+03 1.77876569e+04 1.13930681e+05 4.13329912e+04
 1.96372471e+04 7.06266110e+03 3.96270937e+03 6.42773122e+03
 1.35128016e+04 1.44203778e+04 1.44801359e+04 8.59022767e+03
 1.86519987e+04 1.93541564e+04 1.87939242e+04 1.04838126e+04
 3.54066775e+03 4.62751830e+03 1.03941755e+04 4.92705580e+04
 1.37331596e+04 3.28087932e+03 2.26838244e+03 5.94841918e+03
 5.55899731e+03 9.85237351e+03 1.39315677e+04 1.38634188e+04
 1.36200302e+04 3.83580550e+03 3.58268128e+03 8.69384342e+03
 4.23496292e+03]
