[2.74021343e+03 9.30781091e+03 3.19558660e+03 2.61174008e+03
 2.96464287e+03 2.95426337e+03 1.65812411e+04 1.69549028e+04
 1.58079688e+04 1.53927885e+04 3.58393154e+03 2.72030076e+03
 2.82791406e+03 2.87150426e+03 2.63175817e+03 2.32254021e+03
 2.74073366e+03 3.00227485e+03 1.35674489e+04 1.21453188e+04
 1.30879568e+04 1.64661971e+04 1.94739207e+04 1.94303305e+04
 2.08633582e+04 1.65399268e+04 3.48450192e+03 2.73645017e+03
 2.21754471e+01 2.84289231e+03 2.98777190e+03 2.95081282e+03
 2.69062091e+03 2.72610163e+03 2.53243606e+03 3.27161762e+03
 1.02775805e+04 9.13628419e+03 9.56796623e+03 1.29918553e+04
 2.62675562e+04 4.18199364e+04 2.84200530e+04 1.86155486e+04
 1.88402598e+04 1.40506057e+04 2.92276594e+03 2.98941966e+03
 2.55950312e+03 3.25770092e+03 2.80112289e+03 3.01941384e+03
 2.86777661e+03 2.32121605e+03 3.15272130e+03 3.14938861e+03
 2.27789113e+03 2.62615685e+03 5.18565998e+03 7.27858701e+03
 7.07862583e+03 8.01844338e+03 1.13144702e+04 2.17291151e+04
 1.81298138e+05 8.23040223e+04 2.10292509e+04 1.57769372e+04
 1.62501787e+04 1.12363135e+04 2.51432297e+03 2.72203651e+03
 2.60927773e+03 3.56278180e+03 3.05437818e+03 3.47178349e+03
 3.44211012e+03 3.86940655e+03 3.32935134e+03 3.05833463e+03
 2.08307009e+03 2.75368810e+03 7.09391202e+03 5.74674133e+03
 5.60628741e+03 6.49451008e+03 9.18291678e+03 1.64588254e+04
 4.41856159e+04 4.49136025e+04 1.77723663e+04 1.29534121e+04
 1.28584574e+04 8.20086901e+03 2.70559891e+03 3.40365362e+03
 5.28381557e+03 1.34362793e+04 1.03892960e+04 9.93836285e+03
 1.10211119e+04 1.41801916e+04 5.57424709e+03 4.01508840e+03
 7.35250325e+03 8.88873314e+03 8.27984600e+03 5.55641358e+03
 4.99847934e+03 5.71436756e+03 7.21747807e+03 1.22388862e+04
 2.34790956e+04 7.82432709e+04 1.41750964e+04 1.01854844e+04
 1.00428163e+04 6.15881975e+03 5.37449461e+03 7.53699106e+03
 1.63363721e+04 1.72402134e+04 1.71281670e+04 7.24193541e+03
 8.64625089e+03 9.81900371e+03 8.37360453e+03 8.13830699e+03
 5.88617339e+03 1.12083797e+04 2.08331695e+04 1.25865510e+04
 6.31194989e+03 4.29337620e+03 4.45888050e+03 9.08326530e+03
 6.41572544e+03 1.18871028e+04 8.37257037e+03 9.24876960e+03
 9.00538092e+03 2.96934182e+03 7.34060240e+03 1.71442982e+04
 4.77041800e+03]
