[1.57932226e+03 4.40350017e+03 2.14077056e+03 1.89036528e+03
 2.22380651e+03 1.55562661e+03 7.22412756e+03 7.49658927e+03
 7.70417914e+03 8.96868312e+03 2.46420835e+03 1.74360790e+03
 1.71908841e+03 1.96292108e+03 1.72181280e+03 1.72045060e+03
 2.06236122e+03 1.81852855e+03 6.45679799e+03 5.44605029e+03
 5.26079195e+03 5.89829859e+03 7.34767265e+03 9.71244086e+03
 1.31260982e+04 1.37073830e+04 2.56939513e+03 1.74742523e+03
 1.47836314e+01 1.85534574e+03 1.87012937e+03 1.87752119e+03
 1.73855505e+03 2.00022533e+03 2.05640312e+03 3.36771123e+03
 5.56751558e+03 4.56666373e+03 4.05662845e+03 4.17637586e+03
 4.87564163e+03 6.50775453e+03 8.97070752e+03 1.24478176e+04
 1.66463689e+04 1.76699031e+04 2.37287269e+03 2.14458367e+03
 1.75465937e+03 2.11792218e+03 1.78132086e+03 1.78465355e+03
 1.88796682e+03 1.67800758e+03 2.06626554e+03 2.31788336e+03
 2.07792995e+03 3.46932650e+03 4.00922169e+03 4.31416249e+03
 3.53764657e+03 3.25936726e+03 3.52598217e+03 4.06754370e+03
 5.43227877e+03 7.95178966e+03 1.29208250e+04 1.85030747e+04
 2.11292315e+04 1.75428923e+04 2.18000308e+03 1.92481216e+03
 1.70127282e+03 2.38573840e+03 1.97228954e+03 2.16615551e+03
 2.07317897e+03 2.50047540e+03 2.50047540e+03 3.07218220e+03
 2.88029445e+03 3.80610338e+03 5.77443647e+03 4.28285541e+03
 3.26604817e+03 2.92777183e+03 3.05437818e+03 3.71114862e+03
 5.36098761e+03 8.68836073e+03 1.77644534e+04 3.73805247e+04
 2.52104893e+04 1.60348772e+04 2.03047300e+03 2.29797572e+03
 3.19474673e+03 6.08377608e+03 5.26598206e+03 5.67615289e+03
 6.26720651e+03 7.84674637e+03 4.38449691e+03 4.67238079e+03
 1.22337909e+04 1.50820580e+04 1.36502815e+04 6.37420760e+03
 3.78834800e+03 2.98838750e+03 2.62662192e+03 3.36289130e+03
 5.10038514e+03 8.83268495e+03 2.17161253e+04 8.67014521e+04
 2.63222674e+04 4.44824398e+03 2.84971466e+03 4.11210464e+03
 9.16166455e+03 1.00057478e+04 1.10291053e+04 7.36145162e+03
 2.05493185e+04 2.12066577e+04 2.36642098e+04 1.21943884e+04
 2.93935181e+03 3.09621684e+03 5.40437367e+03 1.44539918e+04
 9.01600417e+03 3.12511057e+03 1.72319181e+03 2.03472931e+03
 2.97907736e+03 6.56175864e+03 1.27535665e+04 1.21402270e+04
 1.46422626e+04 3.44638362e+03 2.80383752e+03 4.77041800e+03
 8.00261959e+03]
