[2.08322557e+03 6.63768617e+03 2.67401704e+03 2.31851939e+03
 2.66234011e+03 2.13039107e+03 1.05014527e+04 1.08413811e+04
 1.09607453e+04 1.28482107e+04 3.13304544e+03 2.35795724e+03
 2.36613040e+03 2.51052293e+03 2.22582446e+03 2.11548677e+03
 2.48872783e+03 2.36613040e+03 8.71803949e+03 7.42123111e+03
 7.58469435e+03 8.99047822e+03 1.14696707e+04 1.39652095e+04
 1.73107572e+04 1.71076182e+04 3.16369712e+03 2.42747227e+03
 1.92187208e+01 2.41564537e+03 2.44077754e+03 2.54426296e+03
 2.30920322e+03 3.45493465e+03 2.37868629e+03 3.28344453e+03
 6.98378746e+03 5.83066422e+03 5.52168632e+03 6.18842810e+03
 7.76731993e+03 1.12296464e+04 1.83198760e+04 1.76634828e+04
 1.95025665e+04 1.80764908e+04 2.84278147e+03 2.89443810e+03
 2.34621120e+03 2.90943519e+03 2.50451380e+03 2.45452350e+03
 2.51951089e+03 2.37453903e+03 3.43433329e+03 2.86944296e+03
 2.25122964e+03 3.37601128e+03 4.08920616e+03 5.02735737e+03
 4.47579778e+03 4.47913047e+03 5.32563280e+03 6.97531255e+03
 1.02080183e+04 1.91496158e+04 3.77126789e+04 2.26422711e+04
 2.08026283e+04 1.53747586e+04 2.62510353e+03 2.56377858e+03
 2.38573840e+03 3.27593929e+03 2.68840670e+03 2.93172828e+03
 2.77347034e+03 3.50343508e+03 3.40848031e+03 3.05833463e+03
 2.67258091e+03 3.21659256e+03 5.85752188e+03 4.44111335e+03
 3.80610338e+03 3.91490571e+03 4.77345502e+03 6.47868429e+03
 1.05162399e+04 2.69355008e+04 1.88263642e+05 2.99898790e+04
 1.96081584e+04 1.27942728e+04 2.72598007e+03 3.28136666e+03
 4.69021431e+03 9.07471122e+03 8.33844184e+03 9.38552390e+03
 1.03612719e+04 1.36910438e+04 5.49272246e+03 5.02140815e+03
 1.24783648e+04 1.55253482e+04 1.27280340e+04 5.71946285e+03
 3.91063496e+03 3.74758568e+03 4.10170833e+03 5.82391630e+03
 9.99950633e+03 2.58229290e+04 1.82044516e+05 3.74707615e+04
 1.77927522e+04 7.09254015e+03 4.38101611e+03 6.87591702e+03
 1.47751916e+04 1.56491539e+04 1.56267446e+04 8.68359971e+03
 1.74194878e+04 1.82635710e+04 1.73522599e+04 9.79285954e+03
 3.90295127e+03 5.43798760e+03 1.20711373e+04 1.11986690e+05
 1.08162171e+04 4.44914495e+03 2.73568869e+03 7.43795787e+03
 6.73699849e+03 1.12640278e+04 1.42431052e+04 1.43307251e+04
 1.33084927e+04 3.75792112e+03 3.89421878e+03 1.19747227e+04
 5.09169105e+03]
