[1.15961546e+03 2.23418600e+03 1.60882151e+03 1.44274961e+03
 1.74245749e+03 1.10671351e+03 4.54102846e+03 5.77359333e+03
 4.99123900e+03 3.69563143e+03 1.72998596e+03 1.27228889e+03
 1.24913160e+03 1.53519227e+03 1.31587908e+03 1.33631199e+03
 1.63463240e+03 1.47934233e+03 4.12063585e+03 5.71848902e+03
 6.87090487e+03 8.74800775e+03 1.03717426e+04 9.94946256e+03
 8.15409131e+03 4.97321360e+03 1.72377142e+03 1.16495015e+03
 1.03485420e+01 1.39261808e+03 1.42957715e+03 1.42662043e+03
 1.32165665e+03 1.54784621e+03 1.67646380e+03 3.01142571e+03
 4.10393607e+03 4.80320184e+03 5.73604898e+03 6.55506215e+03
 8.24039613e+03 1.16554150e+04 1.43460359e+04 1.14011365e+04
 1.41568054e+04 7.57519610e+03 1.40639364e+03 1.43305513e+03
 1.19310172e+03 1.54136744e+03 1.28475059e+03 1.31474477e+03
 1.40639364e+03 1.26142179e+03 1.52970304e+03 1.78298720e+03
 1.71633348e+03 2.66614909e+03 3.33768539e+03 4.61243792e+03
 5.11733991e+03 5.41561534e+03 6.64870929e+03 8.51834634e+03
 1.25775583e+04 1.05612831e+04 1.13344663e+04 1.71433386e+04
 1.84164248e+04 8.87827025e+03 1.23836836e+03 1.21067322e+03
 1.14341359e+03 1.66962123e+03 1.38277872e+03 1.43421255e+03
 1.43421255e+03 1.68940348e+03 1.70522927e+03 1.88129122e+03
 2.16417729e+03 3.23241836e+03 4.50046008e+03 4.83873642e+03
 4.76158567e+03 3.99403468e+03 3.69136638e+03 6.36790373e+03
 1.16319584e+04 1.12007055e+04 1.31195830e+04 2.29553137e+04
 2.29236621e+04 8.26201249e+03 1.14898786e+03 1.51839637e+03
 2.12983116e+03 3.80872916e+03 3.01386395e+03 3.40365362e+03
 3.95139728e+03 5.04178930e+03 2.54000199e+03 3.01131630e+03
 8.11170144e+03 9.99695868e+03 1.00020540e+04 6.19077717e+03
 4.89657354e+03 2.92724402e+03 2.50178732e+03 5.47488894e+03
 8.66963568e+03 8.00979564e+03 1.20707417e+04 1.45062902e+04
 1.92245286e+04 3.51452358e+03 2.24839872e+03 2.16249644e+03
 3.59669098e+03 4.56402531e+03 6.37170800e+03 4.11583952e+03
 1.29450996e+04 1.38452061e+04 1.78751433e+04 8.62384160e+03
 2.45755209e+03 3.27549116e+03 5.43425272e+03 7.90300945e+03
 3.90668615e+03 1.71345626e+03 1.24615001e+03 1.64530743e+03
 1.33376993e+03 2.49230002e+03 5.70503051e+03 5.71476606e+03
 6.57149419e+03 2.34626681e+03 1.71345626e+03 3.36849924e+03
 1.80107618e+03]
