[1.77450506e+03 5.18585450e+03 2.34965787e+03 2.05773461e+03
 2.39117584e+03 1.78527290e+03 8.12195376e+03 8.49821040e+03
 8.79143110e+03 1.04153328e+04 2.71757637e+03 1.95338572e+03
 1.89617359e+03 2.16997452e+03 1.90843333e+03 1.85258339e+03
 2.25851710e+03 1.96155888e+03 6.79462202e+03 5.93916440e+03
 5.84381084e+03 6.71016602e+03 8.50826166e+03 1.11372954e+04
 1.48806036e+04 1.50852175e+04 2.86654612e+03 2.02092241e+03
 1.62619945e+01 2.06970839e+03 2.07266512e+03 2.08153530e+03
 1.92926390e+03 2.14362655e+03 2.17615054e+03 3.45049956e+03
 5.77005133e+03 4.79433166e+03 4.34490926e+03 4.65240880e+03
 5.62517174e+03 7.64905088e+03 1.06146473e+04 1.52803614e+04
 1.81247321e+04 1.81564753e+04 2.62782319e+03 2.47951865e+03
 2.03627137e+03 2.42619567e+03 2.03627137e+03 2.01294256e+03
 2.10292509e+03 1.87963511e+03 2.29455456e+03 2.54617238e+03
 2.15791442e+03 3.55097732e+03 3.95423237e+03 4.38081622e+03
 3.69761552e+03 3.51431777e+03 3.96922945e+03 4.83072888e+03
 6.66537272e+03 1.01646934e+04 1.79631795e+04 2.25289598e+04
 2.17691073e+04 1.73767215e+04 2.48069316e+03 2.22748046e+03
 1.98811533e+03 2.76753567e+03 2.28880541e+03 2.43717223e+03
 2.37386905e+03 2.83479529e+03 3.23241836e+03 3.47178349e+03
 2.89612024e+03 3.35902471e+03 5.63398255e+03 4.18592243e+03
 3.31352555e+03 3.13548537e+03 3.45397947e+03 4.45891737e+03
 6.68441960e+03 1.19524307e+04 3.40729338e+04 4.88383993e+04
 2.37466034e+04 1.52145355e+04 2.39733387e+03 2.72598007e+03
 3.89025380e+03 7.33212209e+03 6.22899184e+03 6.59840035e+03
 7.66076829e+03 1.01421744e+04 4.87619238e+03 4.91695470e+03
 1.32579442e+04 1.60144960e+04 1.39203319e+04 6.04556141e+03
 3.76796684e+03 3.15398442e+03 3.05462626e+03 4.14247065e+03
 6.55509039e+03 1.25802706e+04 4.42678782e+04 7.48192361e+04
 2.27963268e+04 6.15881975e+03 3.60042586e+03 5.34461556e+03
 1.12644029e+04 1.25865510e+04 1.29787135e+04 8.89275308e+03
 2.01608908e+04 2.04298023e+04 2.13187041e+04 1.14772911e+04
 3.20826329e+03 3.96644425e+03 7.53699106e+03 2.50012974e+04
 1.50851868e+04 2.95960627e+03 1.95684494e+03 3.36849924e+03
 4.77041800e+03 8.20706607e+03 1.37757989e+04 1.30066907e+04
 1.47882958e+04 3.60215237e+03 3.27114377e+03 5.48111293e+03
 5.48111293e+03]
