[1.66224306e+03 4.80051580e+03 2.23548344e+03 1.93318069e+03
 2.30684246e+03 1.63995999e+03 7.56924572e+03 7.87284591e+03
 8.16347173e+03 9.69064577e+03 2.57454604e+03 1.83215049e+03
 1.76540300e+03 2.05010147e+03 1.80899319e+03 1.76540300e+03
 2.13864406e+03 1.88391385e+03 6.43227851e+03 5.60134037e+03
 5.50190023e+03 6.24974456e+03 7.82988921e+03 1.03472231e+04
 1.41995068e+04 1.43756032e+04 2.72314490e+03 1.84351883e+03
 1.47836314e+01 1.92778553e+03 1.97657152e+03 1.96178788e+03
 1.83317029e+03 2.08301366e+03 2.10518911e+03 3.36771123e+03
 5.62665010e+03 4.66127897e+03 4.17637586e+03 4.37891161e+03
 5.19792479e+03 7.01926818e+03 9.63892766e+03 1.31633454e+04
 1.70780510e+04 1.78365374e+04 2.46785425e+03 2.26456038e+03
 1.84964093e+03 2.25122964e+03 1.90129757e+03 1.89129951e+03
 1.98294838e+03 1.79798429e+03 2.17457785e+03 2.41286492e+03
 2.11792218e+03 3.51098508e+03 4.08920616e+03 4.32749324e+03
 3.60430030e+03 3.36601322e+03 3.72760969e+03 4.41580943e+03
 5.96717493e+03 9.05157615e+03 1.53303573e+04 2.11358969e+04
 2.11825545e+04 1.74479375e+04 2.29078363e+03 2.03559271e+03
 1.79820581e+03 2.55982213e+03 2.08504832e+03 2.27891429e+03
 2.23143691e+03 2.67455913e+03 2.80314371e+03 3.40650209e+03
 2.92777183e+03 3.48760928e+03 5.75861067e+03 4.23537803e+03
 3.28187396e+03 3.03855239e+03 3.24626593e+03 4.04546851e+03
 5.95049842e+03 1.00612483e+04 2.45141544e+04 4.42489191e+04
 2.43875481e+04 1.55406340e+04 2.09161648e+03 2.44064384e+03
 3.45970181e+03 6.61623387e+03 5.67615289e+03 6.06594256e+03
 6.65699619e+03 8.93459075e+03 4.66983315e+03 4.89657354e+03
 1.25191272e+04 1.54896811e+04 1.37521873e+04 6.19077717e+03
 3.78834800e+03 3.09029329e+03 2.85081467e+03 3.75268097e+03
 5.73729637e+03 1.05115830e+04 2.85234326e+04 8.37665651e+04
 2.41924362e+04 6.03930354e+03 3.20826329e+03 4.68354152e+03
 9.97213386e+03 1.10851286e+04 1.18955979e+04 7.93288851e+03
 2.07285928e+04 2.06389557e+04 2.24018198e+04 1.18059607e+04
 3.08874708e+03 3.51825846e+03 6.30448013e+03 1.94139145e+04
 1.79124921e+04 2.80383752e+03 1.80107618e+03 2.26838244e+03
 3.99157425e+03 7.35033794e+03 1.36102946e+04 1.24517645e+04
 1.47980314e+04 3.52426799e+03 3.03749065e+03 4.06945862e+03
 6.42546098e+03]
