[1.72347688e+03 3.30846359e+03 1.35711879e+03 1.19104689e+03
 1.68926259e+03 2.71294015e+03 1.18378125e+04 8.60200534e+03
 6.31592187e+03 3.91358241e+03 1.40169729e+03 9.44000213e+02
 9.95763572e+02 1.05025132e+03 1.10746345e+03 1.45754723e+03
 2.42198034e+03 4.71046571e+03 1.97245643e+04 1.58668319e+04
 9.90587237e+03 9.14304391e+03 7.88437696e+03 6.43227851e+03
 6.10262764e+03 4.25177238e+03 1.36748590e+03 9.63892766e+02
 7.39181569e+00 9.15106782e+02 9.75719671e+02 1.24626013e+03
 1.46357951e+03 1.83169193e+03 4.37447653e+03 1.02036624e+04
 4.27306081e+04 2.79824575e+04 1.46121413e+04 6.75907627e+03
 4.84903109e+03 5.29254003e+03 7.43616658e+03 5.31767221e+03
 5.35019620e+03 2.86777661e+03 1.28641693e+03 1.00313859e+03
 9.09823376e+02 1.00480494e+03 9.49815613e+02 9.93140535e+02
 1.12478165e+03 1.12644799e+03 1.34140626e+03 2.04793577e+03
 3.68428477e+03 1.05846119e+04 4.46206711e+06 5.64956992e+04
 1.44771895e+04 1.20143343e+04 9.95140147e+03 6.27711476e+03
 6.42375296e+03 6.58205556e+03 5.41394899e+03 3.56597441e+03
 4.22251362e+03 2.59147371e+03 1.20869499e+03 9.85155656e+02
 9.83177432e+02 1.09593621e+03 1.04845883e+03 1.08406687e+03
 1.02076369e+03 1.32145377e+03 1.51334152e+03 1.91096459e+03
 2.97327099e+03 6.28679654e+03 3.95170068e+04 2.67455913e+04
 1.50938507e+04 1.31116701e+04 7.12952005e+03 6.08106122e+03
 5.36296583e+03 4.93369118e+03 4.31450700e+03 3.30759088e+03
 3.48563106e+03 2.60369311e+03 1.47508641e+03 1.27127482e+03
 1.71711268e+03 3.84949148e+03 3.23805670e+03 2.89157699e+03
 2.90686286e+03 2.99348279e+03 1.92347192e+03 1.98716304e+03
 3.31703369e+03 5.63284293e+03 1.98002964e+04 1.52094402e+04
 1.49190087e+04 1.03485337e+04 5.49527010e+03 3.83420561e+03
 3.58453641e+03 3.29920018e+03 3.80872916e+03 3.25843786e+03
 3.38327246e+03 5.80027112e+03 4.77317868e+03 3.72367695e+03
 4.29137895e+03 4.17559762e+03 3.90668615e+03 2.19237550e+03
 3.29790045e+03 4.74703451e+03 6.51736838e+03 4.50800208e+03
 4.40716028e+03 2.55465901e+03 2.63682641e+03 4.80679261e+03
 5.83015017e+03 3.59241682e+03 2.73568869e+03 3.29061487e+03
 2.50203556e+03 3.59241682e+03 2.26838244e+03 5.01380668e+03
 3.83580550e+03 1.64530743e+03 2.64806877e+03 4.22522737e+03
 3.99157425e+03]
