[3.05531246e+03 7.28640452e+03 3.18390967e+03 3.30067897e+03
 3.57962786e+03 5.24813146e+03 2.26791936e+04 1.59532817e+04
 1.17340175e+04 9.38279000e+03 3.04314066e+03 2.70940321e+03
 4.19828089e+03 2.76116657e+03 2.57727042e+03 2.57454604e+03
 3.92447996e+03 6.47586871e+03 2.76143901e+04 3.96343870e+04
 2.24925419e+04 1.35946928e+04 1.04616474e+04 9.84321146e+03
 1.13062075e+04 8.63659745e+03 2.68766418e+03 2.24711197e+03
 2.06970839e+01 2.42747227e+03 2.29737632e+03 2.65366183e+03
 2.39199156e+03 2.72462326e+03 3.54363644e+03 6.20912518e+03
 2.48838083e+04 6.26116356e+04 3.24265353e+06 2.29441959e+04
 1.12296464e+04 8.28179030e+03 7.06953253e+03 7.04587872e+03
 8.68094835e+03 7.34524074e+03 2.17291151e+03 2.45119082e+03
 2.19790665e+03 2.92276594e+03 2.31788336e+03 2.22790083e+03
 2.15624807e+03 1.99961182e+03 2.50784649e+03 3.02774556e+03
 2.81278729e+03 4.03255050e+03 1.23875952e+04 2.40753263e+04
 8.10775938e+04 3.90457534e+04 2.30155320e+04 9.17488555e+03
 6.39709147e+03 5.24231564e+03 5.15899849e+03 5.36562504e+03
 7.04529897e+03 5.91884684e+03 1.98811533e+03 2.11867813e+03
 2.21165467e+03 2.91194604e+03 2.40156419e+03 2.40552064e+03
 2.23143691e+03 2.62708175e+03 2.61125596e+03 2.57960437e+03
 2.63895110e+03 3.47178349e+03 1.35864439e+04 1.42946481e+04
 2.76951389e+04 1.65537802e+04 1.12917038e+04 1.06982365e+04
 5.50144153e+03 4.45496092e+03 4.04546851e+03 4.50046008e+03
 5.47572461e+03 5.00357463e+03 2.25466576e+03 2.78967119e+03
 4.07368423e+03 8.82758966e+03 7.31428858e+03 6.80221195e+03
 7.06461937e+03 7.31428858e+03 3.56415525e+03 2.78712355e+03
 4.42271159e+03 5.77296340e+03 8.17794021e+03 1.11281130e+04
 1.52705837e+04 1.05727264e+04 7.44167082e+03 6.29268296e+03
 5.83665452e+03 3.93356376e+03 3.76796684e+03 3.97432608e+03
 5.02140815e+03 8.29143714e+03 7.32783769e+03 6.99916811e+03
 1.10776588e+04 1.14735563e+04 1.15071702e+04 4.38475099e+03
 5.01221110e+03 5.37449461e+03 7.35771674e+03 1.16565655e+04
 8.68359971e+03 5.37822950e+03 4.11210464e+03 5.91978733e+03
 6.96928906e+03 5.39349301e+03 5.01380668e+03 8.61595905e+03
 4.85803793e+03 8.45045475e+03 4.30311175e+03 7.52557779e+03
 3.98183870e+03 4.38099612e+03 4.60491370e+03 6.02630356e+03
 6.34757661e+03]
