[3.67402918e+02 8.53713351e+02 1.98507816e+02 1.67369335e+02
 2.49107847e+02 5.00810567e+02 3.20466866e+03 2.45345281e+03
 1.86830885e+03 1.03118061e+03 2.28848536e+02 1.32132786e+02
 1.41668142e+02 1.63463240e+02 1.32132786e+02 1.63463240e+02
 2.41108280e+02 5.89829859e+02 4.20645405e+03 3.36053178e+03
 2.32254021e+03 1.99425153e+03 1.78719809e+03 1.77493835e+03
 1.87165410e+03 8.81104430e+02 2.12884292e+02 1.41922861e+02
 1.47836314e+00 1.30095956e+02 1.07920509e+02 1.53749766e+02
 1.41922861e+02 1.31574319e+02 2.24711197e+02 4.99686741e+02
 4.91407907e+03 4.97469196e+03 2.35355412e+03 1.78438431e+03
 1.58184856e+03 1.21373614e+03 1.24773849e+03 1.37931281e+03
 1.47392805e+03 7.89846667e+02 1.48304543e+02 1.73299691e+02
 1.19976709e+02 1.59968945e+02 1.33307454e+02 1.19976709e+02
 1.33307454e+02 1.06645964e+02 1.19976709e+02 1.86630436e+02
 2.13291927e+02 4.79906836e+02 2.82778438e+03 5.65890144e+03
 2.98941966e+03 2.61615879e+03 1.70133639e+03 1.34140626e+03
 1.31474477e+03 1.15144314e+03 1.06979232e+03 1.09812016e+03
 1.24475836e+03 6.48857541e+02 1.58257937e+02 1.42432143e+02
 1.42432143e+02 1.74083730e+02 1.26606349e+02 1.26606349e+02
 1.10780556e+02 1.42432143e+02 1.42432143e+02 1.58257937e+02
 1.89909524e+02 4.45100447e+02 5.56870115e+03 5.12953538e+03
 2.62905997e+03 1.71709861e+03 1.20869499e+03 1.13154425e+03
 1.12758780e+03 8.26897720e+02 7.95246132e+02 9.37678275e+02
 1.06626285e+03 4.71314311e+02 1.42668116e+02 1.83430435e+02
 2.03811594e+02 4.28004347e+02 3.08265036e+02 3.26098550e+02
 3.46479710e+02 3.66860869e+02 1.83430435e+02 1.83430435e+02
 2.64955072e+02 4.07623188e+02 1.53368224e+03 3.42658242e+03
 2.02792536e+03 1.22541721e+03 8.20341666e+02 8.20341666e+02
 8.38175180e+02 7.74484057e+02 8.35627535e+02 9.60462136e+02
 7.99960506e+02 4.78064844e+02 3.28669580e+02 3.58548633e+02
 5.07943897e+02 5.37822950e+02 4.78064844e+02 1.79274317e+02
 3.28669580e+02 3.88427686e+02 5.07943897e+02 4.22041620e+02
 7.17097266e+02 5.71436884e+02 6.87218213e+02 4.22041620e+02
 3.92162567e+02 2.33653127e+02 7.78843756e+01 3.11537502e+02
 7.78843756e+01 3.11537502e+02 1.55768751e+02 2.33653127e+02
 2.33653127e+02 7.78843756e+01 2.33653127e+02 3.11537502e+02
 1.55768751e+02]
