[2.57437183e+03 6.05383966e+03 2.51572977e+03 2.46512974e+03
 3.19299173e+03 4.78883887e+03 1.77904521e+04 1.29899363e+04
 9.68925730e+03 7.62828455e+03 2.49690100e+03 2.02966857e+03
 2.15771477e+03 2.37839015e+03 2.36749260e+03 2.37702795e+03
 4.18738334e+03 8.05328897e+03 3.03823676e+04 2.26233125e+04
 1.38507852e+04 9.99577715e+03 8.22492538e+03 8.06691091e+03
 9.55170201e+03 6.92465294e+03 2.14066982e+03 1.84204047e+03
 1.47836314e+01 1.86717264e+03 2.09484057e+03 2.30772486e+03
 2.14214819e+03 2.43929918e+03 3.85113597e+03 8.39710262e+03
 4.31090691e+04 1.48120160e+05 2.63266908e+04 1.11586850e+04
 7.65792105e+03 6.23277899e+03 5.58082085e+03 5.77152969e+03
 7.25284955e+03 5.50893055e+03 1.94462249e+03 1.80964869e+03
 1.72799788e+03 2.10459144e+03 2.02294062e+03 1.85130727e+03
 1.75465937e+03 1.78465355e+03 2.22623449e+03 2.66614909e+03
 3.28102972e+03 5.61391017e+03 1.93495770e+04 7.37723453e+04
 4.16185873e+04 1.56502951e+04 1.16110793e+04 6.07715358e+03
 4.66742725e+03 4.07587542e+03 4.19251944e+03 4.38581525e+03
 5.78887621e+03 4.51628587e+03 1.62214385e+03 1.76655422e+03
 1.82787917e+03 2.11472168e+03 1.97426776e+03 1.99009355e+03
 1.86348721e+03 2.18198130e+03 2.16417729e+03 2.38771662e+03
 2.79918726e+03 4.28285541e+03 1.72105506e+04 2.53370957e+04
 1.84687012e+04 1.00216838e+04 7.00093548e+03 6.30460056e+03
 3.92875328e+03 3.35902471e+03 3.23241836e+03 3.72301796e+03
 4.63102287e+03 4.32590108e+03 2.00754420e+03 2.23683224e+03
 3.21258025e+03 6.82004546e+03 6.04301376e+03 5.57424709e+03
 5.77551104e+03 5.87996448e+03 3.00876866e+03 2.64190779e+03
 4.01254076e+03 5.60991412e+03 9.71417010e+03 1.43840032e+04
 1.31101808e+04 7.43657553e+03 5.26598206e+03 4.12208949e+03
 3.76796684e+03 2.97055398e+03 3.04953097e+03 3.38072481e+03
 4.34628224e+03 7.72373514e+03 6.78627986e+03 5.82641529e+03
 7.56687011e+03 8.64998577e+03 7.42120973e+03 3.54440263e+03
 4.43703933e+03 5.28485746e+03 7.77602348e+03 1.18657188e+04
 5.82268041e+03 3.69753278e+03 3.02898897e+03 5.64714097e+03
 6.87965190e+03 4.83856683e+03 3.99157425e+03 6.26969223e+03
 3.75792112e+03 6.57149419e+03 3.12511057e+03 6.50334536e+03
 3.35876370e+03 3.44638362e+03 3.73845003e+03 4.61464925e+03
 5.40322855e+03]
