[9.63156954e+02 2.82711458e+03 8.25169743e+02 7.62892781e+02
 1.00032370e+03 1.72169850e+03 1.35504289e+04 8.95750300e+03
 7.03729668e+03 3.25700506e+03 8.96323435e+02 6.47041993e+02
 6.77010254e+02 6.87907803e+02 6.47041993e+02 7.23324839e+02
 1.18374630e+03 2.71485198e+03 1.17911484e+04 1.40687362e+04
 1.11563662e+04 9.75603106e+03 8.53005676e+03 7.45392376e+03
 7.75633075e+03 2.99812044e+03 8.30840084e+02 6.51958144e+02
 4.43508941e+00 6.16477429e+02 5.95780345e+02 7.58400290e+02
 6.66741775e+02 7.49530111e+02 1.25808703e+03 3.75652073e+03
 3.76450389e+04 2.92242825e+04 1.83257895e+04 9.82815814e+03
 8.22856923e+03 6.92465294e+03 6.18547137e+03 5.55568867e+03
 5.64734719e+03 2.77446139e+03 6.83200704e+02 6.56539213e+02
 6.01549888e+02 7.08195852e+02 6.39875781e+02 6.29877722e+02
 6.26545036e+02 5.36562504e+02 6.69869958e+02 8.69831140e+02
 1.10978456e+03 2.36954000e+03 6.67337117e+04 4.50845811e+04
 1.84230902e+04 1.14744391e+04 8.78162856e+03 6.90865882e+03
 6.10048238e+03 4.02088609e+03 4.25917317e+03 4.00922169e+03
 4.07254273e+03 2.06724430e+03 6.35009971e+02 6.48857541e+02
 6.33031747e+02 7.43812303e+02 6.35009971e+02 6.21162402e+02
 5.57859227e+02 7.16117164e+02 6.84465577e+02 7.95246132e+02
 9.51525845e+02 1.86150898e+03 2.64686399e+04 2.61758627e+04
 8.19776112e+03 5.44011658e+03 7.50933910e+03 7.14732407e+03
 6.55385681e+03 5.40846499e+03 3.72499619e+03 3.46584882e+03
 3.59838984e+03 1.76297029e+03 6.75125905e+02 7.59198187e+02
 1.04198677e+03 2.20880815e+03 1.86487608e+03 1.80373261e+03
 1.88016195e+03 1.92601956e+03 9.40080977e+02 8.78937499e+02
 1.47253877e+03 2.10690235e+03 6.39458876e+03 1.20146935e+04
 7.78305524e+03 4.50423623e+03 6.35637409e+03 6.66209148e+03
 5.34495905e+03 4.56792735e+03 3.78834800e+03 2.76419474e+03
 2.78712355e+03 2.34550564e+03 1.91972914e+03 1.89358497e+03
 2.58080318e+03 2.70405427e+03 2.55465901e+03 1.13913889e+03
 1.76286411e+03 2.06912440e+03 2.61068223e+03 2.31189171e+03
 4.70968569e+03 4.26896966e+03 3.41741666e+03 2.67417522e+03
 2.31189171e+03 1.32403438e+03 1.16826563e+03 1.56742306e+03
 1.16826563e+03 1.79134064e+03 1.09038126e+03 1.80107618e+03
 1.63557189e+03 7.78843756e+02 1.24615001e+03 2.11261369e+03
 1.55768751e+03]
