[2.96218602e+03 7.07881465e+03 3.04767882e+03 3.29029948e+03
 3.52773040e+03 5.25851096e+03 2.19318700e+04 1.57456918e+04
 1.15264277e+04 9.09945371e+03 2.93280297e+03 2.56637287e+03
 3.35372081e+03 2.71757637e+03 2.55411313e+03 2.50916074e+03
 3.90268486e+03 6.58211981e+03 2.80502920e+04 4.27619837e+04
 2.18332401e+04 1.35075124e+04 1.03090817e+04 9.64705557e+03
 1.11754369e+04 8.25813649e+03 2.59304894e+03 2.14066982e+03
 1.92187208e+01 2.44964772e+03 2.19093417e+03 2.56939513e+03
 2.27372251e+03 2.65366183e+03 3.48302355e+03 6.86551841e+03
 2.53214038e+04 7.82941118e+04 1.97083547e+05 2.11346794e+04
 1.08955363e+04 8.08960309e+03 6.85369151e+03 6.80934061e+03
 8.51241495e+03 6.91532420e+03 2.11792218e+03 2.34454485e+03
 2.10292509e+03 2.92276594e+03 2.22456815e+03 2.14625002e+03
 2.02294062e+03 1.94462249e+03 2.41453127e+03 2.90776885e+03
 2.75946431e+03 4.12586571e+03 1.28375079e+04 2.57949924e+04
 1.14911026e+05 3.52998139e+04 2.14558348e+04 8.82495348e+03
 6.19546394e+03 5.09401110e+03 5.02569103e+03 5.29730497e+03
 6.88199733e+03 5.79224049e+03 1.89316057e+03 2.02174514e+03
 2.08307009e+03 2.83083884e+03 2.29078363e+03 2.32639167e+03
 2.13450392e+03 2.48464961e+03 2.48464961e+03 2.48464961e+03
 2.59147371e+03 3.47178349e+03 1.39346113e+04 1.53431070e+04
 3.18256711e+04 1.59484436e+04 1.07852784e+04 1.02511579e+04
 5.26405462e+03 4.27889897e+03 3.91688394e+03 4.37385373e+03
 5.31746668e+03 4.90166883e+03 2.11199764e+03 2.68521775e+03
 3.86987264e+03 8.47856231e+03 7.04933351e+03 6.53725688e+03
 6.79966430e+03 7.04933351e+03 3.40110597e+03 2.72343242e+03
 4.23928115e+03 5.58953296e+03 8.15755905e+03 1.13523058e+04
 1.69622199e+04 1.03052237e+04 7.25569274e+03 6.00479909e+03
 5.42648369e+03 3.77051449e+03 3.62529873e+03 3.86987264e+03
 4.89912119e+03 7.87313040e+03 7.14482849e+03 6.78627986e+03
 1.06854962e+04 1.09954914e+04 1.09357333e+04 4.08596046e+03
 4.82920190e+03 5.25497840e+03 7.41747485e+03 1.40282153e+04
 8.25782321e+03 5.10931802e+03 3.90295127e+03 5.71063396e+03
 6.81989379e+03 4.99433558e+03 4.62438480e+03 7.99288404e+03
 4.39073167e+03 7.97341295e+03 3.99157425e+03 6.97065161e+03
 3.98183870e+03 4.06945862e+03 4.52702933e+03 5.55899731e+03
 5.94841918e+03]
