[2.69556377e+03 6.38857833e+03 2.48588872e+03 2.67401704e+03
 3.32922258e+03 5.49853675e+03 1.92487709e+04 1.39915574e+04
 1.03561398e+04 8.35297158e+03 2.70531663e+03 2.10595141e+03
 2.46557054e+03 2.91509445e+03 2.40154744e+03 2.45331080e+03
 4.20917844e+03 7.60376506e+03 3.28779064e+04 2.67970739e+04
 1.59594610e+04 1.10473907e+04 8.96868312e+03 8.67989806e+03
 1.01238234e+04 7.56626254e+03 2.26041724e+03 1.96178788e+03
 1.62619945e+01 2.59304894e+03 2.08301366e+03 2.40234010e+03
 2.26041724e+03 2.55904659e+03 3.76834764e+03 7.53965200e+03
 3.39195638e+04 2.07964299e+05 4.24112817e+04 1.32816144e+04
 8.58633311e+03 6.83003770e+03 6.05833214e+03 6.14112048e+03
 7.70522868e+03 5.88385777e+03 1.95795324e+03 1.93129175e+03
 1.82297944e+03 2.45285716e+03 2.07626360e+03 1.98461473e+03
 1.87463608e+03 1.83797653e+03 2.30788530e+03 2.93443034e+03
 3.09439929e+03 4.99736320e+03 1.62435133e+04 6.43608390e+04
 5.56158700e+04 2.00027835e+04 1.41105940e+04 6.84200510e+03
 5.12233894e+03 4.41081040e+03 4.46080069e+03 4.65409650e+03
 6.15213902e+03 4.94753875e+03 1.70127282e+03 1.86348721e+03
 1.95646374e+03 2.32045700e+03 2.11669990e+03 2.11867813e+03
 1.97426776e+03 2.35606503e+03 2.30858765e+03 2.61125596e+03
 2.75170988e+03 3.96436132e+03 1.58416195e+04 2.05023157e+04
 2.43321578e+04 1.14895262e+04 8.03554674e+03 7.43218836e+03
 4.35604971e+03 3.64586722e+03 3.51926087e+03 3.94457907e+03
 4.85456221e+03 4.47111684e+03 1.98716304e+03 2.42026268e+03
 3.48008297e+03 7.41364673e+03 6.41242227e+03 5.90289329e+03
 6.22644419e+03 6.37165996e+03 3.17436558e+03 2.66228895e+03
 4.07623188e+03 5.56915180e+03 9.10018767e+03 1.29929891e+04
 2.64037920e+04 8.49894347e+03 5.94365561e+03 4.59340380e+03
 4.19851884e+03 3.23550905e+03 3.19474673e+03 3.58453641e+03
 4.52971268e+03 7.69385608e+03 6.81615891e+03 6.15881975e+03
 8.76203222e+03 9.58370617e+03 8.80311592e+03 3.78343506e+03
 4.64992759e+03 5.28485746e+03 7.59674916e+03 1.55371074e+04
 6.36050336e+03 4.11583952e+03 3.29790045e+03 5.61726192e+03
 6.84977284e+03 4.84830238e+03 4.06945862e+03 7.36007349e+03
 4.30311175e+03 7.35033794e+03 3.44638362e+03 7.68134654e+03
 3.51453245e+03 3.29061487e+03 3.89421878e+03 4.84830238e+03
 5.55899731e+03]
