[3.08848078e+03 9.78786249e+03 3.29938154e+03 2.75705299e+03
 3.20466866e+03 3.61076634e+03 2.01673561e+04 1.95082583e+04
 1.65397231e+04 1.43411750e+04 3.51718405e+03 2.74209586e+03
 3.06902234e+03 3.19979293e+03 2.94914929e+03 2.44377544e+03
 2.94914929e+03 3.61526200e+03 1.74033863e+04 1.60466414e+04
 1.86783996e+04 2.49553880e+04 2.17079183e+04 1.76758251e+04
 1.87601312e+04 1.40148825e+04 3.34257905e+03 2.62852966e+03
 2.21754471e+01 2.80741160e+03 2.79854142e+03 3.08238714e+03
 2.74975544e+03 2.64331329e+03 2.71131800e+03 3.43867266e+03
 1.32993548e+04 1.21639719e+04 1.38788731e+04 2.54633267e+04
 1.10747139e+05 4.63023335e+04 1.78941074e+04 1.41863727e+04
 1.64157443e+04 1.11811627e+04 2.95109377e+03 2.81611997e+03
 2.45285716e+03 3.10939637e+03 2.98941966e+03 2.81778632e+03
 2.73446916e+03 2.44285910e+03 2.80445557e+03 3.16438570e+03
 2.22290180e+03 2.53117529e+03 5.86886068e+03 9.46816195e+03
 9.70811537e+03 1.27608561e+04 2.73013667e+04 1.79485157e+05
 4.77507302e+04 1.69500428e+04 1.22776166e+04 1.03813180e+04
 1.21443091e+04 8.06719833e+03 2.48069316e+03 2.56377858e+03
 2.49651895e+03 3.38869807e+03 3.00690080e+03 3.37682873e+03
 3.05833463e+03 3.37682873e+03 2.96140164e+03 2.97722744e+03
 2.01976692e+03 2.53212699e+03 8.38371420e+03 7.19480145e+03
 7.54692536e+03 9.62999545e+03 1.54301488e+04 2.75685326e+04
 6.97917501e+04 1.34360988e+04 9.39260855e+03 9.09983136e+03
 9.10378781e+03 6.27484945e+03 2.31580924e+03 3.34251014e+03
 5.34495905e+03 1.23306014e+04 9.95874401e+03 9.52819202e+03
 9.86957644e+03 1.23356967e+04 4.93988351e+03 3.44186829e+03
 5.65322409e+03 6.77928314e+03 7.07226231e+03 6.06849021e+03
 6.22899184e+03 7.62000597e+03 1.07816333e+04 1.57393503e+04
 1.92143380e+04 1.10618743e+04 7.68369709e+03 6.61878151e+03
 7.19454927e+03 5.80027112e+03 6.21484297e+03 7.83951647e+03
 1.53204843e+04 1.64036000e+04 1.59852932e+04 6.12894070e+03
 6.84603796e+03 6.87591702e+03 6.87591702e+03 7.87313040e+03
 7.98891173e+03 1.97649934e+04 1.10440449e+04 7.48096783e+03
 5.46786665e+03 3.67030120e+03 5.48111293e+03 8.77172780e+03
 5.71476606e+03 1.07188372e+04 5.39349301e+03 7.12642036e+03
 5.78291488e+03 2.90119299e+03 8.59648795e+03 9.86210905e+03
 3.99157425e+03]
