[2.71852645e+03 9.16249800e+03 3.17482761e+03 2.58060160e+03
 2.93350439e+03 2.90106847e+03 1.59947997e+04 1.64151692e+04
 1.56418969e+04 1.55017640e+04 3.58393154e+03 2.72030076e+03
 2.82655186e+03 2.89329935e+03 2.57727042e+03 2.28984756e+03
 2.72983611e+03 2.96958220e+03 1.30171227e+04 1.16603778e+04
 1.25648744e+04 1.58504855e+04 1.86457069e+04 1.93812915e+04
 2.11739384e+04 1.68947339e+04 3.43719430e+03 2.76158234e+03
 2.21754471e+01 2.77193088e+03 2.91681047e+03 2.95081282e+03
 2.70244782e+03 3.57024698e+03 2.55608987e+03 3.22431000e+03
 9.94347047e+03 8.75486650e+03 9.04462568e+03 1.16613284e+04
 2.24119852e+04 3.55043691e+04 2.87985139e+04 1.93783840e+04
 1.95498741e+04 1.44305319e+04 2.93776303e+03 3.02941190e+03
 2.59949536e+03 3.29769315e+03 2.82778438e+03 3.03274459e+03
 2.88110736e+03 2.37453903e+03 3.07273682e+03 3.14938861e+03
 2.23789889e+03 2.65281834e+03 4.98403245e+03 6.93198763e+03
 6.72702742e+03 7.49521162e+03 1.02746720e+04 1.85630630e+04
 9.53414914e+04 1.25202361e+05 2.30621896e+04 1.59369062e+04
 1.67300855e+04 1.11097072e+04 2.56180035e+03 2.73984053e+03
 2.62510353e+03 3.56476003e+03 3.08602977e+03 3.51926087e+03
 3.47376171e+03 3.71114862e+03 3.36100293e+03 3.08998622e+03
 2.11472168e+03 2.72401474e+03 6.87037268e+03 5.50935442e+03
 5.38274807e+03 6.15821196e+03 8.46679962e+03 1.54736698e+04
 4.00392580e+04 6.10242604e+04 1.94894649e+04 1.37526147e+04
 1.34637940e+04 8.71294564e+03 2.66483659e+03 3.42403478e+03
 5.28381557e+03 1.33343735e+04 1.04912018e+04 1.00402686e+04
 1.10618743e+04 1.42209540e+04 5.59717590e+03 4.07877952e+03
 7.56141013e+03 9.19699818e+03 8.56518224e+03 5.49527010e+03
 4.81250126e+03 5.42903133e+03 6.78692608e+03 1.14389257e+04
 2.31122348e+04 9.43647680e+04 1.56119681e+04 1.08988250e+04
 1.04759159e+04 6.25219179e+03 5.28112257e+03 7.56687011e+03
 1.64558883e+04 1.71879251e+04 1.72178042e+04 7.39133068e+03
 9.18780872e+03 1.11448867e+04 9.18407384e+03 8.13830699e+03
 5.97581055e+03 1.06668218e+04 2.46875673e+04 1.37593038e+04
 6.64061947e+03 4.44914495e+03 4.39073167e+03 9.31691843e+03
 6.50334536e+03 1.18968384e+04 8.83987663e+03 9.56030710e+03
 9.08326530e+03 2.66753986e+03 6.63964302e+03 1.58884126e+04
 4.78015355e+03]
