[1.30249437e+03 2.42231432e+03 1.83846781e+03 1.65033949e+03
 1.99416021e+03 1.26370335e+03 5.26110583e+03 7.29937889e+03
 4.82386966e+03 3.91494461e+03 1.91660649e+03 1.34993393e+03
 1.33631199e+03 1.67686041e+03 1.41531922e+03 1.43575213e+03
 1.86484313e+03 1.63190802e+03 4.62328531e+03 5.81656697e+03
 8.17588640e+03 8.63903225e+03 1.14042854e+04 1.03880889e+04
 9.31468031e+03 6.05537541e+03 1.89082645e+03 1.23591158e+03
 1.03485420e+01 1.51088713e+03 1.54784621e+03 1.52123567e+03
 1.39409644e+03 1.67942052e+03 1.85534574e+03 3.15334857e+03
 3.99749393e+03 5.43446290e+03 6.46340364e+03 7.78210356e+03
 6.51958144e+03 9.61231712e+03 1.02302729e+04 1.06383011e+04
 1.39616615e+04 8.60832887e+03 1.50137521e+03 1.51470595e+03
 1.28641693e+03 1.66134415e+03 1.35307066e+03 1.39639558e+03
 1.51303961e+03 1.35640335e+03 1.63801535e+03 1.94295615e+03
 1.87630242e+03 3.00108407e+03 3.60596664e+03 5.36062601e+03
 6.27044939e+03 7.18860448e+03 6.34376849e+03 4.72241657e+03
 4.45246898e+03 8.75496707e+03 1.07479135e+04 1.17210579e+04
 1.75832532e+04 9.97816291e+03 1.31749732e+03 1.32145377e+03
 1.20869499e+03 1.82787917e+03 1.50938507e+03 1.57664470e+03
 1.56279713e+03 1.86348721e+03 1.86348721e+03 2.10285233e+03
 2.41936821e+03 3.32935134e+03 5.13744827e+03 5.50737620e+03
 5.52320199e+03 5.98412823e+03 5.29570621e+03 3.45595769e+03
 5.75663245e+03 8.27689009e+03 9.26600220e+03 1.67357768e+04
 2.52737925e+04 9.98422046e+03 1.21013134e+03 1.70182681e+03
 2.37440507e+03 4.19851884e+03 3.38072481e+03 3.91318260e+03
 4.48385507e+03 5.73984401e+03 2.82788587e+03 3.38072481e+03
 9.32183278e+03 1.15357362e+04 1.14796880e+04 6.97035651e+03
 5.22521974e+03 6.08377608e+03 5.39336430e+03 2.66738424e+03
 8.38175180e+03 1.05319641e+04 1.45062902e+04 2.61184558e+04
 2.32039500e+04 3.87680709e+03 2.57706830e+03 2.40152887e+03
 4.35113706e+03 4.98606693e+03 7.42494461e+03 4.74703451e+03
 1.52906052e+04 1.63139628e+04 2.26483220e+04 1.00356268e+04
 5.40063879e+03 2.64429617e+03 3.83945828e+03 6.88338678e+03
 4.20547668e+03 1.86922501e+03 1.40191876e+03 1.64530743e+03
 1.48953868e+03 2.57018439e+03 6.96091607e+03 6.73699849e+03
 7.98314849e+03 3.12511057e+03 1.63557189e+03 3.12511057e+03
 1.95684494e+03]
