[1.21064364e+03 2.60914521e+03 1.79565240e+03 1.55692404e+03
 1.89036528e+03 1.22218537e+03 4.79273118e+03 5.85662928e+03
 5.19882887e+03 4.91070818e+03 1.90570894e+03 1.29544618e+03
 1.29272179e+03 1.58968001e+03 1.33903638e+03 1.35946928e+03
 1.78719809e+03 1.58831782e+03 4.88618869e+03 6.97988036e+03
 7.14606799e+03 5.63403302e+03 6.40503463e+03 1.17312119e+04
 1.03880889e+04 7.25876301e+03 1.89082645e+03 1.22408468e+03
 1.03485420e+01 1.43992570e+03 1.48871168e+03 1.46210114e+03
 1.36896427e+03 1.59663219e+03 1.78290594e+03 2.87985139e+03
 4.80615856e+03 5.67247936e+03 5.80553204e+03 4.36708471e+03
 5.15061717e+03 6.11450994e+03 9.34916848e+03 1.19244771e+04
 1.79118478e+04 1.09678708e+04 1.54136744e+03 1.48804446e+03
 1.25975544e+03 1.63301632e+03 1.35140432e+03 1.38139850e+03
 1.47304737e+03 1.28974962e+03 1.59635677e+03 1.84964093e+03
 1.76965646e+03 3.09606563e+03 3.76760193e+03 6.05882380e+03
 5.06734961e+03 3.75427118e+03 6.22379178e+03 4.24084339e+03
 6.50373743e+03 7.81848220e+03 1.47171430e+04 1.84764132e+04
 1.87696896e+04 1.28268058e+04 1.35112714e+03 1.30562798e+03
 1.19286920e+03 1.78040179e+03 1.47773348e+03 1.56081890e+03
 1.53114554e+03 1.84766141e+03 1.81600982e+03 2.00789757e+03
 2.32441345e+03 3.39265452e+03 5.21657724e+03 6.38372952e+03
 4.39363597e+03 3.50145685e+03 5.53902779e+03 3.80610338e+03
 3.89907992e+03 5.83971787e+03 9.45591172e+03 2.88345961e+04
 2.34933907e+04 1.37827590e+04 1.27127482e+03 1.68144565e+03
 2.33364275e+03 4.11444655e+03 3.44186829e+03 3.89534909e+03
 4.46347391e+03 5.57424709e+03 2.84571938e+03 3.29920018e+03
 8.87089963e+03 1.09395873e+04 1.10516837e+04 9.17152173e+03
 4.60868967e+03 3.39855833e+03 4.75900072e+03 2.95272047e+03
 3.44186829e+03 5.42393604e+03 9.09509238e+03 1.88933348e+04
 3.05921202e+04 3.84692804e+03 2.45755209e+03 2.22225455e+03
 5.04209015e+03 6.39785217e+03 7.39133068e+03 4.71715545e+03
 1.51075960e+04 1.70908182e+04 2.26408522e+04 9.43431091e+03
 3.60042586e+03 2.34550564e+03 3.51078870e+03 5.52762476e+03
 4.32499289e+03 1.86922501e+03 1.17800118e+03 1.48953868e+03
 1.55768751e+03 3.11537502e+03 7.73975982e+03 8.53807467e+03
 9.40453835e+03 2.82330861e+03 1.55768751e+03 3.04722619e+03
 1.95684494e+03]
