[8.20278042e+02 1.44923680e+03 3.23061739e+02 2.81543765e+02
 3.94420758e+02 8.96528762e+02 5.40771618e+03 4.06097688e+03
 3.01654033e+03 1.80899319e+03 3.59619129e+02 2.30210730e+02
 2.17950987e+02 2.28848536e+02 2.08415631e+02 2.61541185e+02
 3.84138615e+02 1.00666112e+03 7.22779961e+03 5.51143559e+03
 3.71333994e+03 2.99001510e+03 2.62086062e+03 2.65082888e+03
 2.99001510e+03 1.57150002e+03 3.19326438e+02 2.12884292e+02
 1.47836314e+00 1.89230482e+02 1.67055035e+02 2.12884292e+02
 1.90708845e+02 2.26189560e+02 3.78460963e+02 9.16585146e+02
 9.25455324e+03 6.87438859e+03 4.03297464e+03 3.24796381e+03
 3.21248310e+03 3.25979072e+03 2.70096945e+03 2.43782081e+03
 2.55461150e+03 1.32474283e+03 2.66614909e+02 2.39953418e+02
 1.73299691e+02 2.26622672e+02 1.86630436e+02 1.73299691e+02
 1.86630436e+02 1.59968945e+02 1.86630436e+02 2.79945654e+02
 3.59930127e+02 8.14841815e+02 5.76054837e+03 7.66851131e+03
 4.00422266e+03 2.78779214e+03 3.11106272e+03 1.89296585e+03
 1.43472148e+03 1.48637812e+03 1.69967004e+03 1.86297168e+03
 1.84797459e+03 1.08011042e+03 2.37386905e+02 1.89909524e+02
 1.89909524e+02 2.21561111e+02 1.89909524e+02 1.89909524e+02
 1.58257937e+02 2.05735318e+02 2.05735318e+02 2.39365129e+02
 3.00690080e+02 6.68639783e+02 9.51130200e+03 6.55781325e+03
 3.11965958e+03 2.11472168e+03 1.52521087e+03 1.19286920e+03
 1.08011042e+03 1.08011042e+03 1.03461126e+03 1.27199817e+03
 1.51136330e+03 7.99960506e+02 2.24192753e+02 2.44573913e+02
 3.05717391e+02 5.70672463e+02 4.30551992e+02 4.10170833e+02
 4.68766666e+02 4.50933152e+02 2.64955072e+02 2.64955072e+02
 4.28004347e+02 6.52197101e+02 2.39478623e+03 3.32212898e+03
 2.12728351e+03 1.73749384e+03 1.08529674e+03 8.81485144e+02
 8.17794021e+02 8.78937499e+02 9.80843296e+02 1.04198677e+03
 1.23051250e+03 6.31194989e+02 5.07943897e+02 4.22041620e+02
 6.57339161e+02 6.31194989e+02 6.01315937e+02 2.68911475e+02
 4.78064844e+02 6.27460108e+02 7.76855372e+02 6.31194989e+02
 9.26250635e+02 6.61074042e+02 7.17097266e+02 7.20832148e+02
 6.31194989e+02 3.11537502e+02 2.33653127e+02 3.89421878e+02
 2.33653127e+02 3.89421878e+02 2.33653127e+02 3.89421878e+02
 3.89421878e+02 1.55768751e+02 3.11537502e+02 5.45190629e+02
 3.89421878e+02]
