[2.65346552e+02 6.68179902e+02 1.56989841e+02 1.25851360e+02
 1.97210379e+02 3.86636137e+02 2.65196062e+03 2.04735512e+03
 1.57638559e+03 8.44560075e+02 1.85258339e+02 9.94401379e+01
 1.08975494e+02 1.19873043e+02 1.19873043e+02 1.30770592e+02
 1.97518082e+02 4.80854365e+02 3.47086947e+03 2.52005829e+03
 2.21356471e+03 1.72045060e+03 1.51339717e+03 1.61011292e+03
 1.58695563e+03 7.37703206e+02 1.77403577e+02 1.06442146e+02
 1.47836314e+00 9.46152408e+01 9.46152408e+01 1.18269051e+02
 1.06442146e+02 1.18269051e+02 1.89230482e+02 4.16898405e+02
 4.02114774e+03 2.81776014e+03 2.16432363e+03 1.55819475e+03
 1.37931281e+03 1.27287066e+03 1.34383209e+03 1.10581563e+03
 1.23591158e+03 6.68203615e+02 1.46638200e+02 1.33307454e+02
 7.99844726e+01 1.19976709e+02 1.06645964e+02 9.33152181e+01
 9.33152181e+01 7.99844726e+01 9.33152181e+01 1.59968945e+02
 2.13291927e+02 5.19899072e+02 2.35787560e+03 3.22937308e+03
 2.18290957e+03 1.71633348e+03 1.52970304e+03 1.24975739e+03
 9.53148299e+02 8.96492631e+02 8.29838904e+02 9.09823376e+02
 9.64812701e+02 5.38076985e+02 1.26606349e+02 1.10780556e+02
 1.10780556e+02 1.26606349e+02 9.49547621e+01 7.91289684e+01
 7.91289684e+01 1.10780556e+02 1.10780556e+02 1.26606349e+02
 1.74083730e+02 5.42033433e+02 4.53408989e+03 2.54795278e+03
 1.87931300e+03 1.41443031e+03 1.01680724e+03 8.26897720e+02
 7.45790527e+02 6.19184178e+02 6.21162402e+02 8.26897720e+02
 6.84465577e+02 3.89789673e+02 1.01905797e+02 1.42668116e+02
 1.42668116e+02 3.05717391e+02 2.06359239e+02 2.44573913e+02
 2.64955072e+02 2.64955072e+02 1.42668116e+02 1.42668116e+02
 2.24192753e+02 3.66860869e+02 1.24579837e+03 1.59992101e+03
 1.16427373e+03 1.03943913e+03 6.13982427e+02 5.32457789e+02
 5.70672463e+02 5.29910144e+02 8.38175180e+02 7.77031702e+02
 5.73220108e+02 3.28669580e+02 2.39032422e+02 2.39032422e+02
 3.58548633e+02 3.88427686e+02 2.72646356e+02 1.49395264e+02
 2.39032422e+02 3.28669580e+02 3.88427686e+02 3.58548633e+02
 5.07943897e+02 3.88427686e+02 4.78064844e+02 3.92162567e+02
 3.28669580e+02 1.55768751e+02 0.00000000e+00 1.55768751e+02
 0.00000000e+00 2.33653127e+02 1.55768751e+02 1.55768751e+02
 1.55768751e+02 7.78843756e+01 1.55768751e+02 3.11537502e+02
 7.78843756e+01]
