[2.80910147e+03 6.74407598e+03 2.76613505e+03 3.21634559e+03
 3.46415600e+03 5.39474181e+03 2.07122795e+04 1.49101426e+04
 1.10282120e+04 8.92236854e+03 2.70531663e+03 2.30346950e+03
 3.23384777e+03 2.65219107e+03 2.43424009e+03 2.45331080e+03
 4.03481765e+03 7.05343882e+03 3.03278799e+04 3.18753319e+04
 1.86348094e+04 1.22324992e+04 9.73696035e+03 9.20842921e+03
 1.08021958e+04 7.90037261e+03 2.43782081e+03 2.04457622e+03
 1.77403577e+01 2.74679871e+03 2.16580200e+03 2.43929918e+03
 2.23676343e+03 2.57087350e+03 3.51998263e+03 6.74429264e+03
 2.81716880e+04 1.07719452e+05 8.54375625e+04 1.68888205e+04
 9.75423998e+03 7.54260873e+03 6.49592763e+03 6.54619197e+03
 8.18126161e+03 6.42208662e+03 2.06459920e+03 2.07792995e+03
 1.94295615e+03 2.76113065e+03 2.12958658e+03 2.05293480e+03
 1.92795906e+03 1.87796876e+03 2.38786978e+03 2.88110736e+03
 2.82611803e+03 4.38081622e+03 1.35607008e+04 3.25536804e+04
 2.20330561e+05 2.71947207e+04 1.78098759e+04 7.77848996e+03
 5.64557069e+03 4.74574538e+03 4.75574344e+03 4.93570850e+03
 6.52373355e+03 5.26603285e+03 1.74875020e+03 1.89513879e+03
 1.95646374e+03 2.62312530e+03 2.14835149e+03 2.16615551e+03
 2.02372337e+03 2.45101980e+03 2.35606503e+03 2.48267138e+03
 2.62312530e+03 3.67751881e+03 1.46032511e+04 1.66170834e+04
 5.23992029e+04 1.38119614e+04 9.38073920e+03 8.88222670e+03
 4.76949857e+03 3.93270973e+03 3.64586722e+03 4.13448860e+03
 5.09392734e+03 4.94243115e+03 1.98716304e+03 2.42026268e+03
 3.60236992e+03 8.00724800e+03 6.74106847e+03 6.24937300e+03
 6.53216159e+03 6.70030615e+03 3.13105561e+03 2.66228895e+03
 4.11699420e+03 5.46724601e+03 8.50403876e+03 1.18057866e+04
 2.16346007e+04 9.56640669e+03 6.57801919e+03 5.28891086e+03
 4.69276195e+03 3.44186829e+03 3.35779601e+03 3.60746521e+03
 4.63416612e+03 7.74987931e+03 6.90579607e+03 6.33809407e+03
 9.81526883e+03 1.03642964e+04 1.00057478e+04 3.93656520e+03
 4.62004853e+03 5.19522030e+03 7.29795864e+03 1.48424195e+04
 7.50337712e+03 4.56776019e+03 3.48090965e+03 5.52762476e+03
 6.76013569e+03 4.60491370e+03 3.91368987e+03 7.20430474e+03
 4.22522737e+03 7.42822232e+03 3.59241682e+03 7.04853599e+03
 3.35876370e+03 3.68003674e+03 4.04998753e+03 4.92618675e+03
 5.63688168e+03]
