[2.75552188e+02 5.21569555e+02 2.91923258e+02 2.50405284e+02
 3.11384809e+02 2.50405284e+02 1.23256487e+03 1.34673930e+03
 1.11709300e+03 7.99607684e+02 3.37824030e+02 2.30210730e+02
 2.28848536e+02 2.61541185e+02 2.30210730e+02 2.39746086e+02
 2.52005829e+02 3.81414227e+02 1.19328165e+03 1.53383007e+03
 1.87301630e+03 2.09232948e+03 1.98471618e+03 1.75178106e+03
 1.49977523e+03 8.79626067e+02 3.07499533e+02 2.24711197e+02
 1.47836314e+00 2.48365007e+02 2.38016465e+02 2.72018817e+02
 2.26189560e+02 2.14362655e+02 2.36538102e+02 3.57763879e+02
 1.08216182e+03 1.58037019e+03 1.90413172e+03 2.47477989e+03
 2.56791677e+03 2.28407105e+03 2.15249673e+03 2.04309786e+03
 1.56854329e+03 9.09823376e+02 2.53284163e+02 2.66614909e+02
 2.13291927e+02 2.93276400e+02 2.39953418e+02 2.14958270e+02
 2.39953418e+02 1.61635288e+02 2.01627525e+02 2.79945654e+02
 2.53284163e+02 2.93276400e+02 6.81534361e+02 1.49970886e+03
 1.83464384e+03 2.33121411e+03 2.76113065e+03 2.41453127e+03
 2.17291151e+03 2.16957882e+03 2.10292509e+03 2.30288627e+03
 1.59302408e+03 8.56571083e+02 2.05735318e+02 2.37386905e+02
 2.21561111e+02 3.00690080e+02 2.37386905e+02 1.91887748e+02
 1.76061955e+02 2.23539336e+02 2.07713542e+02 2.23539336e+02
 2.37386905e+02 2.86842510e+02 1.19089097e+03 1.49751573e+03
 1.79820581e+03 2.25913205e+03 2.46486737e+03 2.37189083e+03
 2.36991260e+03 2.25913205e+03 1.97426776e+03 2.22748046e+03
 1.65577366e+03 6.13982427e+02 1.83430435e+02 2.85336232e+02
 3.46479710e+02 5.91053622e+02 4.30551992e+02 4.30551992e+02
 4.89147825e+02 5.12076630e+02 2.44573913e+02 2.64955072e+02
 4.07623188e+02 4.89147825e+02 7.94865216e+02 1.29165598e+03
 1.71711268e+03 2.06614003e+03 2.17314112e+03 2.23428460e+03
 2.29033279e+03 2.49923967e+03 2.00499656e+03 2.00754420e+03
 1.55661105e+03 3.62283515e+02 2.98790528e+02 4.78064844e+02
 6.87218213e+02 6.90953095e+02 6.31194989e+02 2.98790528e+02
 5.37822950e+02 5.97581055e+02 6.27460108e+02 5.11678778e+02
 1.76286411e+03 1.80394781e+03 2.00563142e+03 1.29226903e+03
 4.48185791e+02 2.33653127e+02 1.55768751e+02 3.89421878e+02
 1.55768751e+02 3.89421878e+02 2.33653127e+02 3.11537502e+02
 3.11537502e+02 1.55768751e+02 3.89421878e+02 5.45190629e+02
 1.55768751e+02]
