[2.98514871e+03 9.74634451e+03 3.25786356e+03 2.71553502e+03
 3.11125321e+03 3.37074055e+03 1.89581451e+04 1.87557450e+04
 1.62075793e+04 1.47607306e+04 3.54987670e+03 2.72030076e+03
 2.96958220e+03 3.23384777e+03 2.94914929e+03 2.38928770e+03
 2.85107135e+03 3.39594882e+03 1.61283730e+04 1.47552818e+04
 1.65097873e+04 2.18713816e+04 2.17133671e+04 1.85476290e+04
 1.91143016e+04 1.46831027e+04 3.35440596e+03 2.64035656e+03
 2.21754471e+01 3.17552402e+03 2.76306070e+03 3.05725497e+03
 2.73792853e+03 2.61965948e+03 2.65218347e+03 3.30857670e+03
 1.22999813e+04 1.11113773e+04 1.23295486e+04 2.13653041e+04
 5.48058783e+04 6.36760571e+04 2.09454489e+04 1.52862748e+04
 1.63684367e+04 1.31374496e+04 2.86944296e+03 2.84278147e+03
 2.46618791e+03 3.14938861e+03 3.06940414e+03 2.81778632e+03
 2.74779990e+03 2.37453903e+03 2.80445557e+03 3.13605786e+03
 2.16957882e+03 2.47785231e+03 5.84219919e+03 8.70164409e+03
 8.70164409e+03 1.07812404e+04 1.93362463e+04 8.95826094e+04
 9.93940380e+04 2.32821469e+04 1.41039287e+04 1.17710482e+04
 1.34007319e+04 8.74770745e+03 2.91194604e+03 2.62510353e+03
 2.55982213e+03 3.42034966e+03 3.02272659e+03 3.51926087e+03
 3.31352555e+03 3.50343508e+03 3.01085725e+03 2.96140164e+03
 1.98811533e+03 2.54795278e+03 7.90498394e+03 6.68441960e+03
 6.81498240e+03 8.40349644e+03 1.33292747e+04 2.52184022e+04
 1.17585647e+05 1.75112407e+04 1.10464040e+04 9.51525845e+03
 9.80803563e+03 6.82514075e+03 2.49923967e+03 3.26098550e+03
 5.36534021e+03 1.28197493e+04 1.00198875e+04 9.71162245e+03
 1.01345315e+04 1.29318456e+04 5.10293278e+03 3.50301177e+03
 5.97932264e+03 7.14869166e+03 7.19454927e+03 5.78060633e+03
 5.77805869e+03 6.86335543e+03 9.71671774e+03 1.55355387e+04
 2.01977290e+04 1.40579047e+04 8.91420959e+03 7.60217245e+03
 7.95374745e+03 5.76665718e+03 5.91231756e+03 7.77975836e+03
 1.57089120e+04 1.65231162e+04 1.63811907e+04 6.36797312e+03
 7.32783769e+03 7.65277239e+03 7.26807958e+03 7.69012120e+03
 7.05892621e+03 1.32513599e+04 1.27284765e+04 8.56034861e+03
 5.52762476e+03 3.59241682e+03 5.63688168e+03 8.69384342e+03
 5.63688168e+03 1.07967216e+04 5.79265043e+03 7.67161099e+03
 7.19456919e+03 2.74542424e+03 7.18483364e+03 1.15950364e+04
 4.06945862e+03]
