[2.69811518e+03 9.12098002e+03 3.15406862e+03 2.58968366e+03
 2.94388388e+03 2.88030948e+03 1.57456918e+04 1.62075793e+04
 1.54550660e+04 1.55017640e+04 3.59482909e+03 2.73119831e+03
 2.83744941e+03 2.87150426e+03 2.57727042e+03 2.30074511e+03
 2.74209586e+03 2.92599200e+03 1.27991717e+04 1.15296072e+04
 1.24722452e+04 1.55453542e+04 1.85966680e+04 1.94684719e+04
 2.10867580e+04 1.69893492e+04 3.47267501e+03 2.79706306e+03
 2.21754471e+01 2.79558469e+03 2.85767595e+03 2.98629354e+03
 2.71427472e+03 4.18820277e+03 2.55608987e+03 3.10604095e+03
 9.75423998e+03 8.61294364e+03 8.86426538e+03 1.13745260e+04
 2.12706888e+04 3.30680267e+04 2.90823596e+04 1.96622297e+04
 1.96504028e+04 1.46971468e+04 3.00441675e+03 3.04274265e+03
 2.60116170e+03 3.28436241e+03 2.85444587e+03 3.00441675e+03
 2.86777661e+03 2.40286687e+03 3.09939831e+03 3.14938861e+03
 2.23789889e+03 2.71947207e+03 4.50245927e+03 6.82534167e+03
 6.58038922e+03 7.28191970e+03 9.99139371e+03 1.75232649e+04
 7.65184788e+04 1.47598014e+05 2.42419606e+04 1.64768014e+04
 1.71033464e+04 1.11730103e+04 2.56180035e+03 2.77149212e+03
 2.64092932e+03 3.58058582e+03 3.11768135e+03 3.45595769e+03
 3.48958751e+03 3.67949703e+03 3.48760928e+03 3.10581201e+03
 2.17802485e+03 2.80116548e+03 6.79124371e+03 5.47770284e+03
 5.36692228e+03 5.99995403e+03 8.30854168e+03 1.44885141e+04
 3.83933755e+04 7.32734247e+04 2.06368350e+04 1.41996934e+04
 1.39425242e+04 8.93968604e+03 2.66483659e+03 3.44441594e+03
 5.30419673e+03 1.33343735e+04 1.05727264e+04 1.00631975e+04
 1.11637801e+04 1.43024786e+04 5.63793822e+03 4.13992300e+03
 7.76522173e+03 9.40080977e+03 8.75116031e+03 5.51565126e+03
 4.77173894e+03 5.42903133e+03 6.64425796e+03 1.11739706e+04
 2.30307101e+04 9.25712260e+04 1.63915474e+04 1.12249235e+04
 1.07001087e+04 6.31194989e+03 5.28112257e+03 7.53699106e+03
 1.65231162e+04 1.72775623e+04 1.73373204e+04 7.54072594e+03
 9.72936655e+03 1.18022258e+04 9.81526883e+03 8.19806510e+03
 5.63967121e+03 9.79659442e+03 2.55316506e+04 1.43606197e+04
 6.90953095e+03 4.52702933e+03 4.38099612e+03 9.24876960e+03
 6.73699849e+03 1.20526071e+04 9.22929850e+03 9.87184460e+03
 9.39480280e+03 2.89145744e+03 6.48387426e+03 1.76992243e+04
 4.78015355e+03]
