[3.26070089e+03 9.03794407e+03 3.47713036e+03 3.03859676e+03
 3.55886888e+03 5.05092108e+03 2.25961576e+04 1.90463708e+04
 1.33635980e+04 1.16658266e+04 3.59210471e+03 3.31285500e+03
 2.91509445e+03 2.88240180e+03 2.74073366e+03 2.52142048e+03
 3.61798639e+03 5.58499405e+03 2.43778179e+04 3.02951872e+04
 4.29690371e+04 1.80681368e+04 1.24994891e+04 1.13552464e+04
 1.31914835e+04 9.82815814e+03 3.11638949e+03 2.67731564e+03
 2.06970839e+01 2.43782081e+03 2.60635421e+03 2.86802449e+03
 2.46295299e+03 2.73792853e+03 3.21100474e+03 5.20975170e+03
 2.01293925e+04 2.70363051e+04 3.73635586e+05 7.39181569e+04
 1.67055035e+04 1.04697677e+04 8.42075643e+03 8.13986744e+03
 1.01060904e+04 7.37190223e+03 2.29288822e+03 2.42619567e+03
 2.61449245e+03 2.89610445e+03 2.73446916e+03 2.46785425e+03
 2.30455262e+03 2.09292703e+03 2.60282805e+03 3.05607339e+03
 2.70614132e+03 3.50931874e+03 9.27153345e+03 1.72166577e+04
 3.03007844e+04 2.02467362e+05 4.41514289e+04 1.35740315e+04
 8.20840650e+03 6.31544065e+03 5.92385000e+03 6.11381313e+03
 7.95512234e+03 5.56870115e+03 2.06724430e+03 2.24528448e+03
 2.43321578e+03 3.03855239e+03 2.59345194e+03 2.62708175e+03
 2.42134643e+03 2.83479529e+03 2.70621072e+03 2.72203651e+03
 2.52817054e+03 3.20076677e+03 1.18337372e+04 1.15251342e+04
 1.85873947e+04 3.06466495e+04 1.54380617e+04 1.44529061e+04
 7.04643463e+03 5.20668612e+03 4.95149520e+03 5.07414510e+03
 6.04940963e+03 4.94243115e+03 2.11199764e+03 2.87119583e+03
 4.42271159e+03 9.62755017e+03 7.99196213e+03 7.41619437e+03
 7.65567300e+03 8.13463024e+03 3.89534909e+03 2.99093514e+03
 4.64945199e+03 5.99970380e+03 7.99196213e+03 9.42883386e+03
 1.17191667e+04 1.40171424e+04 9.46959618e+03 7.78815053e+03
 8.17539256e+03 4.56792735e+03 4.13737536e+03 4.28004347e+03
 5.28891086e+03 7.51084689e+03 7.26434470e+03 7.29795864e+03
 1.23400488e+04 1.28554624e+04 1.27098021e+04 4.80679261e+03
 5.28112257e+03 5.37449461e+03 6.57712649e+03 9.04588322e+03
 1.14175330e+04 6.61074042e+03 5.04209015e+03 5.80027112e+03
 6.40158705e+03 4.68279808e+03 4.93592230e+03 8.61595905e+03
 5.09169105e+03 9.07352975e+03 4.77041800e+03 7.36980904e+03
 4.05972308e+03 6.02630356e+03 5.15010433e+03 5.79265043e+03
 5.55899731e+03]
