[5.42174444e+02 1.31430338e+03 5.95523447e+02 5.11190061e+02
 5.94226010e+02 5.21569555e+02 2.71553502e+03 3.03859676e+03
 2.13039107e+03 1.86348094e+03 6.77010254e+02 4.82216559e+02
 4.79492172e+02 5.02649464e+02 4.60421460e+02 4.59059267e+02
 5.36704306e+02 7.21962645e+02 2.63993133e+03 2.73937147e+03
 3.06766014e+03 3.85637028e+03 4.69275719e+03 3.62752174e+03
 3.17663564e+03 2.02240077e+03 6.28304334e+02 4.39073852e+02
 2.95672628e+00 4.74554567e+02 4.76032930e+02 5.32210730e+02
 4.52379120e+02 4.52379120e+02 4.96730014e+02 7.85010826e+02
 2.53391442e+03 2.97298827e+03 3.07056024e+03 3.17552402e+03
 3.57763879e+03 4.23403203e+03 5.95780345e+03 4.96138669e+03
 3.70921311e+03 2.13125293e+03 4.83239522e+02 5.21565415e+02
 4.53245345e+02 5.86552799e+02 4.79906836e+02 4.29916540e+02
 4.66576090e+02 3.61596470e+02 4.29916540e+02 5.48226906e+02
 4.93237581e+02 6.53206527e+02 1.43138879e+03 3.49598799e+03
 3.96589677e+03 3.92757088e+03 3.90090938e+03 3.86258349e+03
 3.95589871e+03 4.52912076e+03 6.27044939e+03 6.75868794e+03
 4.16752429e+03 2.63895110e+03 4.43122223e+02 4.74773810e+02
 4.58948017e+02 5.85554366e+02 4.45100447e+02 4.29274653e+02
 3.65971479e+02 4.92577828e+02 4.45100447e+02 4.76752035e+02
 4.74773810e+02 6.21162402e+02 2.36793438e+03 3.59838984e+03
 3.72697441e+03 3.75466955e+03 3.72301796e+03 3.61421563e+03
 3.83379852e+03 4.42528756e+03 4.82291062e+03 8.16215309e+03
 4.72795586e+03 2.56293079e+03 3.89789673e+02 5.12076630e+02
 6.92959419e+02 1.10313025e+03 8.61103984e+02 8.61103984e+02
 9.57914491e+02 1.02415326e+03 5.09528985e+02 5.50291304e+02
 9.57914491e+02 1.12351141e+03 1.88270960e+03 3.01386395e+03
 3.86987264e+03 3.62275108e+03 3.60746521e+03 3.36289130e+03
 3.60236992e+03 4.17813768e+03 4.54754619e+03 5.08255162e+03
 4.16030416e+03 9.29985517e+02 6.57339161e+02 8.70227411e+02
 1.28853415e+03 1.29226903e+03 1.26238998e+03 5.71436884e+02
 1.25492022e+03 1.31841320e+03 1.52383169e+03 1.17275282e+03
 2.87959371e+03 2.43514280e+03 3.11862613e+03 2.19237550e+03
 1.04950173e+03 5.45190629e+02 3.89421878e+02 7.00959380e+02
 4.67306253e+02 7.78843756e+02 7.00959380e+02 8.56728131e+02
 8.56728131e+02 3.89421878e+02 6.23075004e+02 1.24615001e+03
 4.67306253e+02]
