[ 40.8225464   83.03594899  31.13848087  31.13848087  41.51797449
  31.13848087 198.50781555 219.26680279 156.98984105 108.97549357
  54.48774678  21.79509871  21.79509871  43.59019743  32.69264807
  32.69264807  32.69264807  65.38529614 217.95098713 283.33628327
 305.13138199 305.13138199 273.80092758 283.33628327 250.6436352
 118.26905104  35.48071531  23.65381021  35.48071531  23.65381021
  23.65381021  35.48071531  23.65381021  23.65381021  23.65381021
  47.30762041 189.23048166 295.67262759 342.980248   344.45861114
 366.63405821 320.80480094 342.980248   319.3264378  272.01881738
 133.3074544   39.99223632  39.99223632  13.33074544  39.99223632
  26.66149088  13.33074544  39.99223632  13.33074544  13.33074544
  39.99223632  39.99223632  26.66149088 119.97670896 293.27639968
 346.59938144 373.26087232 399.9223632  348.26572462 334.93497918
 346.59938144 359.93012688 373.26087232 253.28416336 126.60634942
  31.65158735  31.65158735  31.65158735  47.47738103  31.65158735
  15.82579368  15.82579368  31.65158735  15.82579368  31.65158735
  31.65158735  31.65158735 205.7353178  255.19092304 302.66830407
 363.99325457 395.64484192 350.1456851  379.81904825 350.1456851
 334.31989143 411.4706356  221.56111148  81.52463757   0.
  40.76231879  20.38115939  81.52463757  40.76231879  61.14347818
  61.14347818  61.14347818  40.76231879  40.76231879  40.76231879
  61.14347818 101.90579697 244.57391272 305.7173909  346.47970969
 308.26503582 328.64619522 346.47970969 366.86086908 346.47970969
 346.47970969 203.81159393  29.87905276   0.          29.87905276
  89.63715827  89.63715827  59.75810551   0.          59.75810551
  89.63715827  89.63715827  59.75810551 268.9114748  268.9114748
 298.79052755 149.39526378  29.87905276   0.           0.
   0.           0.          77.88437555   0.           0.
   0.           0.           0.          77.88437555   0.        ]
