[7.57768518e+02 1.20012895e+03 2.71164271e+02 2.40025790e+02
 3.42523290e+02 7.40836357e+02 4.64482340e+03 3.63282277e+03
 2.63120163e+03 1.44801187e+03 3.05131382e+02 1.97518082e+02
 1.96155888e+02 2.07053438e+02 1.75722983e+02 2.28848536e+02
 3.50083773e+02 8.54095431e+02 6.59301736e+03 4.76495346e+03
 4.28409909e+03 3.21069048e+03 2.32526459e+03 2.26669027e+03
 2.45331080e+03 1.22556304e+03 2.83845722e+02 1.89230482e+02
 1.47836314e+00 1.65576671e+02 1.43401224e+02 1.89230482e+02
 1.67055035e+02 1.90708845e+02 3.31153343e+02 7.96837731e+02
 8.37640554e+03 5.58821266e+03 3.22578837e+03 2.55756823e+03
 1.89082645e+03 1.58184856e+03 1.55671638e+03 1.62767781e+03
 1.88934809e+03 1.03146643e+03 2.26622672e+02 2.13291927e+02
 1.59968945e+02 1.99961182e+02 1.73299691e+02 1.59968945e+02
 1.59968945e+02 1.33307454e+02 1.73299691e+02 2.53284163e+02
 3.06607145e+02 7.19860254e+02 5.46893832e+03 7.41522715e+03
 3.34934979e+03 2.65281834e+03 2.41119858e+03 1.63801535e+03
 1.23309395e+03 1.17810463e+03 1.20476612e+03 1.33807357e+03
 1.57969333e+03 9.04048464e+02 2.05735318e+02 1.89909524e+02
 1.74083730e+02 2.05735318e+02 1.74083730e+02 1.74083730e+02
 1.42432143e+02 1.89909524e+02 1.74083730e+02 2.37386905e+02
 2.69038493e+02 5.73685021e+02 8.43119158e+03 5.71706797e+03
 3.10383378e+03 2.20967644e+03 1.51136330e+03 1.05043706e+03
 9.99003226e+02 9.37678275e+02 8.90200894e+02 1.15923939e+03
 1.32145377e+03 6.98054709e+02 2.03811594e+02 2.24192753e+02
 2.64955072e+02 5.29910144e+02 3.89789673e+02 3.69408514e+02
 4.28004347e+02 3.89789673e+02 2.24192753e+02 2.44573913e+02
 3.66860869e+02 5.50291304e+02 2.41516739e+03 2.82788587e+03
 2.76419474e+03 1.61520688e+03 9.42628622e+02 8.40722825e+02
 7.54102898e+02 7.74484057e+02 8.15246376e+02 1.06491558e+03
 1.00377210e+03 5.71436884e+02 4.78064844e+02 4.48185791e+02
 5.97581055e+02 5.41557831e+02 4.81799726e+02 2.39032422e+02
 4.18306739e+02 5.37822950e+02 6.57339161e+02 5.71436884e+02
 8.36613477e+02 5.71436884e+02 7.46976319e+02 5.71436884e+02
 5.41557831e+02 3.11537502e+02 2.33653127e+02 3.89421878e+02
 1.55768751e+02 3.89421878e+02 2.33653127e+02 3.11537502e+02
 3.11537502e+02 1.55768751e+02 3.11537502e+02 4.67306253e+02
 3.11537502e+02]
