[1.48747153e+03 4.25688982e+03 2.04735512e+03 1.78657034e+03
 2.10833464e+03 1.46221116e+03 7.49658927e+03 8.08303066e+03
 8.45928730e+03 8.48646656e+03 2.34433531e+03 1.63463240e+03
 1.58831782e+03 1.86348094e+03 1.62237266e+03 1.62101047e+03
 1.98471618e+03 1.74088351e+03 6.17073732e+03 7.72636249e+03
 6.26881527e+03 6.27153965e+03 7.14879238e+03 1.14642219e+04
 1.33712931e+04 1.31337781e+04 2.48512843e+03 1.64098308e+03
 1.33052682e+01 1.74890359e+03 1.76220886e+03 1.73707669e+03
 1.65428835e+03 1.87012937e+03 1.98544169e+03 3.18882929e+03
 5.28219149e+03 4.70858659e+03 3.96496994e+03 4.06993372e+03
 4.67458424e+03 6.21208191e+03 8.61590037e+03 1.20427461e+04
 1.66936766e+04 1.72433192e+04 2.23789889e+03 2.02294062e+03
 1.64801341e+03 1.99627913e+03 1.63468266e+03 1.67634124e+03
 1.76799011e+03 1.55803087e+03 1.93295809e+03 2.19790665e+03
 2.02294062e+03 3.41600352e+03 3.88757864e+03 4.76907418e+03
 3.56430806e+03 3.19104719e+03 3.36601322e+03 3.82592394e+03
 5.10900819e+03 7.49521162e+03 1.20076690e+04 1.78032105e+04
 2.13958464e+04 1.74479375e+04 1.89316057e+03 1.78040179e+03
 1.54301488e+03 2.20967644e+03 1.84370496e+03 1.99009355e+03
 1.92876860e+03 2.32441345e+03 2.29276186e+03 2.51630119e+03
 2.75170988e+03 5.97028066e+03 5.72695909e+03 5.34911826e+03
 3.27989574e+03 2.83281707e+03 2.88029445e+03 3.45595769e+03
 4.97919034e+03 7.98806936e+03 1.52798038e+04 3.64151513e+04
 2.40710322e+04 1.47661500e+04 1.41394293e+03 1.94894837e+03
 2.86610054e+03 5.54877064e+03 4.81759655e+03 5.28636322e+03
 5.83665452e+03 7.27607390e+03 3.70682336e+03 4.26220996e+03
 1.17191667e+04 1.43840032e+04 1.33038018e+04 6.63916267e+03
 3.82911032e+03 2.84571938e+03 2.50178732e+03 3.09538858e+03
 4.60868967e+03 7.72445941e+03 1.47151971e+04 3.27117608e+04
 2.03353018e+04 4.17559762e+03 2.67044034e+03 3.33151438e+03
 8.25782321e+03 8.89275308e+03 1.01588779e+04 6.52110326e+03
 1.98546306e+04 2.10871415e+04 2.45605814e+04 1.22280023e+04
 2.78622167e+03 2.76381238e+03 4.53414626e+03 5.59111775e+03
 4.35487194e+03 2.02499376e+03 1.33376993e+03 1.56742306e+03
 1.80107618e+03 5.23772426e+03 1.00957622e+04 1.12056145e+04
 1.35518813e+04 3.21273049e+03 1.94710939e+03 2.90119299e+03
 2.03472931e+03]
