[6.54436447e+02 1.50243170e+03 7.30456864e+02 6.05902940e+02
 7.39538921e+02 6.05902940e+02 2.78819147e+03 3.15277119e+03
 2.79857097e+03 2.17133671e+03 8.20040589e+02 5.81656697e+02
 5.89829859e+02 6.34782250e+02 5.59861598e+02 5.58499405e+02
 6.57939542e+02 8.52733237e+02 3.06766014e+03 3.76918988e+03
 4.38081484e+03 3.72423749e+03 3.35508301e+03 4.66687551e+03
 3.75693014e+03 2.43929918e+03 7.59878653e+02 5.69169808e+02
 4.43508941e+00 6.06128887e+02 6.07607250e+02 6.75611954e+02
 5.82475076e+02 5.83953439e+02 6.16477429e+02 9.87546576e+02
 2.61670275e+03 3.50815573e+03 5.53203486e+03 6.49592763e+03
 5.96815199e+03 4.69823805e+03 4.33012563e+03 5.30436694e+03
 4.32864727e+03 2.69447692e+03 6.41542124e+02 6.68203615e+02
 5.48226906e+02 7.09862195e+02 6.14880633e+02 5.89885486e+02
 6.14880633e+02 4.83239522e+02 6.03216231e+02 7.08195852e+02
 6.14880633e+02 8.01511070e+02 1.40639364e+03 2.73280282e+03
 3.93923528e+03 5.32063377e+03 6.53039892e+03 7.51187506e+03
 8.30172172e+03 7.14527956e+03 5.53392570e+03 7.44188864e+03
 5.66889950e+03 3.53113021e+03 5.69728572e+02 5.87532590e+02
 5.55881003e+02 7.61616321e+02 6.64683334e+02 6.36988195e+02
 5.42033433e+02 6.84465577e+02 6.21162402e+02 6.21162402e+02
 6.03358384e+02 7.81398563e+02 2.83083884e+03 2.46882381e+03
 3.23241836e+03 4.61321886e+03 6.37779485e+03 7.87926703e+03
 9.10378781e+03 1.10305782e+04 7.48164396e+03 8.09687169e+03
 8.31249813e+03 3.03424510e+03 5.12076630e+02 6.36911231e+02
 9.19699818e+02 1.69673152e+03 1.35279945e+03 1.41394293e+03
 1.47253877e+03 1.62030217e+03 7.74484057e+02 7.36269383e+02
 1.30948949e+03 1.55406340e+03 2.23173695e+03 2.33619040e+03
 2.72343242e+03 3.86987264e+03 5.71946285e+03 7.29900271e+03
 8.42251412e+03 9.28107046e+03 7.04678586e+03 6.61623387e+03
 1.33496594e+04 1.14287377e+03 8.66492530e+02 1.23251093e+03
 1.97948725e+03 2.10273834e+03 2.07285928e+03 9.89743623e+02
 1.85623615e+03 1.91972914e+03 2.09526857e+03 1.53130145e+03
 3.33151438e+03 5.68075491e+03 7.38759579e+03 4.47812303e+03
 1.38190619e+03 7.00959380e+02 5.45190629e+02 1.01249688e+03
 7.78843756e+02 1.32403438e+03 1.09038126e+03 1.32403438e+03
 1.32403438e+03 6.23075004e+02 1.09038126e+03 1.80107618e+03
 6.23075004e+02]
