[3.54008020e+03 1.01251960e+04 3.45637138e+03 3.11255065e+03
 3.72623821e+03 4.73694140e+03 2.33434812e+04 2.01777356e+04
 1.54135480e+04 1.37254634e+04 3.82503982e+03 4.86711798e+03
 3.28969771e+03 3.01453459e+03 2.91645665e+03 2.71757637e+03
 3.56349864e+03 4.77585101e+03 2.20457423e+04 2.32444728e+04
 3.24964922e+04 2.77996484e+04 1.75450545e+04 1.43411750e+04
 1.60847829e+04 1.19215203e+04 3.75947746e+03 2.89167830e+03
 2.06970839e+01 2.90350520e+03 2.73940689e+03 3.34405742e+03
 2.72610163e+03 2.95229119e+03 3.11491113e+03 4.78250475e+03
 1.74387716e+04 1.79414150e+04 3.41206212e+04 9.36766576e+06
 4.40788753e+04 1.60372833e+04 1.15874103e+04 1.05909935e+04
 1.23177217e+04 9.06157421e+03 2.68281252e+03 2.98941966e+03
 2.50618014e+03 3.15105495e+03 2.85444587e+03 2.93776303e+03
 2.73280282e+03 2.37453903e+03 2.92443228e+03 3.37767763e+03
 2.59949536e+03 3.25603457e+03 8.78162856e+03 1.34607202e+04
 1.63568247e+04 3.44333155e+04 1.63274970e+05 2.82878418e+04
 1.30607978e+04 9.25153734e+03 8.09176248e+03 7.78182265e+03
 9.61813284e+03 6.79520016e+03 2.43321578e+03 2.67653736e+03
 2.67258091e+03 3.34122069e+03 3.07218220e+03 3.13746360e+03
 2.85259931e+03 3.39265452e+03 3.05833463e+03 3.21659256e+03
 2.52817054e+03 3.15328939e+03 1.11413587e+04 9.96629357e+03
 1.17466954e+04 1.93232941e+04 2.20928080e+04 1.98692840e+04
 1.18376937e+04 7.41636256e+03 6.06523543e+03 6.30064411e+03
 7.30558201e+03 5.74239166e+03 2.46102500e+03 3.40365362e+03
 5.30419673e+03 1.09803496e+04 9.36514274e+03 8.68746919e+03
 8.88618550e+03 9.99950633e+03 4.48895036e+03 3.44186829e+03
 5.24560090e+03 6.30796883e+03 7.66331593e+03 8.21870253e+03
 9.20209347e+03 1.20299793e+04 1.22592674e+04 1.10313025e+04
 1.86029032e+04 6.40987463e+03 5.38572137e+03 5.24305325e+03
 6.21115833e+03 7.51084689e+03 7.80590253e+03 8.44083240e+03
 1.45959173e+04 1.49021776e+04 1.46631451e+04 5.70689908e+03
 5.97581055e+03 5.91605245e+03 6.48748933e+03 8.44456728e+03
 1.26500440e+04 9.91611063e+03 9.75551072e+03 6.30821501e+03
 6.40158705e+03 5.47137738e+03 6.42546098e+03 1.02612665e+04
 6.50334536e+03 1.10303747e+04 6.25995669e+03 7.91499967e+03
 5.08195550e+03 6.73699849e+03 7.66187545e+03 7.59372662e+03
 5.79265043e+03]
