[7.06740335e+02 1.58676509e+03 7.61595345e+02 6.26661928e+02
 7.60297908e+02 6.78559396e+02 3.51864834e+03 3.90528448e+03
 3.23710457e+03 2.52142048e+03 8.63630787e+02 5.92554246e+02
 5.78932310e+02 6.12987151e+02 5.58499405e+02 5.47601855e+02
 6.68837092e+02 8.64992980e+02 3.05676259e+03 3.56213645e+03
 4.72000107e+03 6.79462202e+03 7.21417767e+03 4.41486968e+03
 4.45982207e+03 3.08238714e+03 8.19013178e+02 5.80996713e+02
 4.43508941e+00 5.92823618e+02 5.82475076e+02 6.28304334e+02
 5.58821266e+02 5.60299629e+02 6.16477429e+02 1.08364018e+03
 2.72462326e+03 2.92420229e+03 3.47563174e+03 4.56814210e+03
 6.68220138e+03 1.04431572e+04 1.04461139e+04 5.16392244e+03
 6.79160026e+03 3.72760969e+03 7.09862195e+02 6.94865106e+02
 5.48226906e+02 6.94865106e+02 5.61557652e+02 5.36562504e+02
 5.86552799e+02 4.56578031e+02 5.76554740e+02 6.94865106e+02
 6.14880633e+02 8.94826288e+02 1.68800564e+03 3.31102390e+03
 3.34934979e+03 3.32435464e+03 3.95423237e+03 5.51226324e+03
 8.35504470e+03 1.39172982e+04 8.52501171e+03 5.81887038e+03
 1.04013141e+04 5.57067937e+03 6.50835765e+02 5.87532590e+02
 5.69728572e+02 7.14138940e+02 6.17205953e+02 5.73685021e+02
 5.26207640e+02 6.52813989e+02 6.05336608e+02 6.52813989e+02
 6.35009971e+02 9.23830706e+02 3.16318051e+03 4.01183870e+03
 3.47178349e+03 3.00690080e+03 3.48563106e+03 4.34615859e+03
 6.68046316e+03 1.17308696e+04 1.78277566e+04 1.28228493e+04
 1.08723203e+04 4.10170833e+03 6.13982427e+02 6.57292390e+02
 9.37533332e+02 1.63558804e+03 1.31203714e+03 1.37318061e+03
 1.47253877e+03 1.66106449e+03 8.15246376e+02 8.17794021e+02
 1.69418387e+03 2.02537771e+03 2.61897898e+03 4.09916068e+03
 3.99470724e+03 2.76419474e+03 2.89157699e+03 3.54632173e+03
 5.08000398e+03 9.03394890e+03 1.88118101e+04 1.84041869e+04
 1.08223956e+04 1.38190619e+03 9.56129688e+02 1.22877604e+03
 2.03551047e+03 2.07285928e+03 2.10273834e+03 1.10925983e+03
 2.39779398e+03 2.60694735e+03 2.72646356e+03 1.86370592e+03
 2.39405910e+03 2.61441712e+03 4.56029043e+03 5.97954543e+03
 1.74045482e+03 7.78843756e+02 6.23075004e+02 1.01249688e+03
 7.78843756e+02 1.40191876e+03 1.47980314e+03 1.56742306e+03
 1.71345626e+03 7.00959380e+02 9.34612507e+02 2.26838244e+03
 7.78843756e+02]
