[2.27713267e+03 7.72493813e+03 2.82970945e+03 2.39117584e+03
 2.73499657e+03 2.39117584e+03 1.25695668e+04 1.30729722e+04
 1.29899363e+04 1.43847652e+04 3.34282327e+03 2.50098758e+03
 2.54185339e+03 2.60860088e+03 2.31300485e+03 2.12502212e+03
 2.53368023e+03 2.53095584e+03 1.02518696e+04 8.94416363e+03
 9.29288521e+03 1.16385827e+04 1.40796338e+04 1.65097873e+04
 1.97245643e+04 1.74919926e+04 3.28196617e+03 2.59452731e+03
 2.06970839e+01 2.55756823e+03 2.53539278e+03 2.66548874e+03
 2.78523615e+03 2.51321733e+03 2.35503248e+03 3.27161762e+03
 7.92402642e+03 6.86256169e+03 6.71472537e+03 7.81758427e+03
 1.04431572e+04 1.79355016e+04 2.18028996e+04 1.95676145e+04
 2.03600171e+04 1.69433775e+04 2.88277370e+03 2.94942743e+03
 2.43952642e+03 3.08273488e+03 2.59949536e+03 2.53617432e+03
 2.80112289e+03 2.36120829e+03 2.92443228e+03 3.00275041e+03
 2.14291733e+03 3.00108407e+03 4.38248256e+03 5.63057361e+03
 5.22565221e+03 5.49726615e+03 6.97197987e+03 9.68478656e+03
 1.71366733e+04 6.52140067e+04 4.24850857e+04 2.00627719e+04
 1.94095654e+04 1.35627052e+04 2.59345194e+03 2.61125596e+03
 2.46486737e+03 3.37287228e+03 2.84864286e+03 3.08998622e+03
 3.02668304e+03 3.48760928e+03 3.27989574e+03 2.97920566e+03
 2.36991260e+03 2.89809847e+03 6.09095234e+03 4.69630427e+03
 4.25318205e+03 4.64684867e+03 5.98412823e+03 8.82287997e+03
 1.77565405e+04 9.70121152e+04 5.61815676e+04 2.06289221e+04
 1.68702961e+04 1.10313025e+04 2.54254963e+03 3.24060434e+03
 4.91440706e+03 1.11383036e+04 1.01625556e+04 9.73455126e+03
 1.05064877e+04 1.36910438e+04 5.69908170e+03 4.52716503e+03
 1.04071295e+04 1.24172214e+04 1.07816333e+04 5.53348478e+03
 4.09661304e+03 4.32335344e+03 5.06471811e+03 8.20086901e+03
 1.52043449e+04 4.03343144e+04 3.99368818e+04 1.70997927e+04
 1.52502025e+04 6.76013569e+03 4.62004853e+03 7.08880527e+03
 1.58583072e+04 1.64633581e+04 1.65231162e+04 8.02252566e+03
 1.40543594e+04 1.53503634e+04 1.42933919e+04 8.82926009e+03
 4.44077422e+03 6.73399151e+03 1.93168076e+04 2.92665322e+04
 8.64998577e+03 4.76068246e+03 2.82330861e+03 8.14865279e+03
 6.33784106e+03 1.18092184e+04 1.13516477e+04 1.30066907e+04
 1.11179946e+04 3.13484612e+03 4.76068246e+03 3.46001338e+04
 5.80238598e+03]
