[2.62667572e+03 6.13687560e+03 2.43269382e+03 2.56892467e+03
 3.25526869e+03 4.95620821e+03 1.84547397e+04 1.33635980e+04
 9.97988312e+03 7.89255012e+03 2.59634113e+03 2.02966857e+03
 2.23399762e+03 2.70667882e+03 2.37839015e+03 2.39882305e+03
 4.19828089e+03 7.78902340e+03 3.49375432e+04 2.40290963e+04
 1.45972674e+04 1.03472231e+04 8.57092257e+03 8.28758629e+03
 9.70699209e+03 7.12571032e+03 2.19980435e+03 1.87899955e+03
 1.47836314e+01 2.04457622e+03 2.11849438e+03 2.36685938e+03
 2.17762890e+03 2.52208751e+03 3.86296288e+03 8.07777619e+03
 3.87212873e+04 1.67090515e+05 3.12703371e+04 1.19451742e+04
 7.99203112e+03 6.42496620e+03 5.75970279e+03 5.90310401e+03
 7.41842623e+03 5.61557652e+03 1.93129175e+03 1.87630242e+03
 1.78132086e+03 2.18457591e+03 2.06293286e+03 1.90463025e+03
 1.79465160e+03 1.83797653e+03 2.26622672e+03 2.75946431e+03
 3.22770674e+03 5.27897519e+03 1.80098371e+04 7.29991620e+04
 4.65509631e+04 1.70566888e+04 1.25775583e+04 6.39875781e+03
 4.85405768e+03 4.19585213e+03 4.27417026e+03 4.47913047e+03
 5.91051926e+03 4.80312838e+03 1.68544703e+03 1.81600982e+03
 1.87733477e+03 2.19385065e+03 2.06922252e+03 2.00789757e+03
 1.91096459e+03 2.24528448e+03 2.19780710e+03 2.41936821e+03
 2.75170988e+03 4.15427084e+03 1.67041252e+04 2.37466034e+04
 2.01857998e+04 1.06903236e+04 7.38273275e+03 6.76552680e+03
 4.13251037e+03 3.50145685e+03 3.34319891e+03 3.77247357e+03
 4.69630427e+03 4.34628224e+03 2.00754420e+03 2.37950036e+03
 3.29665253e+03 7.06461937e+03 6.16784836e+03 5.79843985e+03
 5.95894148e+03 6.06594256e+03 3.09029329e+03 2.66228895e+03
 4.05330307e+03 5.54877064e+03 9.44921502e+03 1.38133308e+04
 1.53673942e+04 7.82636521e+03 5.49272246e+03 4.32590108e+03
 3.93356376e+03 3.09284094e+03 3.09284094e+03 3.50046413e+03
 4.42780688e+03 7.72373514e+03 6.81615891e+03 5.97581055e+03
 8.10095818e+03 9.13178550e+03 7.90300945e+03 3.69379790e+03
 4.50053232e+03 5.34088068e+03 7.77975836e+03 1.24670348e+04
 5.97207567e+03 3.78716994e+03 3.17838424e+03 5.64714097e+03
 6.90953095e+03 4.84830238e+03 3.99157425e+03 6.81488286e+03
 4.14734300e+03 6.80514731e+03 3.20299494e+03 6.81488286e+03
 3.43664807e+03 3.36849924e+03 3.97210315e+03 4.77041800e+03
 5.87053481e+03]
