[3.38316853e+03 9.79045736e+03 3.36295593e+03 3.06065318e+03
 3.61076634e+03 5.18585450e+03 2.82737406e+04 2.42776356e+04
 1.42873730e+04 1.18892263e+04 3.70244239e+03 3.24610751e+03
 2.92599200e+03 2.93688955e+03 2.66445082e+03 2.55411313e+03
 3.67247413e+03 5.57273430e+03 2.60887332e+04 3.05131382e+04
 3.77164183e+04 1.99098227e+04 1.34257808e+04 1.18837776e+04
 1.35892440e+04 1.03308016e+04 3.49632882e+03 2.74975544e+03
 2.06970839e+01 2.45112608e+03 2.65366183e+03 2.97298827e+03
 2.46295299e+03 2.73792853e+03 3.12821640e+03 4.88894690e+03
 2.11760736e+04 2.67051517e+04 1.65955132e+05 9.93460029e+04
 1.89407885e+04 1.13006078e+04 8.99140461e+03 8.71347234e+03
 1.06294310e+04 7.74849579e+03 2.31954971e+03 2.46785425e+03
 2.81445363e+03 2.97608892e+03 2.70614132e+03 2.45452350e+03
 2.29122187e+03 2.06626554e+03 2.61615879e+03 3.08273488e+03
 2.62449051e+03 3.36268054e+03 9.51481956e+03 1.68367315e+04
 2.91676710e+04 1.96761803e+05 5.18166075e+04 1.50770731e+04
 8.90493795e+03 6.71702936e+03 6.19213126e+03 6.42375296e+03
 8.70830946e+03 5.82389207e+03 2.06724430e+03 2.24528448e+03
 2.49849718e+03 3.03855239e+03 2.57564792e+03 2.64290754e+03
 2.38969485e+03 2.85062109e+03 2.67455913e+03 2.76951389e+03
 2.44904157e+03 3.10383378e+03 1.17071309e+04 1.17150438e+04
 1.69415121e+04 6.14199053e+04 1.68623832e+04 1.55369729e+04
 7.55681648e+03 5.47770284e+03 4.88819202e+03 5.26603285e+03
 6.79717838e+03 4.98319347e+03 2.15275996e+03 2.89157699e+03
 4.54499854e+03 9.89250524e+03 8.13463024e+03 7.54102898e+03
 7.83910343e+03 8.35882300e+03 3.83165797e+03 2.95017282e+03
 4.66983315e+03 5.81627336e+03 7.84674637e+03 9.22247463e+03
 1.17803101e+04 1.52960601e+04 1.00453639e+04 8.13717789e+03
 8.97535307e+03 4.75390543e+03 4.26220996e+03 4.44564039e+03
 5.96658441e+03 7.51084689e+03 7.35398186e+03 7.41747485e+03
 1.26687184e+04 1.30982298e+04 1.29488345e+04 4.77691356e+03
 5.22136447e+03 5.31473651e+03 6.51736838e+03 8.92263213e+03
 1.14175330e+04 6.84977284e+03 5.40437367e+03 5.80027112e+03
 6.43146611e+03 4.37126058e+03 4.85803793e+03 8.53807467e+03
 4.93592230e+03 8.91776100e+03 4.45888050e+03 6.73699849e+03
 3.99157425e+03 6.58122973e+03 5.46164184e+03 5.87053481e+03
 5.40322855e+03]
