[3.22242976e+03 9.58027261e+03 3.30976103e+03 2.83100689e+03
 3.44469445e+03 4.08952049e+03 2.18488341e+04 2.03853255e+04
 1.63321332e+04 1.36164879e+04 3.51718405e+03 2.76389096e+03
 3.11261253e+03 3.00499924e+03 3.37687811e+03 2.52142048e+03
 3.14666738e+03 4.01029816e+03 1.95937937e+04 1.87655800e+04
 2.39419159e+04 2.89438911e+04 2.02694418e+04 1.64444020e+04
 1.76649275e+04 1.34708449e+04 3.42684575e+03 2.72314490e+03
 2.21754471e+01 2.76010398e+03 2.77340925e+03 3.16517548e+03
 2.59452731e+03 2.69062091e+03 2.74827707e+03 3.84226580e+03
 1.52034865e+04 1.43756032e+04 1.86569428e+04 5.90399103e+04
 1.60088987e+05 2.54160191e+04 1.44229108e+04 1.22349333e+04
 1.39853153e+04 9.97473028e+03 2.81611997e+03 2.82945072e+03
 2.42619567e+03 3.13605786e+03 2.82778438e+03 2.76446334e+03
 2.80112289e+03 2.22790083e+03 2.77612774e+03 3.22937308e+03
 2.39786784e+03 2.70614132e+03 6.72702742e+03 1.11278398e+04
 1.19810075e+04 1.85297362e+04 5.79620812e+04 1.21256461e+05
 2.18357610e+04 1.19610113e+04 9.86141894e+03 8.96159362e+03
 1.07712423e+04 7.17699743e+03 2.30660943e+03 2.72401474e+03
 2.53014876e+03 3.30956910e+03 3.11768135e+03 3.12163780e+03
 2.78731791e+03 3.26406995e+03 2.85062109e+03 2.96140164e+03
 2.05141851e+03 2.69038493e+03 9.35700051e+03 8.22941271e+03
 8.98113791e+03 1.22214692e+04 2.01145838e+04 2.61046467e+04
 2.13331699e+04 9.83573077e+03 7.56275115e+03 7.43021013e+03
 8.06917655e+03 5.82391630e+03 2.29542808e+03 3.42403478e+03
 5.22267209e+03 1.16529279e+04 9.58933549e+03 9.15878350e+03
 9.23521285e+03 1.11892565e+04 4.44818804e+03 3.21767554e+03
 5.24305325e+03 6.20606304e+03 7.13340579e+03 6.66209148e+03
 7.33466974e+03 9.11802118e+03 1.25649848e+04 1.37725685e+04
 2.23275601e+04 8.17284492e+03 6.63661503e+03 5.75512988e+03
 6.55763803e+03 6.37170800e+03 6.96555417e+03 7.95903268e+03
 1.47154335e+04 1.56267446e+04 1.51150658e+04 5.64714097e+03
 6.09532676e+03 5.97581055e+03 6.33435918e+03 7.66024215e+03
 1.40580943e+04 1.97127051e+04 1.20972815e+04 6.49122421e+03
 5.79653623e+03 3.98183870e+03 6.10418793e+03 9.16114967e+03
 5.55899731e+03 1.04754485e+04 5.08195550e+03 6.58122973e+03
 4.30311175e+03 3.83580550e+03 9.78422468e+03 7.74949537e+03
 4.38099612e+03]
