[3.60131402e+03 1.05222117e+04 3.47713036e+03 3.35257644e+03
 3.77943312e+03 4.89393124e+03 2.47654718e+04 2.29386809e+04
 1.59999894e+04 1.32895614e+04 4.34948439e+03 3.09354182e+03
 3.55260109e+03 3.91358241e+03 2.86196890e+03 2.72847392e+03
 3.63978149e+03 5.10141529e+03 2.45085885e+04 2.63938645e+04
 3.48612604e+04 2.94233833e+04 1.96537303e+04 1.76267861e+04
 1.72235768e+04 1.13981798e+04 3.66338386e+03 3.08238714e+03
 2.21754471e+01 3.00994735e+03 2.69209927e+03 3.28344453e+03
 2.72610163e+03 2.91681047e+03 3.16369712e+03 4.75885094e+03
 1.83671836e+04 2.11287660e+04 4.58647380e+04 1.04243288e+07
 3.26067774e+04 1.87515580e+04 1.29977687e+04 1.25246925e+04
 1.38433924e+04 8.60832887e+03 2.72280476e+03 2.93609668e+03
 2.62782319e+03 3.15105495e+03 3.02941190e+03 2.85777855e+03
 2.67947983e+03 2.37453903e+03 2.88444004e+03 3.36434688e+03
 2.63948760e+03 3.25603457e+03 8.76163244e+03 1.48571158e+04
 1.84430863e+04 4.73508078e+04 1.01100373e+05 2.30755204e+04
 1.18010424e+04 8.58166738e+03 9.67478850e+03 8.26506217e+03
 1.17710482e+04 6.46088027e+03 2.43321578e+03 2.69236315e+03
 2.80116548e+03 3.43617545e+03 3.18494098e+03 3.08998622e+03
 2.83479529e+03 3.29572153e+03 2.99503145e+03 3.16911518e+03
 2.59345194e+03 3.12163780e+03 1.11967490e+04 1.02511579e+04
 1.29257170e+04 2.01145838e+04 2.07555284e+04 1.91017330e+04
 1.03105046e+04 7.00093548e+03 5.95445487e+03 6.42725046e+03
 7.84761544e+03 5.57679474e+03 2.54254963e+03 3.46479710e+03
 5.30419673e+03 1.07969192e+04 9.30399926e+03 8.52441992e+03
 8.68237390e+03 9.59188314e+03 4.40742572e+03 3.33996250e+03
 5.20229094e+03 6.22644419e+03 7.72700705e+03 8.38429945e+03
 9.73455126e+03 1.34006123e+04 1.19331688e+04 1.02899378e+04
 1.46744348e+04 6.12708604e+03 5.22521974e+03 5.24814854e+03
 7.01111883e+03 7.72373514e+03 7.92915362e+03 8.38107430e+03
 1.41439966e+04 1.46930242e+04 1.43344756e+04 5.55750381e+03
 6.12520581e+03 5.85629434e+03 6.57712649e+03 8.65372065e+03
 1.20487280e+04 8.86660891e+03 8.49685563e+03 6.40158705e+03
 6.70411246e+03 5.78291488e+03 6.81488286e+03 1.04170352e+04
 6.81488286e+03 1.09524903e+04 6.10418793e+03 8.30442154e+03
 5.15983988e+03 7.20430474e+03 7.26271802e+03 7.99288404e+03
 6.26969223e+03]
