[3.31172908e+03 7.78721509e+03 4.02983840e+03 3.19688404e+03
 3.66396125e+03 5.22737248e+03 2.21394599e+04 1.67888309e+04
 1.21128691e+04 1.00175722e+04 4.14379314e+03 3.49811334e+03
 3.48585360e+03 2.87150426e+03 2.70804102e+03 2.68488372e+03
 3.90268486e+03 6.14621784e+03 2.56528312e+04 3.56022937e+04
 2.73201562e+04 1.52184277e+04 1.11427442e+04 1.03063573e+04
 1.19219190e+04 9.16289473e+03 2.96116137e+03 2.51173897e+03
 2.51321733e+01 2.49843370e+03 2.51173897e+03 2.92715901e+03
 2.53539278e+03 2.89167830e+03 3.49632882e+03 5.55421031e+03
 2.21281394e+04 3.94427285e+04 1.00186186e+07 3.44636015e+04
 1.31337781e+04 9.20724562e+03 7.59287308e+03 7.49825784e+03
 9.20428890e+03 7.34524074e+03 2.36120829e+03 2.53284163e+03
 2.46618791e+03 2.98941966e+03 2.66781543e+03 2.49618208e+03
 2.42452933e+03 2.21457009e+03 2.70947401e+03 3.23103943e+03
 2.91943325e+03 3.95089968e+03 1.09878669e+04 1.98361492e+04
 5.96684166e+04 5.28830672e+04 2.97275623e+04 1.07312501e+04
 7.08195852e+03 5.72555517e+03 5.52059496e+03 5.68722927e+03
 7.39523103e+03 6.01380160e+03 2.21165467e+03 2.45299802e+03
 2.54597456e+03 3.14933294e+03 2.65873334e+03 2.69236315e+03
 2.45497624e+03 2.99305323e+03 2.81896950e+03 2.83479529e+03
 2.75170988e+03 3.45595769e+03 1.26289834e+04 1.30839749e+04
 2.45141544e+04 1.94815520e+04 1.29494557e+04 1.22570772e+04
 6.12260393e+03 4.83675819e+03 4.42528756e+03 4.80312838e+03
 5.93862908e+03 5.66086702e+03 2.43809619e+03 3.13615090e+03
 4.56537970e+03 9.44411973e+03 7.93081865e+03 7.37543206e+03
 7.61491068e+03 7.95119981e+03 3.87496793e+03 3.07500742e+03
 4.97809818e+03 6.04046612e+03 8.11679673e+03 1.06185840e+04
 1.46183866e+04 1.18822159e+04 8.28239365e+03 6.90666539e+03
 6.72068731e+03 4.30297228e+03 4.03546956e+03 4.26220996e+03
 5.35005434e+03 8.20179998e+03 7.89553969e+03 7.56687011e+03
 1.22205326e+04 1.25566719e+04 1.25305277e+04 4.98980181e+03
 5.49401083e+03 5.61726192e+03 7.32783769e+03 9.97586874e+03
 1.06332079e+04 5.74051301e+03 4.67980664e+03 6.15881975e+03
 7.03278204e+03 6.32810551e+03 6.03603911e+03 9.87184460e+03
 5.80238598e+03 9.85237351e+03 5.55899731e+03 8.30442154e+03
 4.69253363e+03 5.09169105e+03 5.61741059e+03 6.34757661e+03
 6.81488286e+03]
