[3.66382354e+03 1.03561398e+04 3.49788935e+03 3.20596609e+03
 3.76905362e+03 4.82127479e+03 3.14913837e+04 2.10080951e+04
 1.66642770e+04 1.33985369e+04 3.99940061e+03 3.71742652e+03
 3.45316095e+03 3.07991989e+03 2.88376400e+03 2.77206412e+03
 3.62888394e+03 4.94748741e+03 2.29284438e+04 2.40726865e+04
 3.26708530e+04 2.76252876e+04 1.71963329e+04 1.45155357e+04
 1.88473116e+04 1.16849822e+04 3.78313127e+03 2.92863738e+03
 2.21754471e+01 2.96263973e+03 2.72757999e+03 3.35588432e+03
 2.76158234e+03 2.95229119e+03 3.15039185e+03 4.53266138e+03
 1.80596841e+04 1.82725684e+04 3.62139834e+04 9.14361687e+06
 3.99867662e+04 1.54695919e+04 1.13242616e+04 1.03988063e+04
 1.25601732e+04 8.84828229e+03 2.72280476e+03 3.01608116e+03
 2.54617238e+03 3.13772421e+03 2.96275817e+03 2.95276011e+03
 2.72113841e+03 2.40120052e+03 2.89777079e+03 3.43100061e+03
 2.65281834e+03 3.25603457e+03 9.00825123e+03 1.34607202e+04
 1.67034240e+04 3.68461804e+04 1.27281957e+05 2.65615103e+04
 1.26342140e+04 9.11489719e+03 8.06510099e+03 7.64851520e+03
 9.53814836e+03 6.68441960e+03 2.41738998e+03 2.70818894e+03
 2.72203651e+03 3.38869807e+03 3.10383378e+03 3.13746360e+03
 2.85259931e+03 3.39265452e+03 3.05833463e+03 3.15328939e+03
 2.57762615e+03 3.18494098e+03 1.09989266e+04 9.96629357e+03
 1.21304709e+04 1.96160713e+04 2.17129889e+04 1.96714615e+04
 1.13906150e+04 7.31942958e+03 6.03358384e+03 6.31646990e+03
 7.22645304e+03 5.72201050e+03 2.52216847e+03 3.44441594e+03
 5.42648369e+03 1.09599685e+04 9.34476158e+03 8.66708803e+03
 8.88618550e+03 9.91798169e+03 4.44818804e+03 3.42148713e+03
 5.24560090e+03 6.30796883e+03 7.64548242e+03 8.30022716e+03
 9.36769039e+03 1.23560779e+04 1.21573616e+04 1.07816333e+04
 1.73341761e+04 6.34873115e+03 5.32457789e+03 5.28381557e+03
 6.25192064e+03 7.54446082e+03 7.92915362e+03 8.62010672e+03
 1.44465220e+04 1.48722985e+04 1.46631451e+04 5.70689908e+03
 5.97581055e+03 5.91605245e+03 6.54724744e+03 8.44456728e+03
 1.23213744e+04 9.49780389e+03 9.45298532e+03 6.33809407e+03
 6.52110326e+03 5.39349301e+03 6.73699849e+03 1.02612665e+04
 6.65911411e+03 1.11082591e+04 6.25995669e+03 8.22653717e+03
 5.08195550e+03 7.28218911e+03 7.50610669e+03 7.59372662e+03
 5.88027035e+03]
