[2.14445939e+03 4.74732090e+03 1.78527290e+03 1.91112426e+03
 2.62990420e+03 3.93253065e+03 1.59117637e+04 1.12358018e+04
 8.30878465e+03 5.59316721e+03 1.98199179e+03 1.46980697e+03
 1.54336543e+03 1.53246788e+03 1.70001770e+03 2.10322703e+03
 4.22007599e+03 7.71001617e+03 2.68188690e+04 1.68748552e+04
 1.10228712e+04 8.13229621e+03 6.88452681e+03 6.77282693e+03
 7.97428174e+03 5.03234812e+03 1.73559832e+03 1.40296662e+03
 1.18269051e+01 1.33200519e+03 1.52419240e+03 2.02240077e+03
 1.85682410e+03 2.17615054e+03 4.30351509e+03 1.20102221e+04
 6.62779762e+04 4.58883918e+04 1.40917574e+04 8.39710262e+03
 6.09085613e+03 5.09000428e+03 4.67310588e+03 4.85198782e+03
 6.13225030e+03 3.99422460e+03 1.47471371e+03 1.40639364e+03
 1.47304737e+03 1.55469819e+03 1.39306290e+03 1.51637229e+03
 1.39139656e+03 1.44805222e+03 1.82464578e+03 2.34287851e+03
 3.71094626e+03 7.69184012e+03 4.04188202e+04 8.87561031e+04
 1.98961376e+04 1.00247206e+04 7.85847444e+03 4.77407321e+03
 3.78093268e+03 3.36434688e+03 3.48099090e+03 3.72760969e+03
 4.91737872e+03 3.43617545e+03 1.43025610e+03 1.46388592e+03
 1.43025610e+03 1.57268825e+03 1.60433983e+03 1.51334152e+03
 1.43421255e+03 1.73490263e+03 1.75072843e+03 2.24330625e+03
 2.95744519e+03 5.45989882e+03 2.37386905e+04 9.66955994e+04
 1.30523233e+04 7.60627209e+03 5.43813835e+03 4.34615859e+03
 3.08602977e+03 2.73786231e+03 2.70621072e+03 3.18296275e+03
 3.96238309e+03 3.34251014e+03 1.59992101e+03 1.82411377e+03
 2.41261974e+03 5.24305325e+03 4.91950235e+03 4.48895036e+03
 4.64690434e+03 4.48895036e+03 2.41771503e+03 2.39478623e+03
 3.93101612e+03 5.97932264e+03 1.23356967e+04 3.11424116e+04
 9.07471122e+03 6.06339492e+03 3.91573025e+03 3.17691322e+03
 2.86610054e+03 2.43554855e+03 2.53745434e+03 2.92979166e+03
 3.81127681e+03 6.99916811e+03 5.91231756e+03 4.65366247e+03
 5.73304325e+03 6.42773122e+03 5.71063396e+03 2.79369143e+03
 3.92909544e+03 5.25497840e+03 7.62662822e+03 6.30821501e+03
 4.11210464e+03 2.88706347e+03 2.39779398e+03 5.04955992e+03
 6.61074042e+03 3.90395432e+03 2.73568869e+03 4.38099612e+03
 2.96934182e+03 4.76068246e+03 2.03472931e+03 7.12642036e+03
 3.82606995e+03 1.87896056e+03 2.72595314e+03 4.22522737e+03
 4.45888050e+03]
