[ 30.6169098   62.27696174  31.13848087  10.37949362  20.75898725
  10.37949362 125.85136018 166.07189797 124.55392348  76.2828455
  32.69264807  10.89754936  10.89754936  21.79509871  21.79509871
  21.79509871  21.79509871  43.59019743 152.56569099 196.15588842
 207.05343778 217.95098713 230.21073016 239.74608585 174.36078971
  94.61524083  35.48071531  11.8269051   23.65381021  11.8269051
  11.8269051   11.8269051    0.          11.8269051   11.8269051
  23.65381021 130.09595614 201.05738676 224.71119697 226.18956011
 260.19191228 238.01646521 272.01881738 260.19191228 189.23048166
  93.31521808  26.66149088  26.66149088   0.          26.66149088
  26.66149088   0.          26.66149088  13.33074544   0.
  26.66149088  26.66149088  13.33074544  79.98447264 199.9611816
 239.95341792 253.28416336 266.6149088  254.95050654 254.95050654
 279.94565424 293.27639968 266.6149088  199.9611816   94.95476206
  15.82579368  15.82579368  15.82579368  31.65158735  15.82579368
   0.           0.          15.82579368   0.          15.82579368
  31.65158735  15.82579368 142.43214309 189.90952412 191.88774833
 253.21269883 284.86428619 255.19092304 316.51587354 316.51587354
 255.19092304 300.69007986 189.90952412  40.76231879   0.
  20.38115939   0.          61.14347818  20.38115939  40.76231879
  40.76231879  20.38115939  20.38115939  20.38115939  20.38115939
  40.76231879  61.14347818 163.04927515 203.81159393 244.57391272
 244.57391272 264.95507211 244.57391272 264.95507211 264.95507211
 264.95507211 163.04927515   0.           0.           0.
  59.75810551  59.75810551  29.87905276   0.          29.87905276
  59.75810551  59.75810551  29.87905276 179.27431653 179.27431653
 239.03242204  89.63715827   0.           0.           0.
   0.           0.           0.           0.           0.
   0.           0.           0.          77.88437555   0.        ]
