[9.52951318e+02 2.05643717e+03 4.48913099e+02 3.55497657e+02
 5.30651611e+02 1.16769303e+03 7.78721509e+03 5.59454706e+03
 4.14401283e+03 2.65355327e+03 5.02649464e+02 2.86060671e+02
 2.94233833e+02 3.05131382e+02 2.84698477e+02 3.17391125e+02
 5.04011658e+02 1.35674489e+03 1.05352058e+04 7.00984862e+03
 4.83033875e+03 3.88906293e+03 3.45316095e+03 3.57030961e+03
 4.19146992e+03 2.34468394e+03 4.96730014e+02 3.19326438e+02
 1.47836314e+00 2.60191912e+02 2.38016465e+02 2.95672628e+02
 2.61670275e+02 3.08977896e+02 4.84903109e+02 1.26104376e+03
 1.37487772e+04 7.87080535e+03 5.13731190e+03 3.78165291e+03
 2.91385374e+03 2.48660680e+03 2.60487585e+03 2.68766418e+03
 3.49337209e+03 1.94295615e+03 3.88257961e+02 3.33268636e+02
 2.39953418e+02 3.06607145e+02 2.53284163e+02 2.14958270e+02
 2.39953418e+02 1.88296779e+02 2.41619761e+02 3.59930127e+02
 4.39914600e+02 1.00147225e+03 2.18290957e+04 9.06157421e+03
 5.43894414e+03 3.81925857e+03 4.38414891e+03 2.10625778e+03
 1.75799205e+03 1.68800564e+03 1.87463608e+03 2.21123740e+03
 2.59949536e+03 1.57268825e+03 3.16515874e+02 2.69038493e+02
 2.53212699e+02 2.84864286e+02 2.37386905e+02 2.37386905e+02
 2.05735318e+02 2.69038493e+02 2.39365129e+02 3.02668304e+02
 3.79819048e+02 8.11071926e+02 1.26289834e+04 6.89015492e+03
 5.02864594e+03 3.08602977e+03 2.90996781e+03 1.59247049e+03
 1.39860452e+03 1.33530134e+03 1.41640853e+03 1.65379544e+03
 2.03757094e+03 1.14898786e+03 2.87883876e+02 3.46479710e+02
 4.07623188e+02 7.94865216e+02 6.13982427e+02 5.73220108e+02
 6.31815941e+02 6.34363586e+02 3.46479710e+02 3.46479710e+02
 5.91053622e+02 8.35627535e+02 3.13105561e+03 4.40742572e+03
 3.74758568e+03 2.39478623e+03 1.70182681e+03 1.47508641e+03
 1.16427373e+03 1.08274909e+03 1.22541721e+03 1.42922880e+03
 1.66106449e+03 9.00106464e+02 6.87218213e+02 6.31194989e+02
 8.96371583e+02 9.00106464e+02 8.10469306e+02 3.88427686e+02
 6.87218213e+02 8.36613477e+02 1.01588779e+03 9.00106464e+02
 1.37817131e+03 9.89743623e+02 8.66492530e+02 9.00106464e+02
 8.40348359e+02 4.67306253e+02 3.89421878e+02 5.45190629e+02
 3.11537502e+02 6.23075004e+02 4.67306253e+02 5.45190629e+02
 5.45190629e+02 3.11537502e+02 4.67306253e+02 8.56728131e+02
 4.67306253e+02]
