[1.03587212e+03 2.50405284e+03 5.94226010e+02 4.90431074e+02
 6.77261959e+02 1.38695984e+03 9.62438546e+03 7.35127636e+03
 4.98994156e+03 3.12487228e+03 6.66112704e+02 3.95036164e+02
 4.14106876e+02 4.03209326e+02 3.82776421e+02 4.37264168e+02
 6.68837092e+02 1.67549821e+03 1.45046382e+04 9.20298043e+03
 6.87907803e+03 7.55200170e+03 5.27305169e+03 6.48676625e+03
 5.38883816e+03 2.80741160e+03 6.77090317e+02 4.25768584e+02
 2.95672628e+00 3.54807153e+02 3.32631706e+02 3.90287868e+02
 3.56285516e+02 4.03593137e+02 6.38652876e+02 1.68829070e+03
 1.86510293e+04 1.06560415e+04 8.11325690e+03 5.60299629e+03
 5.18609789e+03 3.36623287e+03 3.07795205e+03 3.50815573e+03
 3.97975357e+03 2.18457591e+03 5.61557652e+02 4.66576090e+02
 3.33268636e+02 4.13253109e+02 3.46599381e+02 3.08273488e+02
 3.19937891e+02 2.68281252e+02 3.34934979e+02 4.79906836e+02
 5.46560563e+02 1.10978456e+03 2.41286492e+04 1.29508192e+04
 6.91532420e+03 4.56911300e+03 3.48598993e+03 3.44766404e+03
 2.53450798e+03 2.18457591e+03 2.25122964e+03 2.46618791e+03
 3.28269606e+03 1.79622758e+03 4.11470636e+02 3.63993255e+02
 3.48167461e+02 3.95644842e+02 3.32341667e+02 3.02668304e+02
 2.55190923e+02 3.50145685e+02 3.34319891e+02 4.13448860e+02
 4.58948017e+02 9.55482293e+02 1.53628892e+04 9.67747283e+03
 5.66563414e+03 3.40254564e+03 2.78336146e+03 2.11867813e+03
 2.62312530e+03 2.14835149e+03 2.03757094e+03 2.33628279e+03
 2.56180035e+03 1.37318061e+03 3.69408514e+02 4.10170833e+02
 5.50291304e+02 1.02160561e+03 7.99960506e+02 7.59198187e+02
 8.56008695e+02 8.61103984e+02 4.48385507e+02 4.48385507e+02
 7.74484057e+02 1.08020145e+03 3.91063496e+03 5.28891086e+03
 3.72465688e+03 2.51707319e+03 2.09161648e+03 1.82411377e+03
 1.82156612e+03 1.94385308e+03 2.41516739e+03 2.51707319e+03
 2.37695271e+03 1.14287377e+03 9.26250635e+02 8.70227411e+02
 1.22504116e+03 1.22877604e+03 1.13913889e+03 4.81799726e+02
 9.26250635e+02 1.04950173e+03 1.28853415e+03 1.13913889e+03
 2.00936630e+03 1.14287377e+03 1.13540400e+03 1.23251093e+03
 1.13913889e+03 6.23075004e+02 4.67306253e+02 7.78843756e+02
 4.67306253e+02 7.78843756e+02 6.23075004e+02 8.56728131e+02
 7.78843756e+02 3.89421878e+02 5.45190629e+02 1.09038126e+03
 7.00959380e+02]
