[2.22610448e+03 5.21699298e+03 1.92150376e+03 2.04735512e+03
 2.81673508e+03 4.08952049e+03 1.62023895e+04 1.16509816e+04
 8.70580028e+03 6.40231025e+03 2.07053438e+03 1.83215049e+03
 1.68639576e+03 1.69729331e+03 1.96292108e+03 2.36749260e+03
 4.15332850e+03 1.00584381e+04 2.57291140e+04 1.81498685e+04
 1.15731974e+04 8.65810296e+03 7.27956297e+03 7.14606799e+03
 8.45649830e+03 5.63847701e+03 1.85534574e+03 1.49758186e+03
 1.33052682e+01 1.46210114e+03 1.91595863e+03 2.04605458e+03
 1.97509315e+03 2.27224414e+03 4.16011387e+03 1.07979644e+04
 8.08250695e+04 6.21622132e+04 1.58480528e+04 8.92044317e+03
 6.35104804e+03 5.30436694e+03 4.85198782e+03 5.09000428e+03
 6.41905274e+03 4.50245927e+03 1.58135968e+03 1.56636259e+03
 1.55303184e+03 1.67467490e+03 1.56636259e+03 1.60968751e+03
 1.48637812e+03 1.54303378e+03 1.91796100e+03 2.47785231e+03
 3.62929545e+03 6.92532226e+03 3.12605981e+04 1.01313665e+05
 2.31155126e+04 1.08278980e+04 8.44835992e+03 4.96236999e+03
 3.91590647e+03 3.48432359e+03 3.61596470e+03 3.88757864e+03
 5.14566774e+03 3.77049534e+03 1.47773348e+03 1.57664470e+03
 1.57268825e+03 1.71512039e+03 1.79820581e+03 1.62412208e+03
 1.57664470e+03 1.92679038e+03 1.81403160e+03 2.24330625e+03
 2.90996781e+03 5.06227575e+03 2.15389052e+04 7.54573843e+04
 1.36260084e+04 7.70122685e+03 5.61420031e+03 4.77543324e+03
 3.29176508e+03 2.88029445e+03 2.78731791e+03 3.30956910e+03
 4.13844505e+03 3.93611141e+03 1.69927916e+03 1.94894837e+03
 2.61897898e+03 5.73220108e+03 5.26598206e+03 4.79721539e+03
 4.99593170e+03 4.87874003e+03 2.61897898e+03 2.53745434e+03
 3.93101612e+03 5.91817916e+03 1.13523058e+04 1.99990127e+04
 9.62755017e+03 6.02263260e+03 4.16030416e+03 3.38327246e+03
 3.07245978e+03 2.58076431e+03 2.62152663e+03 3.07245978e+03
 3.93611141e+03 7.24193541e+03 6.09532676e+03 4.95618788e+03
 6.27460108e+03 7.05892621e+03 6.25219179e+03 3.00284480e+03
 4.34740218e+03 5.34461556e+03 7.83951647e+03 6.99916811e+03
 4.38101611e+03 3.03645874e+03 2.57706830e+03 5.19895518e+03
 6.70037758e+03 4.05972308e+03 2.82330861e+03 4.70226917e+03
 3.05696174e+03 5.15983988e+03 2.34626681e+03 7.28218911e+03
 3.67030120e+03 2.34626681e+03 3.19325940e+03 4.22522737e+03
 4.61464925e+03]
