[1.94927659e+03 6.14725510e+03 2.53778619e+03 2.20434496e+03
 2.54686825e+03 1.99416021e+03 9.64773932e+03 9.96171900e+03
 1.02108269e+04 1.20635871e+04 2.94778710e+03 2.19449400e+03
 2.16997452e+03 2.37839015e+03 2.08415631e+03 1.96292108e+03
 2.37975234e+03 2.20266716e+03 7.98790368e+03 6.87362926e+03
 6.91721945e+03 8.04784020e+03 1.01537916e+04 1.30879568e+04
 1.65261336e+04 1.66581958e+04 3.04542806e+03 2.24859033e+03
 1.77403577e+01 2.29589795e+03 2.28702777e+03 2.35503248e+03
 2.17762890e+03 2.33433539e+03 2.30624650e+03 3.15187021e+03
 6.47227382e+03 5.44924653e+03 5.08261247e+03 5.56899394e+03
 6.85073478e+03 9.49404807e+03 1.35595467e+04 1.63743501e+04
 1.91714132e+04 1.83431057e+04 2.76113065e+03 2.74779990e+03
 2.22456815e+03 2.73446916e+03 2.30455262e+03 2.26789307e+03
 2.35787560e+03 2.13458561e+03 2.93942937e+03 2.85611221e+03
 2.17124516e+03 3.37601128e+03 3.68595111e+03 4.73241463e+03
 4.16752429e+03 4.11753400e+03 4.80073470e+03 6.05049209e+03
 8.57166932e+03 1.44305319e+04 3.19004738e+04 2.24823022e+04
 2.09692626e+04 1.61423096e+04 2.75170988e+03 2.49849718e+03
 2.24330625e+03 3.07020397e+03 2.49651895e+03 2.70818894e+03
 2.58158259e+03 3.44013190e+03 3.23439658e+03 3.15328939e+03
 2.67258091e+03 3.08800799e+03 5.71311152e+03 4.25120383e+03
 3.55289068e+03 3.59641161e+03 4.20174822e+03 5.63793900e+03
 8.86244446e+03 1.90384298e+04 1.05368134e+05 3.56555132e+04
 2.06289221e+04 1.36553768e+04 2.60369311e+03 3.07500742e+03
 4.81250126e+03 8.52187227e+03 7.25569274e+03 8.48365760e+03
 9.64538368e+03 1.30948949e+04 5.30929202e+03 5.04178930e+03
 1.29267503e+04 1.58973043e+04 1.34668511e+04 5.65577173e+03
 3.76796684e+03 3.48008297e+03 3.69153750e+03 5.16662391e+03
 8.58556339e+03 2.02435866e+04 1.45603003e+05 3.87853463e+04
 1.90665746e+04 6.85350773e+03 4.02246748e+03 6.54724744e+03
 1.40543594e+04 1.48088055e+04 1.47826614e+04 8.71347876e+03
 1.81739338e+04 1.90478961e+04 1.82561012e+04 1.02709244e+04
 3.63030491e+03 5.01968086e+03 1.05099568e+04 6.62119809e+04
 1.24670348e+04 3.74818557e+03 2.19049806e+03 6.19180786e+03
 5.79265043e+03 1.00081423e+04 1.37660634e+04 1.38634188e+04
 1.33863770e+04 3.83580550e+03 3.66056565e+03 9.70634030e+03
 4.15707855e+03]
