[ 122.46763921  249.10784696  124.55392348  103.79493623  134.9334171
  114.17442986  637.04142113  699.31838287  585.14395301  340.54841739
  152.56569099   98.07794421   98.07794421  108.97549357   98.07794421
   98.07794421  119.87304292  174.36078971  656.57734874  963.07092439
  897.68562825  875.89052954  844.56007514  841.8356878   776.45039166
  391.76623156  130.09595614   94.61524083  106.44214593   94.61524083
  106.44214593  106.44214593   94.61524083   94.61524083   94.61524083
  143.40122438  594.30198146  866.32079884  889.97460905  916.58514553
  878.14770394  855.97225687  915.10678239  864.8424357   734.74647956
  413.25310864  106.64596352  119.97670896   79.98447264  133.3074544
  106.64596352   93.31521808  106.64596352   79.98447264   79.98447264
  119.97670896  106.64596352  119.97670896  333.268636    843.16964909
  936.48486717  949.81561261 1043.13083069  926.48680809  884.82822859
  963.14635805 1016.46933981  829.83890365  734.85734239  411.4706356
   94.95476206   94.95476206   94.95476206  126.60634942   94.95476206
   79.12896838   79.12896838  110.78055574   79.12896838  110.78055574
   94.95476206  126.60634942  648.85754075  842.7235133   971.30808692
  985.15565639  969.32986271  923.83070589  969.32986271 1016.80724374
  955.48229325  826.89771962  652.81398917  308.26503582   61.14347818
  122.28695636  142.66811575  264.95507211  183.43043454  203.81159393
  203.81159393  203.81159393  101.90579697  101.90579697  142.66811575
  203.81159393  366.86086908  718.43586861  957.91449149  917.1521727
  820.34166558  922.24746255  960.46213641  940.08097702  960.46213641
  756.65054248  552.83894854  179.27431653  119.51621102  179.27431653
  298.79052755  298.79052755  268.9114748    89.63715827  209.15336929
  239.03242204  268.9114748   239.03242204  687.21821337  780.59025323
  896.37158266  422.04162017  179.27431653   77.88437555   77.88437555
  155.76875111    0.          155.76875111    0.           77.88437555
   77.88437555   77.88437555  155.76875111  233.65312666    0.        ]
