[1.23105492e+03 2.54686825e+03 1.84884730e+03 1.65033949e+03
 2.00324227e+03 1.25332386e+03 5.04313646e+03 5.94226010e+03
 4.94842358e+03 4.61511215e+03 1.96019669e+03 1.37172903e+03
 1.37990219e+03 1.70955306e+03 1.43711432e+03 1.42621677e+03
 1.86484313e+03 1.61011292e+03 4.83170095e+03 6.38596392e+03
 8.45649830e+03 8.15681569e+03 8.37749107e+03 1.12680660e+04
 1.01238234e+04 7.28241682e+03 1.94996098e+03 1.26104376e+03
 1.03485420e+01 1.54636784e+03 1.57297838e+03 1.56854329e+03
 1.44140406e+03 1.71490124e+03 1.87899955e+03 3.22578837e+03
 4.80468020e+03 5.82770749e+03 6.88917222e+03 4.79581002e+03
 6.48114400e+03 1.04668110e+04 9.32551467e+03 1.24241638e+04
 1.66286286e+04 1.05646158e+04 1.56802893e+03 1.56802893e+03
 1.32640917e+03 1.71466713e+03 1.40639364e+03 1.44971857e+03
 1.56636259e+03 1.39639558e+03 1.69133833e+03 1.97128398e+03
 1.90296391e+03 3.24270383e+03 3.68761746e+03 6.21879275e+03
 5.66723316e+03 4.15585989e+03 3.63596082e+03 5.98217202e+03
 7.22859671e+03 1.04613025e+04 9.46149658e+03 1.72233231e+04
 2.04826904e+04 1.21898176e+04 1.36695293e+03 1.33925779e+03
 1.25617237e+03 1.89118234e+03 1.57268825e+03 1.64192609e+03
 1.65775189e+03 1.99009355e+03 1.92876860e+03 2.18198130e+03
 2.49849718e+03 3.59838984e+03 5.60035274e+03 6.46285849e+03
 6.01775805e+03 4.90203959e+03 4.28087719e+03 3.24824415e+03
 4.18394420e+03 6.20568935e+03 8.69231718e+03 2.18633340e+04
 2.53450086e+04 1.34515652e+04 1.29165598e+03 1.76297029e+03
 2.47631087e+03 4.40233043e+03 3.62784637e+03 4.22144764e+03
 4.79212010e+03 6.06594256e+03 3.03169746e+03 3.54632173e+03
 9.67086013e+03 1.19229782e+04 1.19076924e+04 8.82249437e+03
 6.02263260e+03 4.32080579e+03 3.32212898e+03 4.45073568e+03
 4.57047499e+03 6.57801919e+03 9.15878350e+03 1.76195123e+04
 2.00448703e+04 4.05608141e+03 2.58080318e+03 2.40152887e+03
 5.25497840e+03 6.49122421e+03 7.96276756e+03 5.13546219e+03
 1.61645675e+04 1.81141757e+04 2.46800976e+04 1.03680313e+04
 3.80957923e+03 3.12609589e+03 3.69006302e+03 6.16255463e+03
 4.38848587e+03 1.94710939e+03 1.25588556e+03 1.64530743e+03
 1.48953868e+03 3.11537502e+03 8.21680162e+03 9.31691843e+03
 1.01736466e+04 3.20299494e+03 1.71345626e+03 3.04722619e+03
 2.03472931e+03]
