[3.09868641e+03 9.79045736e+03 3.32014052e+03 2.77781198e+03
 3.22542764e+03 3.66266381e+03 2.02555818e+04 1.95912942e+04
 1.64982051e+04 1.43629701e+04 3.50628651e+03 2.76389096e+03
 3.07991989e+03 3.18889538e+03 2.92871639e+03 2.46557054e+03
 2.98184194e+03 3.64795465e+03 1.75341569e+04 1.61338218e+04
 1.88963506e+04 2.51733390e+04 2.14899673e+04 1.76703763e+04
 1.85421802e+04 1.40148825e+04 3.34257905e+03 2.64035656e+03
 2.21754471e+01 2.78375779e+03 2.81036833e+03 3.08238714e+03
 2.72610163e+03 2.65514020e+03 2.71131800e+03 3.66486222e+03
 1.34176238e+04 1.22822410e+04 1.41627189e+04 2.65514020e+04
 1.23141736e+05 4.36885875e+04 1.75570406e+04 1.39971422e+04
 1.65576671e+04 1.10211938e+04 3.01774750e+03 2.81611997e+03
 2.45285716e+03 3.12272712e+03 2.98941966e+03 2.81778632e+03
 2.77279505e+03 2.44119276e+03 2.80445557e+03 3.24270383e+03
 2.24956329e+03 2.55950312e+03 5.96217590e+03 9.57480791e+03
 9.85475357e+03 1.30041422e+04 2.88610639e+04 1.86310498e+05
 4.36715221e+04 1.63101670e+04 1.20076690e+04 1.02746720e+04
 1.20110016e+04 7.90894039e+03 2.44904157e+03 2.56377858e+03
 2.51234475e+03 3.38869807e+03 3.03855239e+03 3.37682873e+03
 3.02668304e+03 3.39265452e+03 2.96140164e+03 3.00887902e+03
 2.03559271e+03 2.53212699e+03 8.47866896e+03 7.24227883e+03
 7.56275115e+03 9.83573077e+03 1.57506212e+04 2.77030518e+04
 6.04387061e+04 1.29929766e+04 9.13939585e+03 8.90596539e+03
 8.97718146e+03 6.21370597e+03 2.29542808e+03 3.34251014e+03
 5.34495905e+03 1.22694580e+04 9.99950633e+03 9.52819202e+03
 9.82881412e+03 1.22745532e+04 4.96026467e+03 3.44186829e+03
 5.65322409e+03 6.71813967e+03 7.09264347e+03 6.14746720e+03
 6.29013532e+03 7.80598405e+03 1.09497779e+04 1.56985880e+04
 1.93366250e+04 1.06950134e+04 7.56141013e+03 6.57547155e+03
 7.13340579e+03 5.91605245e+03 6.30448013e+03 7.86939552e+03
 1.52868704e+04 1.63737209e+04 1.59554142e+04 6.09906164e+03
 6.81615891e+03 6.76013569e+03 6.84603796e+03 7.72373514e+03
 8.10842794e+03 2.24391686e+04 1.08050125e+04 7.39133068e+03
 5.46786665e+03 3.74818557e+03 5.63688168e+03 8.92749655e+03
 5.87053481e+03 1.07188372e+04 5.47137738e+03 7.04853599e+03
 5.39349301e+03 2.97907736e+03 8.90802545e+03 9.39480280e+03
 4.30311175e+03]
