[1.14813412e+03 2.57670929e+03 9.70482654e+02 9.28964679e+02
 1.20921101e+03 1.93058581e+03 1.25695668e+04 1.03146218e+04
 8.54232325e+03 2.98184194e+03 1.02845622e+03 7.57379680e+02
 7.76450392e+02 7.65552842e+02 7.88710135e+02 9.30378276e+02
 1.56788491e+03 3.02134556e+03 2.06018171e+04 1.33712931e+04
 8.82973937e+03 7.27683858e+03 6.33692495e+03 8.21947660e+03
 7.38581408e+03 2.85619758e+03 9.97895118e+02 7.48051748e+02
 5.91345255e+00 7.00744127e+02 7.14049396e+02 9.03279877e+02
 8.81104430e+02 9.75719671e+02 1.92335044e+03 7.03996526e+03
 4.83010804e+04 1.72731949e+04 1.14957518e+04 7.30607063e+03
 7.13458050e+03 6.94830675e+03 5.92232273e+03 4.97173523e+03
 5.33836929e+03 2.51951089e+03 8.44835992e+02 8.01511070e+02
 7.21526597e+02 8.03177413e+02 7.08195852e+02 7.38190029e+02
 7.08195852e+02 6.69869958e+02 8.31505247e+02 1.14977679e+03
 1.67300855e+03 4.20585019e+03 1.29041616e+05 2.76213046e+04
 2.05960017e+04 1.42905591e+04 9.70811537e+03 7.08195852e+03
 5.77887815e+03 4.59744083e+03 3.06940414e+03 3.13605786e+03
 4.04588124e+03 2.41738998e+03 7.93267908e+02 7.45790527e+02
 7.14138940e+02 8.09093702e+02 7.00291370e+02 7.16117164e+02
 6.52813989e+02 8.42723513e+02 8.44701738e+02 1.03461126e+03
 1.39860452e+03 2.67455913e+03 2.30344427e+04 1.51492410e+04
 1.39148291e+04 8.84661867e+03 8.89805249e+03 7.21062724e+03
 4.80510661e+03 3.19878855e+03 2.18198130e+03 2.54399633e+03
 3.08800799e+03 1.92856721e+03 8.40722825e+02 9.01866303e+02
 1.20503605e+03 2.37185742e+03 1.96678188e+03 1.92601956e+03
 2.10690235e+03 2.12983116e+03 1.18465489e+03 1.12605906e+03
 1.92347192e+03 2.96545869e+03 9.15878350e+03 1.09446826e+04
 6.59585271e+03 7.76267408e+03 6.53980452e+03 4.57047499e+03
 3.43932065e+03 2.62152663e+03 2.12983116e+03 2.41771503e+03
 2.86864818e+03 3.21573305e+03 2.54718925e+03 2.19237550e+03
 2.64056129e+03 2.97296575e+03 2.85344954e+03 1.29226903e+03
 1.97575236e+03 2.72646356e+03 3.51078870e+03 2.82357049e+03
 5.22136447e+03 2.79742631e+03 2.21851967e+03 2.67417522e+03
 3.18585400e+03 1.79134064e+03 1.25588556e+03 1.72319181e+03
 1.40191876e+03 2.10287814e+03 1.24615001e+03 2.57991994e+03
 2.25864689e+03 9.34612507e+02 1.40191876e+03 2.34626681e+03
 1.95684494e+03]
