[2.92136348e+03 7.03470180e+03 2.98540185e+03 3.31105847e+03
 3.50697141e+03 5.28964944e+03 2.14647928e+04 1.55381020e+04
 1.15679456e+04 9.01227332e+03 2.86741767e+03 2.50098758e+03
 3.25564287e+03 2.72847392e+03 2.48872783e+03 2.48600345e+03
 3.92447996e+03 6.68292214e+03 2.87041450e+04 3.92093826e+04
 2.09123972e+04 1.31533421e+04 1.01973818e+04 9.55987517e+03
 1.11100516e+04 8.23448268e+03 2.54574132e+03 2.09336220e+03
 1.77403577e+01 2.48512843e+03 2.16728036e+03 2.53391442e+03
 2.27224414e+03 2.58270040e+03 3.48302355e+03 6.17364446e+03
 2.58417877e+04 8.74481363e+04 1.38564020e+05 1.98928544e+04
 1.05850801e+04 7.87671880e+03 6.68811484e+03 6.73542246e+03
 8.39414590e+03 6.70203227e+03 2.13125293e+03 2.25122964e+03
 2.02294062e+03 2.97608892e+03 2.19790665e+03 2.10625778e+03
 1.98294838e+03 1.98461473e+03 2.38786978e+03 2.88110736e+03
 2.74613356e+03 4.13919646e+03 1.22776166e+04 2.70280864e+04
 1.68393976e+05 3.32602099e+04 2.04360328e+04 8.47835410e+03
 5.96884127e+03 4.92071141e+03 4.89071723e+03 5.16399751e+03
 6.69869958e+03 5.74278488e+03 1.86150898e+03 1.99009355e+03
 2.03559271e+03 2.75170988e+03 2.24330625e+03 2.29276186e+03
 2.07120075e+03 2.43717223e+03 2.41936821e+03 2.48464961e+03
 2.60729951e+03 3.50343508e+03 1.39346113e+04 1.55013649e+04
 3.76179116e+04 1.51175894e+04 1.04331545e+04 9.89903394e+03
 5.11964425e+03 4.13646682e+03 3.80610338e+03 4.27692074e+03
 5.28383686e+03 4.90166883e+03 2.05085416e+03 2.62407427e+03
 3.76796684e+03 8.33589419e+03 6.98564238e+03 6.43535108e+03
 6.67737735e+03 6.96526122e+03 3.29920018e+03 2.68267011e+03
 4.17813768e+03 5.52838949e+03 8.19832137e+03 1.14185446e+04
 1.82768047e+04 1.00173398e+04 6.94997535e+03 5.86213097e+03
 5.14369510e+03 3.68644221e+03 3.52339293e+03 3.78834800e+03
 4.81759655e+03 7.80963741e+03 7.08507038e+03 6.63688459e+03
 1.04464638e+04 1.08423613e+04 1.06668218e+04 3.99632331e+03
 4.73956474e+03 5.19522030e+03 7.32783769e+03 1.40917083e+04
 7.95903268e+03 4.95992276e+03 3.77970017e+03 5.62099680e+03
 6.81989379e+03 4.83856683e+03 4.69253363e+03 7.75923091e+03
 4.38099612e+03 7.73975982e+03 4.06945862e+03 6.97065161e+03
 3.67030120e+03 3.99157425e+03 4.28364066e+03 5.32534418e+03
 5.79265043e+03]
