[  0.          20.75898725   0.           0.           0.
   0.          41.51797449  41.51797449  31.13848087  10.89754936
  10.89754936   0.           0.           0.           0.
   0.           0.          10.89754936  43.59019743  65.38529614
  54.48774678  54.48774678  65.38529614  65.38529614  32.69264807
  11.8269051   11.8269051    0.           0.           0.
   0.           0.           0.           0.           0.
   0.          23.65381021  59.13452552  59.13452552  82.78833573
  82.78833573  70.96143062  70.96143062  59.13452552  47.30762041
  26.66149088   0.           0.           0.           0.
   0.           0.           0.           0.           0.
   0.           0.           0.          26.66149088  66.6537272
  66.6537272   66.6537272   79.98447264  79.98447264  79.98447264
  93.31521808  79.98447264  39.99223632  53.32298176  15.82579368
   0.           0.           0.           0.           0.
   0.           0.           0.           0.           0.
   0.           0.          47.47738103  47.47738103  47.47738103
  63.30317471  79.12896838  79.12896838  94.95476206 110.78055574
  79.12896838  63.30317471  31.65158735   0.           0.
   0.           0.          20.38115939   0.           0.
  20.38115939   0.           0.           0.           0.
   0.           0.          20.38115939  40.76231879  61.14347818
  61.14347818  61.14347818  61.14347818 101.90579697  81.52463757
  61.14347818  20.38115939   0.           0.           0.
   0.           0.           0.           0.           0.
   0.          29.87905276   0.          29.87905276  29.87905276
  59.75810551   0.           0.           0.           0.
   0.           0.           0.           0.           0.
   0.           0.           0.           0.           0.        ]
