[4.50323715e+02 1.04313911e+03 4.90431074e+02 4.07395125e+02
 4.99513131e+02 4.17774618e+02 2.07849360e+03 2.24456550e+03
 1.91112426e+03 1.41395703e+03 5.46239662e+02 3.84138615e+02
 4.03209326e+02 4.15469069e+02 3.73241065e+02 3.71878872e+02
 4.27728812e+02 5.89829859e+02 1.97109424e+03 2.92599200e+03
 3.69290704e+03 3.93265312e+03 2.90555910e+03 2.55275094e+03
 2.59497894e+03 1.47540641e+03 5.10035283e+02 3.90287868e+02
 2.95672628e+00 3.91766232e+02 3.69590784e+02 4.49422394e+02
 3.91766232e+02 3.69590784e+02 4.02114774e+02 6.31261060e+02
 1.97509315e+03 2.54426296e+03 3.67521076e+03 4.63910353e+03
 4.59031754e+03 4.15124369e+03 3.58059552e+03 2.92568065e+03
 2.72166654e+03 1.67467490e+03 4.01588706e+02 4.53245345e+02
 3.73260872e+02 4.93237581e+02 4.13253109e+02 3.88257961e+02
 4.13253109e+02 3.08273488e+02 3.88257961e+02 4.66576090e+02
 4.13253109e+02 5.33229818e+02 1.05646158e+03 2.26289404e+03
 2.90776885e+03 3.87424789e+03 4.58411009e+03 5.24398199e+03
 6.02049791e+03 5.16066483e+03 4.09920422e+03 3.32435464e+03
 3.02941190e+03 1.74875020e+03 3.63993255e+02 3.95644842e+02
 3.79819048e+02 5.06425398e+02 4.27296429e+02 3.97623066e+02
 3.50145685e+02 4.45100447e+02 3.97623066e+02 4.13448860e+02
 3.95644842e+02 5.24229416e+02 2.08109187e+03 2.37189083e+03
 2.67455913e+03 3.53113021e+03 4.10481523e+03 5.25416350e+03
 6.55187858e+03 7.18095388e+03 6.41538111e+03 3.06822575e+03
 3.16713696e+03 1.23051250e+03 3.08265036e+02 4.30551992e+02
 6.11434782e+02 1.08274909e+03 8.40722825e+02 8.61103984e+02
 9.40080977e+02 1.04453442e+03 4.68766666e+02 4.68766666e+02
 7.94865216e+02 9.57914491e+02 1.51330108e+03 2.27504692e+03
 2.43554855e+03 2.98838750e+03 3.40365362e+03 4.36666340e+03
 5.10038514e+03 5.87996448e+03 6.86335543e+03 2.80750471e+03
 2.99348279e+03 7.50711200e+02 5.67702002e+02 8.40348359e+02
 1.34455737e+03 1.32214808e+03 1.29226903e+03 5.71436884e+02
 1.07564590e+03 1.10925983e+03 1.25492022e+03 9.89743623e+02
 2.36791493e+03 2.97670063e+03 4.23162085e+03 2.91320764e+03
 7.80590253e+02 3.89421878e+02 3.89421878e+02 7.00959380e+02
 4.67306253e+02 8.56728131e+02 6.23075004e+02 7.00959380e+02
 7.00959380e+02 3.89421878e+02 7.00959380e+02 1.24615001e+03
 3.89421878e+02]
