[1.97989350e+03 6.25105003e+03 2.55854518e+03 2.21472445e+03
 2.56762724e+03 2.02529869e+03 9.85532920e+03 1.01900679e+04
 1.03768987e+04 1.22597430e+04 2.98047975e+03 2.22718665e+03
 2.19176961e+03 2.40018525e+03 2.10595141e+03 1.98471618e+03
 2.39064989e+03 2.23535981e+03 8.13229621e+03 7.01529740e+03
 7.02619495e+03 8.22220099e+03 1.03744670e+04 1.31533421e+04
 1.66569042e+04 1.67291573e+04 3.05725497e+03 2.25006870e+03
 1.92187208e+01 2.30772486e+03 2.31068158e+03 2.39051319e+03
 2.17910727e+03 2.34616230e+03 2.31807340e+03 3.42536739e+03
 6.60236977e+03 5.53203486e+03 5.16540080e+03 5.69908990e+03
 7.03109508e+03 9.84885523e+03 1.40385364e+04 1.64926192e+04
 1.91714132e+04 1.82364598e+04 2.74946625e+03 2.76113065e+03
 2.25122964e+03 2.76113065e+03 2.30621896e+03 2.29455456e+03
 2.37120635e+03 2.21457009e+03 3.20771062e+03 2.86944296e+03
 2.17124516e+03 3.34934979e+03 3.79259708e+03 4.78740396e+03
 4.22084727e+03 4.18418773e+03 4.93404216e+03 6.25211961e+03
 8.97159168e+03 1.55036569e+04 3.43266695e+04 2.24289792e+04
 2.08559512e+04 1.58851404e+04 2.57762615e+03 2.48464961e+03
 2.24330625e+03 3.08602977e+03 2.51234475e+03 2.75566632e+03
 2.61323418e+03 3.63004142e+03 3.28187396e+03 3.15328939e+03
 2.67258091e+03 3.13746360e+03 5.72893731e+03 4.28285541e+03
 3.58454227e+03 3.67554058e+03 4.32835457e+03 5.79619693e+03
 9.18291678e+03 2.06605736e+04 1.21858611e+05 3.38197211e+04
 2.01857998e+04 1.33292782e+04 2.60369311e+03 3.11831739e+03
 4.79212010e+03 8.62377807e+03 7.47988550e+03 8.76899383e+03
 9.80843296e+03 1.31560384e+04 5.28891086e+03 5.14369510e+03
 1.27025576e+04 1.58106844e+04 1.32834206e+04 5.65577173e+03
 3.76796684e+03 3.52084529e+03 3.77306213e+03 5.27107735e+03
 8.91166194e+03 2.15632666e+04 2.00387559e+05 3.91929695e+04
 1.86946185e+04 6.85350773e+03 4.08222558e+03 6.60700554e+03
 1.41141175e+04 1.49880798e+04 1.49320566e+04 8.59396255e+03
 1.79050224e+04 1.87789847e+04 1.80095990e+04 1.00916501e+04
 3.69006302e+03 5.04955992e+03 1.10515146e+04 8.31235248e+04
 1.19889699e+04 4.21549183e+03 2.26838244e+03 6.50334536e+03
 5.87053481e+03 1.00957622e+04 1.38439478e+04 1.38634188e+04
 1.33863770e+04 3.83580550e+03 3.66056565e+03 1.02515309e+04
 4.31284730e+03]
