[2.85757825e+02 7.20077370e+02 1.67369335e+02 1.36230854e+02
 2.07589872e+02 4.17774618e+02 2.82841201e+03 2.20304752e+03
 1.65033949e+03 9.09945371e+02 1.96155888e+02 1.10337687e+02
 1.19873043e+02 1.30770592e+02 1.19873043e+02 1.41668142e+02
 1.97518082e+02 5.02649464e+02 3.72423749e+03 2.70667882e+03
 2.21220252e+03 1.93976379e+03 1.70001770e+03 1.63190802e+03
 1.68503357e+03 7.96837731e+02 1.65576671e+02 1.18269051e+02
 1.47836314e+00 1.06442146e+02 1.06442146e+02 1.18269051e+02
 1.18269051e+02 1.30095956e+02 1.89230482e+02 4.28725310e+02
 4.30647182e+03 3.14004331e+03 2.78523615e+03 1.58332692e+03
 1.49758186e+03 1.29800284e+03 1.12946944e+03 1.14129634e+03
 1.20043087e+03 7.08195852e+02 1.46638200e+02 1.33307454e+02
 9.33152181e+01 1.33307454e+02 1.06645964e+02 9.33152181e+01
 1.06645964e+02 7.99844726e+01 1.06645964e+02 1.46638200e+02
 1.86630436e+02 4.13253109e+02 2.46452156e+03 4.76074247e+03
 2.51951089e+03 1.63468266e+03 1.31141208e+03 9.66479044e+02
 1.01980203e+03 1.11145090e+03 9.36484867e+02 1.00313859e+03
 9.64812701e+02 5.69728572e+02 1.26606349e+02 1.10780556e+02
 1.10780556e+02 1.26606349e+02 9.49547621e+01 9.49547621e+01
 7.91289684e+01 1.10780556e+02 1.10780556e+02 1.26606349e+02
 1.58257937e+02 3.81797272e+02 4.88423557e+03 3.34715536e+03
 1.91096459e+03 1.63796965e+03 1.17704340e+03 6.68639783e+02
 7.61616321e+02 7.29964733e+02 6.52813989e+02 7.93267908e+02
 7.16117164e+02 4.10170833e+02 1.01905797e+02 1.22286956e+02
 1.63049275e+02 3.26098550e+02 2.64955072e+02 2.64955072e+02
 2.64955072e+02 2.26740398e+02 1.42668116e+02 1.42668116e+02
 2.24192753e+02 3.46479710e+02 1.30948949e+03 2.11199764e+03
 1.28656069e+03 1.32732301e+03 6.16530072e+02 5.32457789e+02
 5.70672463e+02 7.13340579e+02 5.91053622e+02 6.95507064e+02
 6.54744746e+02 3.58548633e+02 2.68911475e+02 2.68911475e+02
 3.88427686e+02 3.88427686e+02 3.58548633e+02 1.49395264e+02
 2.68911475e+02 3.28669580e+02 4.18306739e+02 3.58548633e+02
 6.57339161e+02 3.88427686e+02 4.78064844e+02 4.18306739e+02
 3.58548633e+02 1.55768751e+02 7.78843756e+01 1.55768751e+02
 7.78843756e+01 2.33653127e+02 1.55768751e+02 1.55768751e+02
 1.55768751e+02 7.78843756e+01 1.55768751e+02 3.11537502e+02
 1.55768751e+02]
