[  51.02818301  155.69240435   31.13848087   20.75898725   41.51797449
   72.65645536  428.15411196  417.77461834  345.11816297  186.62053273
   43.59019743   10.89754936   10.89754936   32.69264807   10.89754936
   32.69264807   43.59019743  108.97549357  908.58317761  426.36661858
  370.51667812  316.02893134  328.28867437  392.31177684  337.82403005
  177.40357655   35.48071531   11.8269051     0.           11.8269051
   11.8269051    23.65381021   23.65381021   11.8269051    23.65381021
   82.78833573 1082.16181698  555.86453987  461.24929904  356.28551625
  378.46096332  344.45861114  356.28551625  331.1533429   272.01881738
  159.96894528   26.66149088   26.66149088    0.           26.66149088
   26.66149088   13.33074544   26.66149088   13.33074544   13.33074544
   39.99223632   39.99223632   66.6537272   519.89907216  454.91168814
  399.9223632   373.26087232  373.26087232  281.61199742  268.28125198
  279.94565424  306.60714512  279.94565424  293.27639968  142.43214309
   15.82579368   31.65158735   15.82579368   31.65158735   15.82579368
   15.82579368    0.           15.82579368   15.82579368   15.82579368
   31.65158735   47.47738103 1159.23938684  381.79727246  350.1456851
  348.16746089  300.69007986  223.53933569  269.03849251  253.21269883
  237.38690515  284.86428619  189.90952412   81.52463757    0.
    0.           20.38115939   81.52463757   40.76231879   40.76231879
   61.14347818   61.14347818   40.76231879   40.76231879   20.38115939
   61.14347818  326.09855029  328.64619522  346.47970969  285.33623151
  224.19275333  203.81159393  183.43043454  224.19275333  203.81159393
  224.19275333  183.43043454   29.87905276    0.           29.87905276
   89.63715827   89.63715827   59.75810551    0.           29.87905276
   59.75810551   89.63715827   59.75810551  149.39526378  119.51621102
  149.39526378   59.75810551   59.75810551    0.            0.
    0.            0.            0.            0.            0.
    0.            0.            0.           77.88437555    0.        ]
