[2.98514871e+03 9.72558553e+03 3.25786356e+03 2.70515553e+03
 3.11125321e+03 3.38241748e+03 1.91294067e+04 1.87557450e+04
 1.62075793e+04 1.46245112e+04 3.51718405e+03 2.72030076e+03
 2.99137730e+03 3.27743797e+03 2.95051149e+03 2.40018525e+03
 2.86196890e+03 3.43953902e+03 1.63735679e+04 1.48206671e+04
 1.67059432e+04 2.21819617e+04 2.16261867e+04 1.82424976e+04
 1.90652626e+04 1.45175260e+04 3.33075215e+03 2.65218347e+03
 2.21754471e+01 3.11638949e+03 2.78671452e+03 3.08090878e+03
 2.73792853e+03 2.61965948e+03 2.65218347e+03 3.36771123e+03
 1.23945965e+04 1.13242616e+04 1.26133943e+04 2.18916013e+04
 6.30847118e+04 6.07193308e+04 1.99460755e+04 1.49965157e+04
 1.61792062e+04 1.28441732e+04 2.93776303e+03 2.82945072e+03
 2.46618791e+03 3.13605786e+03 3.05607339e+03 2.81778632e+03
 2.75946431e+03 2.42786201e+03 2.80445557e+03 3.12272712e+03
 2.16957882e+03 2.50451380e+03 5.48060272e+03 8.83828423e+03
 8.92826676e+03 1.11811627e+04 2.05426787e+04 1.06565979e+05
 8.40103578e+04 2.15024924e+04 1.36440180e+04 1.15310948e+04
 1.30308037e+04 8.58944952e+03 2.94359762e+03 2.54993101e+03
 2.52817054e+03 3.40452386e+03 3.02272659e+03 3.45595769e+03
 3.28187396e+03 3.47178349e+03 2.99305323e+03 2.96140164e+03
 1.97228954e+03 2.48464961e+03 8.00191693e+03 6.73387521e+03
 7.06819510e+03 8.68836073e+03 1.37130502e+04 2.57881308e+04
 9.97658033e+04 1.63084804e+04 1.05716302e+04 9.28974089e+03
 9.70912442e+03 6.70285380e+03 2.39733387e+03 3.26098550e+03
 5.38572137e+03 1.27178435e+04 1.00198875e+04 9.67086013e+03
 1.00530069e+04 1.27891775e+04 5.06217046e+03 3.52339293e+03
 5.87741684e+03 7.08754818e+03 7.11302463e+03 5.84174981e+03
 5.87996448e+03 7.00857119e+03 9.73709890e+03 1.58208750e+04
 1.94640072e+04 1.32783253e+04 8.60594455e+03 7.37797970e+03
 7.84929401e+03 5.73677813e+03 5.94219662e+03 7.77975836e+03
 1.55893958e+04 1.64932371e+04 1.63438419e+04 6.27833596e+03
 7.17844242e+03 7.44735390e+03 7.17844242e+03 7.69012120e+03
 7.32410281e+03 1.35501504e+04 1.22466767e+04 8.20179998e+03
 5.49774571e+03 3.59241682e+03 5.94841918e+03 8.61595905e+03
 5.55899731e+03 1.07188372e+04 5.78291488e+03 7.51584224e+03
 7.03880044e+03 2.66753986e+03 7.26271802e+03 1.18968384e+04
 4.06945862e+03]
