[1.76557513e+03 5.24813146e+03 2.36003736e+03 2.04735512e+03
 2.41063739e+03 1.79565240e+03 8.22574870e+03 8.58124635e+03
 8.87446705e+03 1.05243083e+04 2.72847392e+03 1.96428327e+03
 1.91796869e+03 2.19176961e+03 1.90843333e+03 1.86348094e+03
 2.26941465e+03 2.05963683e+03 6.88180242e+03 5.93099124e+03
 5.85470839e+03 6.73196112e+03 8.53005676e+03 1.12680660e+04
 1.49459889e+04 1.52271403e+04 2.89019993e+03 2.01057387e+03
 1.62619945e+01 2.08153530e+03 2.08449202e+03 2.09336220e+03
 1.94109080e+03 2.15545346e+03 2.16432363e+03 3.23613691e+03
 5.79370514e+03 4.80615856e+03 4.36856307e+03 4.68788951e+03
 5.63699865e+03 7.67270469e+03 1.07092626e+04 1.56824762e+04
 1.81247321e+04 1.81831368e+04 2.64115394e+03 2.50618014e+03
 2.02294062e+03 2.43952642e+03 2.04960211e+03 2.01294256e+03
 2.11625584e+03 1.87963511e+03 2.34787754e+03 2.57283387e+03
 2.15791442e+03 3.53764657e+03 3.51098508e+03 4.39414697e+03
 3.71094626e+03 3.52764851e+03 3.99589095e+03 4.85739037e+03
 6.66537272e+03 1.02413452e+04 1.84430863e+04 2.23689908e+04
 2.17691073e+04 1.73134183e+04 2.49849718e+03 2.24330625e+03
 2.00394112e+03 2.78336146e+03 2.25913205e+03 2.45299802e+03
 2.37386905e+03 2.85062109e+03 3.32935134e+03 3.55091246e+03
 2.88029445e+03 3.32737312e+03 5.57067937e+03 4.17009663e+03
 3.31352555e+03 3.13548537e+03 3.46980526e+03 4.50639475e+03
 6.73189699e+03 1.21304709e+04 3.60986354e+04 4.90916120e+04
 2.34933907e+04 1.51737732e+04 2.45847735e+03 2.70814655e+03
 3.89025380e+03 7.45440905e+03 6.26975416e+03 6.63916267e+03
 7.76267408e+03 1.03892960e+04 4.89657354e+03 4.91695470e+03
 1.33394688e+04 1.60960206e+04 1.39407130e+04 5.98441793e+03
 3.74758568e+03 3.13360326e+03 3.05462626e+03 4.18323297e+03
 6.65699619e+03 1.31356572e+04 4.77938188e+04 7.19454927e+04
 2.23479413e+04 6.19243368e+03 3.54066775e+03 5.40437367e+03
 1.14997004e+04 1.27957043e+04 1.31579879e+04 8.89275308e+03
 2.00040258e+04 2.03700442e+04 2.10796717e+04 1.13876540e+04
 3.23814234e+03 3.99632331e+03 7.80590253e+03 2.68612684e+04
 1.47266381e+04 2.95960627e+03 2.19049806e+03 3.44638362e+03
 4.62438480e+03 8.36283483e+03 1.40094521e+04 1.32403438e+04
 1.47104114e+04 3.52426799e+03 3.27114377e+03 6.10418793e+03
 6.18207231e+03]
