[3.17650439e+02 7.71974838e+02 1.67369335e+02 1.46610347e+02
 2.28348860e+02 4.59292593e+02 3.01654033e+03 2.42361176e+03
 1.75413442e+03 9.75330667e+02 1.96155888e+02 1.10337687e+02
 1.19873043e+02 1.41668142e+02 1.30770592e+02 1.52565691e+02
 2.08415631e+02 5.35342112e+02 3.96534577e+03 3.02134556e+03
 2.09232948e+03 1.79673345e+03 1.55698736e+03 1.58831782e+03
 1.77221396e+03 8.33796810e+02 1.89230482e+02 1.18269051e+02
 1.47836314e+00 1.06442146e+02 1.06442146e+02 1.30095956e+02
 1.18269051e+02 1.30095956e+02 2.01057387e+02 4.64206025e+02
 4.65093043e+03 3.16221875e+03 2.17615054e+03 2.53539278e+03
 2.11849438e+03 1.34531046e+03 1.17677706e+03 1.18860396e+03
 1.33200519e+03 7.48188088e+02 1.46638200e+02 1.46638200e+02
 9.33152181e+01 1.33307454e+02 1.19976709e+02 1.06645964e+02
 1.06645964e+02 9.33152181e+01 1.06645964e+02 1.59968945e+02
 1.99961182e+02 4.79906836e+02 2.69281058e+03 3.76426924e+03
 2.27622478e+03 1.91629466e+03 2.14458367e+03 1.44971857e+03
 1.09978650e+03 8.83161885e+02 9.23154122e+02 1.04313083e+03
 1.02980009e+03 6.01380160e+02 1.26606349e+02 1.26606349e+02
 1.26606349e+02 1.42432143e+02 1.10780556e+02 9.49547621e+01
 9.49547621e+01 1.26606349e+02 1.10780556e+02 1.58257937e+02
 1.74083730e+02 4.31252878e+02 5.21855546e+03 3.87138478e+03
 1.68742525e+03 2.25913205e+03 1.15923939e+03 8.28875944e+02
 7.45790527e+02 8.09093702e+02 7.00291370e+02 8.58549307e+02
 8.76353325e+02 4.30551992e+02 1.22286956e+02 1.22286956e+02
 1.63049275e+02 3.46479710e+02 2.64955072e+02 2.64955072e+02
 2.85336232e+02 2.47121558e+02 1.42668116e+02 1.63049275e+02
 2.44573913e+02 3.66860869e+02 1.39101413e+03 1.84449493e+03
 1.28656069e+03 1.01905797e+03 7.79579347e+02 6.13982427e+02
 6.11434782e+02 6.31815941e+02 6.31815941e+02 7.36269383e+02
 7.99960506e+02 3.88427686e+02 2.68911475e+02 2.68911475e+02
 3.88427686e+02 4.18306739e+02 3.88427686e+02 1.49395264e+02
 2.68911475e+02 3.58548633e+02 4.48185791e+02 3.88427686e+02
 5.97581055e+02 3.92162567e+02 4.48185791e+02 3.62283515e+02
 3.88427686e+02 2.33653127e+02 7.78843756e+01 1.55768751e+02
 7.78843756e+01 2.33653127e+02 1.55768751e+02 2.33653127e+02
 1.55768751e+02 7.78843756e+01 1.55768751e+02 3.11537502e+02
 1.55768751e+02]
