[2.84226979e+03 9.47647768e+03 3.25786356e+03 2.69477603e+03
 3.05805831e+03 3.08919679e+03 1.72040107e+04 1.73752723e+04
 1.61245433e+04 1.54145836e+04 3.62752174e+03 2.77478850e+03
 2.90419690e+03 2.93825175e+03 2.69714347e+03 2.38928770e+03
 2.84017380e+03 3.13440763e+03 1.41995068e+04 1.26738499e+04
 1.36818732e+04 1.74524253e+04 2.02639930e+04 1.96918717e+04
 2.07761778e+04 1.61614658e+04 3.43719430e+03 2.73792853e+03
 2.21754471e+01 2.83106541e+03 3.63233823e+03 3.03360116e+03
 2.67879401e+03 2.75123380e+03 2.62705130e+03 3.33223051e+03
 1.07772673e+04 9.54135569e+03 1.01859220e+04 1.50556502e+04
 2.86920718e+04 5.06664615e+04 2.69416898e+04 1.80419437e+04
 1.85031930e+04 1.36773448e+04 3.07107048e+03 3.05607339e+03
 2.58616462e+03 3.29769315e+03 2.84111512e+03 3.01941384e+03
 2.96109183e+03 2.36120829e+03 3.17938279e+03 3.20437794e+03
 2.34454485e+03 2.64115394e+03 5.15899849e+03 7.62851908e+03
 7.43855596e+03 8.42169843e+03 1.23109434e+04 2.69880941e+04
 3.22156127e+06 5.67089911e+04 1.89896469e+04 1.50237501e+04
 1.63568247e+04 1.07259317e+04 2.57762615e+03 2.73786231e+03
 2.67258091e+03 3.61223741e+03 3.10383378e+03 3.47178349e+03
 3.42628433e+03 3.93270973e+03 3.34517714e+03 3.15328939e+03
 2.16219906e+03 2.81896950e+03 7.39658032e+03 6.03358384e+03
 5.94060730e+03 6.98708791e+03 9.93068553e+03 1.84053980e+04
 4.93289989e+04 3.41995401e+04 1.54420182e+04 1.20592548e+04
 1.20632112e+04 7.81107934e+03 2.66483659e+03 3.46479710e+03
 5.44686485e+03 1.35585663e+04 1.04708206e+04 1.00402686e+04
 1.08325862e+04 1.40986670e+04 5.59717590e+03 4.03546956e+03
 7.20728749e+03 8.58301575e+03 8.19577372e+03 5.78060633e+03
 5.32712554e+03 6.16530072e+03 7.81107934e+03 1.34260888e+04
 2.31529971e+04 3.50148318e+04 1.26617953e+04 9.75238477e+03
 9.47214383e+03 6.24845691e+03 5.73304325e+03 7.77975836e+03
 1.63662511e+04 1.73373204e+04 1.71281670e+04 7.27181446e+03
 8.55661373e+03 9.09817156e+03 8.37360453e+03 8.20179998e+03
 6.24472203e+03 1.10291053e+04 1.80245386e+04 1.15930725e+04
 6.24845691e+03 4.60491370e+03 4.78015355e+03 9.47268718e+03
 6.73699849e+03 1.21304915e+04 8.45045475e+03 9.32665397e+03
 9.23903405e+03 3.13484612e+03 7.89552857e+03 2.00357556e+04
 4.93592230e+03]
