[3.26070089e+03 8.45409756e+03 3.70677666e+03 3.07103268e+03
 3.62244327e+03 5.14433653e+03 2.24716037e+04 1.85481551e+04
 1.30314542e+04 1.08539592e+04 3.62615955e+03 3.38913785e+03
 2.97094439e+03 2.94778710e+03 2.65355327e+03 2.57454604e+03
 3.74875698e+03 5.71848902e+03 2.46393591e+04 3.19625123e+04
 3.85119394e+04 1.76267861e+04 1.24123087e+04 1.11808856e+04
 1.28427619e+04 9.59162004e+03 3.14004331e+03 2.63000802e+03
 2.21754471e+01 2.46295299e+03 2.58417877e+03 2.93750756e+03
 2.48808516e+03 2.80888996e+03 3.31744688e+03 5.12696336e+03
 2.07443916e+04 2.89877444e+04 7.76904665e+06 6.03408698e+04
 1.58480528e+04 1.02302729e+04 8.37640554e+03 8.04525220e+03
 9.84589850e+03 7.53187117e+03 2.33288045e+03 2.42786201e+03
 2.56116947e+03 2.94942743e+03 2.80278923e+03 2.50784649e+03
 2.33121411e+03 2.14625002e+03 2.73613550e+03 3.17605010e+03
 2.82611803e+03 3.79093073e+03 9.91474192e+03 1.73233037e+04
 3.47399226e+04 1.30001430e+05 4.03921587e+04 1.29041616e+04
 7.93845891e+03 6.19546394e+03 5.84386553e+03 6.03382865e+03
 7.79515340e+03 5.67948171e+03 2.09889589e+03 2.27693607e+03
 2.45101980e+03 3.11768135e+03 2.59543016e+03 2.69038493e+03
 2.43717223e+03 2.91392426e+03 2.75566632e+03 2.78731791e+03
 2.62312530e+03 3.29572153e+03 1.19643000e+04 1.17783469e+04
 1.97031131e+04 2.46407608e+04 1.48960283e+04 1.40097839e+04
 6.84069932e+03 5.11173136e+03 4.80906305e+03 4.94753875e+03
 6.03358384e+03 5.08509927e+03 2.21390344e+03 2.97310163e+03
 4.50423623e+03 9.70907481e+03 8.03272445e+03 7.47988550e+03
 7.75757879e+03 8.19577372e+03 3.93611141e+03 3.09284094e+03
 4.77173894e+03 6.14491956e+03 8.07603441e+03 9.61226430e+03
 1.24172214e+04 1.38540931e+04 9.44921502e+03 7.68624474e+03
 7.84929401e+03 4.52971268e+03 4.15775652e+03 4.30042463e+03
 5.30929202e+03 7.69385608e+03 7.38759579e+03 7.56687011e+03
 1.24296859e+04 1.28890764e+04 1.28293183e+04 4.92630882e+03
 5.40437367e+03 5.49774571e+03 6.78627986e+03 9.37455280e+03
 1.16864445e+04 6.40158705e+03 4.98233205e+03 6.06918259e+03
 6.64061947e+03 5.23772426e+03 5.24745980e+03 9.00538092e+03
 5.40322855e+03 9.38506725e+03 5.32534418e+03 7.75923091e+03
 4.22522737e+03 5.94841918e+03 5.30587308e+03 6.10418793e+03
 5.80238598e+03]
