[1.32418135e+03 2.78689404e+03 1.85922680e+03 1.66071898e+03
 1.99416021e+03 1.31560082e+03 6.18098845e+03 7.17223009e+03
 6.80894782e+03 5.97458143e+03 1.99425153e+03 1.39352412e+03
 1.39079974e+03 1.72045060e+03 1.44801187e+03 1.44801187e+03
 1.88663823e+03 1.63327021e+03 5.27032731e+03 6.17073732e+03
 8.21402783e+03 1.03472231e+04 1.03744670e+04 8.81339304e+03
 1.10010761e+04 8.93522681e+03 1.99874696e+03 1.29652447e+03
 1.03485420e+01 1.58037019e+03 1.60698073e+03 1.58037019e+03
 1.47688477e+03 1.75038196e+03 1.91448026e+03 3.29527143e+03
 4.78250475e+03 5.50542433e+03 4.46169995e+03 4.92590598e+03
 4.73371877e+03 5.59264775e+03 7.40068587e+03 1.18505589e+04
 1.75570406e+04 1.31107881e+04 1.64967975e+03 1.60802117e+03
 1.36640141e+03 1.70300273e+03 1.43305513e+03 1.47638006e+03
 1.58135968e+03 1.43638782e+03 1.77132280e+03 2.03793771e+03
 1.96961764e+03 3.44433135e+03 3.86091715e+03 5.64223801e+03
 3.49765433e+03 3.07107048e+03 3.12439346e+03 3.39600740e+03
 4.41247674e+03 6.34210214e+03 9.43483509e+03 1.52303767e+04
 2.15024924e+04 1.56635793e+04 1.47773348e+03 1.38673517e+03
 1.28782396e+03 1.93865973e+03 1.59049226e+03 1.70522927e+03
 1.72105506e+03 2.07120075e+03 2.07120075e+03 2.29474008e+03
 2.64092932e+03 3.71114862e+03 5.42429078e+03 5.09392734e+03
 3.21659256e+03 2.68840670e+03 2.54597456e+03 2.86842510e+03
 4.00986047e+03 6.54000924e+03 1.04727190e+04 1.68307316e+04
 2.82727804e+04 1.54183471e+04 1.37318061e+03 1.80373261e+03
 2.49669203e+03 4.56792735e+03 3.93611141e+03 4.50933152e+03
 5.08000398e+03 6.43535108e+03 3.27881902e+03 3.83165797e+03
 1.01625556e+04 1.24376025e+04 1.22337909e+04 1.01472697e+04
 3.68644221e+03 2.70305126e+03 2.21390344e+03 2.52216847e+03
 3.43932065e+03 5.64812880e+03 9.95874401e+03 1.54998717e+04
 3.16519405e+04 4.17933250e+03 2.61068223e+03 2.40152887e+03
 6.12520581e+03 7.45108878e+03 8.59396255e+03 5.67702002e+03
 1.89283799e+04 2.00339049e+04 2.63607943e+04 1.09058543e+04
 2.49116602e+03 2.07659417e+03 3.45103059e+03 5.40810855e+03
 4.53788114e+03 2.02499376e+03 1.33376993e+03 1.56742306e+03
 1.41165431e+03 3.59241682e+03 9.15141413e+03 1.01833821e+04
 1.20526071e+04 3.13484612e+03 1.63557189e+03 2.96934182e+03
 2.03472931e+03]
