[1.32418135e+03 2.74537606e+03 1.93188325e+03 1.69315490e+03
 2.05643717e+03 1.31560082e+03 5.56600346e+03 6.88160427e+03
 6.25623978e+03 5.61496231e+03 2.03784173e+03 1.42757897e+03
 1.42485458e+03 1.77630055e+03 1.51339717e+03 1.50249962e+03
 1.94112598e+03 1.65506531e+03 5.12865917e+03 5.71031586e+03
 6.57394665e+03 8.29575945e+03 1.16440315e+04 1.13988366e+04
 1.10909809e+04 8.31727101e+03 2.03422768e+03 1.33200519e+03
 1.18269051e+01 1.61880764e+03 1.66759362e+03 1.64098308e+03
 1.54784621e+03 1.78734103e+03 1.96178788e+03 3.28344453e+03
 4.86529309e+03 6.75611954e+03 4.53413974e+03 3.83191725e+03
 4.19855131e+03 5.30732367e+03 7.32972444e+03 1.06146473e+04
 1.65813210e+04 1.26008871e+04 1.63801535e+03 1.67467490e+03
 1.41972439e+03 1.83464384e+03 1.51303961e+03 1.55636453e+03
 1.66134415e+03 1.48971080e+03 1.82464578e+03 2.10459144e+03
 1.99794547e+03 3.43100061e+03 4.02255244e+03 5.77721181e+03
 5.49559981e+03 3.16438570e+03 3.15105495e+03 3.40933815e+03
 4.26417220e+03 5.96550858e+03 9.64812701e+03 1.33807357e+04
 2.17691073e+04 1.51531974e+04 1.44806012e+03 1.43421255e+03
 1.35112714e+03 2.01976692e+03 1.65577366e+03 1.81600982e+03
 1.77051067e+03 2.13450392e+03 2.11867813e+03 2.34221746e+03
 2.68840670e+03 3.74280020e+03 5.88719525e+03 5.99995403e+03
 3.77445179e+03 3.02470482e+03 2.94557585e+03 3.12163780e+03
 4.78928081e+03 6.04545318e+03 9.80407918e+03 1.64825641e+04
 3.22846191e+04 1.49699616e+04 1.37318061e+03 1.88525724e+03
 2.63936014e+03 4.75135778e+03 4.05839836e+03 4.69276195e+03
 5.22267209e+03 6.59840035e+03 3.35779601e+03 3.89280144e+03
 1.02848426e+04 1.26006518e+04 1.24834601e+04 1.03154143e+04
 3.99215960e+03 3.02914981e+03 2.58585960e+03 5.31183967e+03
 4.64945199e+03 5.75258224e+03 9.09764002e+03 1.47202924e+04
 3.34658637e+04 4.17933250e+03 2.64056129e+03 2.58080318e+03
 6.15508487e+03 7.69012120e+03 8.83299497e+03 5.76665718e+03
 1.89582590e+04 2.01011327e+04 2.69658451e+04 1.08759752e+04
 3.47717476e+03 4.69101128e+03 8.13830699e+03 5.62099680e+03
 4.44824398e+03 2.02499376e+03 1.41165431e+03 1.64530743e+03
 1.48953868e+03 3.59241682e+03 9.07352975e+03 1.01833821e+04
 1.18968384e+04 3.13484612e+03 1.79134064e+03 2.96934182e+03
 2.03472931e+03]
