[3.23263539e+03 9.41420072e+03 3.23710457e+03 2.89328385e+03
 3.43431495e+03 4.32954628e+03 2.26791936e+04 2.07174693e+04
 1.59532817e+04 1.37745024e+04 3.52808160e+03 2.92871639e+03
 2.92599200e+03 2.92599200e+03 2.91645665e+03 2.46693274e+03
 3.24610751e+03 4.31542955e+03 2.06944462e+04 2.04764952e+04
 2.76688778e+04 2.84208087e+04 1.90816089e+04 1.53491983e+04
 1.73162059e+04 1.25897405e+04 4.06993372e+03 2.66401037e+03
 2.06970839e+01 2.78375779e+03 2.63148639e+03 3.24796381e+03
 2.55904659e+03 2.67879401e+03 2.83106541e+03 4.02114774e+03
 1.63920905e+04 1.58243990e+04 2.30861188e+04 1.32414030e+05
 9.61527385e+04 1.97982391e+04 1.28026248e+04 1.12355598e+04
 1.31278647e+04 9.46482926e+03 2.65448469e+03 2.93609668e+03
 2.37287269e+03 3.12272712e+03 2.72113841e+03 2.77779408e+03
 2.74613356e+03 2.20123934e+03 2.76279699e+03 3.24270383e+03
 2.47785231e+03 2.90610251e+03 7.30191581e+03 1.21209803e+04
 1.34307260e+04 2.37620537e+04 9.63279666e+04 5.47093793e+04
 1.64701360e+04 1.02446779e+04 8.73497095e+03 8.21173919e+03
 1.01546953e+04 6.85850333e+03 2.18000308e+03 2.56377858e+03
 2.44904157e+03 3.24428770e+03 2.97722744e+03 2.99503145e+03
 2.70818894e+03 3.20076677e+03 2.80314371e+03 2.97722744e+03
 2.17802485e+03 2.83281707e+03 9.86738236e+03 8.81892353e+03
 1.00137709e+04 1.41640853e+04 2.51550990e+04 2.36279100e+04
 1.55013649e+04 8.43119158e+03 6.65474624e+03 6.77739614e+03
 7.57659872e+03 5.61755706e+03 2.19352228e+03 3.17946087e+03
 5.07745633e+03 1.11841612e+04 9.34221394e+03 8.78937499e+03
 8.90656665e+03 1.04912018e+04 4.28513876e+03 3.15653206e+03
 5.12076630e+03 6.04301376e+03 7.17416811e+03 7.09264347e+03
 8.07348676e+03 1.05319641e+04 1.26465094e+04 1.22541721e+04
 2.51605413e+04 7.00602354e+03 5.77551104e+03 5.36534021e+03
 6.19077717e+03 6.73025663e+03 7.20458660e+03 7.92915362e+03
 1.42336338e+04 1.51710890e+04 1.47229032e+04 5.43798760e+03
 5.85255946e+03 5.76665718e+03 6.21484297e+03 7.96276756e+03
 1.24707696e+04 1.28928113e+04 1.17051189e+04 6.12894070e+03
 5.80027112e+03 3.82606995e+03 5.24745980e+03 8.92749655e+03
 5.40322855e+03 1.00860266e+04 5.00407113e+03 6.42546098e+03
 4.06945862e+03 4.62438480e+03 8.59648795e+03 7.20430474e+03
 4.62438480e+03]
