[4.09501169e+02 9.38046736e+02 4.69672086e+02 3.86636137e+02
 4.68374650e+02 3.86636137e+02 2.01491920e+03 2.57930417e+03
 1.70223695e+03 1.29408399e+03 5.13547013e+02 3.62343516e+02
 3.70516678e+02 3.93673971e+02 3.51445967e+02 3.50083773e+02
 4.05933714e+02 5.89829859e+02 2.05963683e+03 2.35523285e+03
 2.32254021e+03 2.57318384e+03 2.86196890e+03 2.47646809e+03
 2.26669027e+03 1.36896427e+03 4.74554567e+02 3.54807153e+02
 2.95672628e+00 3.90287868e+02 3.45936974e+02 4.25768584e+02
 3.68112421e+02 3.45936974e+02 3.78460963e+02 6.06128887e+02
 1.86717264e+03 2.94933446e+03 2.57974368e+03 2.46295299e+03
 2.50878225e+03 2.48660680e+03 2.75862562e+03 3.09273568e+03
 2.57974368e+03 1.49970886e+03 3.74927216e+02 4.26583854e+02
 3.46599381e+02 4.66576090e+02 3.86591618e+02 3.48265725e+02
 3.86591618e+02 2.81611997e+02 3.48265725e+02 4.39914600e+02
 3.86591618e+02 4.93237581e+02 1.20476612e+03 3.42933426e+03
 3.44433135e+03 3.14938861e+03 2.96109183e+03 2.53617432e+03
 2.54783872e+03 2.89443810e+03 3.55097732e+03 3.44599770e+03
 2.74779990e+03 1.46190769e+03 3.32341667e+02 3.63993255e+02
 3.63993255e+02 4.74773810e+02 3.79819048e+02 3.34319891e+02
 2.86842510e+02 3.81797272e+02 3.34319891e+02 3.65971479e+02
 3.63993255e+02 4.76752035e+02 1.77842356e+03 2.88227267e+03
 3.55091246e+03 3.80214693e+03 3.27791752e+03 2.70621072e+03
 2.62510353e+03 2.99107500e+03 3.80412516e+03 3.64191077e+03
 2.89809847e+03 1.04453442e+03 3.05717391e+02 3.89789673e+02
 5.50291304e+02 8.96771013e+02 6.75125905e+02 6.75125905e+02
 7.33721738e+02 7.97412861e+02 3.87242028e+02 4.07623188e+02
 6.31815941e+02 7.74484057e+02 1.26617953e+03 2.17314112e+03
 3.37817717e+03 3.84949148e+03 3.58708405e+03 2.74890887e+03
 2.45592971e+03 2.62152663e+03 3.05207862e+03 3.25589021e+03
 2.76674239e+03 6.61074042e+02 5.07943897e+02 6.90953095e+02
 1.04576685e+03 1.01962268e+03 1.01962268e+03 4.48185791e+02
 8.36613477e+02 9.26250635e+02 1.01588779e+03 9.00106464e+02
 3.18211912e+03 2.40526375e+03 2.57706830e+03 1.62093861e+03
 6.90953095e+02 3.11537502e+02 3.11537502e+02 5.45190629e+02
 3.11537502e+02 6.23075004e+02 3.89421878e+02 4.67306253e+02
 5.45190629e+02 3.11537502e+02 5.45190629e+02 8.56728131e+02
 3.11537502e+02]
