[1.49767717e+03 4.24651033e+03 2.03697562e+03 1.77619085e+03
 2.08757565e+03 1.47259066e+03 7.70677402e+03 9.31300065e+03
 8.64611819e+03 8.53005676e+03 2.34433531e+03 1.62373485e+03
 1.57742027e+03 1.85258339e+03 1.60057756e+03 1.59921537e+03
 1.96292108e+03 1.75178106e+03 6.12714713e+03 6.72106357e+03
 5.38202719e+03 5.89829859e+03 7.25776787e+03 1.02164525e+04
 1.47934233e+04 1.30864705e+04 2.47330153e+03 1.62915618e+03
 1.33052682e+01 1.72524978e+03 1.75038196e+03 1.74742523e+03
 1.63063454e+03 1.85830246e+03 1.97361479e+03 3.27161762e+03
 5.48324888e+03 5.26888622e+03 4.74998076e+03 4.14089515e+03
 4.66127897e+03 6.10563976e+03 8.49467459e+03 1.24478176e+04
 1.72672815e+04 1.71899962e+04 2.23789889e+03 1.99627913e+03
 1.63468266e+03 1.98294838e+03 1.63468266e+03 1.63801535e+03
 1.75465937e+03 1.54470013e+03 1.91962734e+03 2.17124516e+03
 2.02294062e+03 3.46932650e+03 3.92757088e+03 5.41394899e+03
 4.42247480e+03 3.41933621e+03 3.41933621e+03 3.83925469e+03
 5.10900819e+03 7.45521939e+03 1.18210385e+04 1.81831368e+04
 2.15558154e+04 1.72580280e+04 1.82985739e+03 1.73292441e+03
 1.52718909e+03 2.19385065e+03 1.82787917e+03 1.97426776e+03
 1.91294281e+03 2.29276186e+03 2.27693607e+03 2.48464961e+03
 2.72005829e+03 5.76454535e+03 5.71113329e+03 4.91984361e+03
 3.50343508e+03 2.91194604e+03 2.89612024e+03 3.48760928e+03
 5.02666772e+03 8.22941271e+03 1.47100752e+04 3.29809540e+04
 2.38099066e+04 1.48018170e+04 1.39356177e+03 1.90818605e+03
 2.78457590e+03 5.44686485e+03 4.79466775e+03 5.20483858e+03
 5.75512988e+03 7.17416811e+03 3.64567989e+03 4.20106648e+03
 1.15764985e+04 1.42413351e+04 1.32018960e+04 6.61878151e+03
 3.76796684e+03 2.86610054e+03 2.50178732e+03 3.09793623e+03
 4.64945199e+03 7.76522173e+03 1.39967612e+04 2.58738818e+04
 1.93519108e+04 4.17559762e+03 2.64056129e+03 3.27175628e+03
 8.07854889e+03 8.71347876e+03 1.00655059e+04 6.48748933e+03
 1.96155981e+04 2.08779881e+04 2.42095025e+04 1.21943884e+04
 2.78622167e+03 2.76381238e+03 4.53041137e+03 5.91978733e+03
 4.32499289e+03 2.02499376e+03 1.33376993e+03 1.64530743e+03
 1.80107618e+03 5.15983988e+03 1.00860266e+04 1.11958790e+04
 1.33182282e+04 3.13484612e+03 1.94710939e+03 2.90119299e+03
 2.03472931e+03]
