[3.43674813e+03 9.39344173e+03 3.45637138e+03 3.02951470e+03
 3.64320226e+03 4.66428495e+03 2.33849991e+04 2.09250591e+04
 1.58287278e+04 1.39924534e+04 3.69290704e+03 4.89027527e+03
 3.04722724e+03 2.97230659e+03 2.86196890e+03 2.61949843e+03
 3.46542070e+03 4.69820597e+03 2.22201031e+04 2.30156242e+04
 3.17445613e+04 2.81483700e+04 1.84223072e+04 1.49514377e+04
 1.63899142e+04 1.18742127e+04 3.90140032e+03 2.82071687e+03
 2.06970839e+01 2.85471922e+03 2.73792853e+03 3.35588432e+03
 2.66696710e+03 2.87985139e+03 3.05577661e+03 4.46022159e+03
 1.76989635e+04 1.79414150e+04 3.10811066e+04 9.67346222e+06
 5.11158839e+04 1.71312720e+04 1.20190923e+04 1.08748392e+04
 1.26074808e+04 9.06157421e+03 2.66948177e+03 2.99108601e+03
 2.45285716e+03 3.12439346e+03 2.80112289e+03 2.88444004e+03
 2.71947207e+03 2.32121605e+03 2.92443228e+03 3.35101614e+03
 2.63948760e+03 3.56430806e+03 8.68498065e+03 1.34873817e+04
 1.56836220e+04 3.17005127e+04 2.14998262e+05 3.19804583e+04
 1.39506251e+04 9.52148493e+03 8.27839292e+03 7.99511458e+03
 9.72811148e+03 6.69826717e+03 2.35408681e+03 2.65873334e+03
 2.59345194e+03 3.34122069e+03 3.05635640e+03 3.07416042e+03
 2.83479529e+03 3.32935134e+03 2.99305323e+03 3.12163780e+03
 2.44904157e+03 3.04250883e+03 1.09158412e+04 1.00098145e+04
 1.13035731e+04 1.69969024e+04 2.24093238e+04 2.06289221e+04
 1.25696366e+04 7.71705264e+03 6.20766757e+03 6.37977308e+03
 7.32140780e+03 5.82391630e+03 2.41771503e+03 3.32212898e+03
 5.18190978e+03 1.10363978e+04 9.32438042e+03 8.68746919e+03
 8.86580434e+03 1.00428163e+04 4.42780688e+03 3.40110597e+03
 5.20483858e+03 6.30796883e+03 7.56141013e+03 7.93336629e+03
 8.91420959e+03 1.16987855e+04 1.24630790e+04 1.11128272e+04
 2.04066358e+04 6.47356575e+03 5.60991412e+03 5.26343441e+03
 6.21115833e+03 7.30169352e+03 7.62662822e+03 8.26155809e+03
 1.44166430e+04 1.49320566e+04 1.46332661e+04 5.61726192e+03
 5.97581055e+03 5.91605245e+03 6.45761028e+03 8.35119525e+03
 1.33708761e+04 1.04875475e+04 1.07153753e+04 6.16255463e+03
 6.25219179e+03 5.15983988e+03 6.18207231e+03 9.87184460e+03
 6.11392348e+03 1.07967216e+04 5.94841918e+03 7.44769341e+03
 4.84830238e+03 6.73699849e+03 7.81764420e+03 7.59372662e+03
 5.40322855e+03]
