[2.24651576e+03 5.38695719e+03 2.01491920e+03 2.16152955e+03
 2.90106847e+03 4.22575134e+03 1.61608716e+04 1.17755355e+04
 8.74991312e+03 6.66657582e+03 2.23399762e+03 2.21492691e+03
 1.79673345e+03 1.82942610e+03 2.21492691e+03 2.40972060e+03
 4.17512360e+03 1.01674135e+04 2.61759136e+04 1.88963506e+04
 1.20090994e+04 8.81339304e+03 7.41305795e+03 7.34222388e+03
 8.69896877e+03 6.07902922e+03 1.92630717e+03 1.58037019e+03
 1.33052682e+01 1.54488948e+03 2.07118676e+03 2.12884292e+03
 2.01057387e+03 2.35503248e+03 4.11280625e+03 9.82520141e+03
 5.75497202e+04 7.98079556e+04 1.76102617e+04 9.27820705e+03
 6.63785049e+03 5.53055650e+03 5.04269666e+03 5.28071313e+03
 6.67924466e+03 4.97236805e+03 1.66301049e+03 1.65967781e+03
 1.62135191e+03 1.75465937e+03 1.74132862e+03 1.71633348e+03
 1.52637035e+03 1.59635677e+03 2.01127622e+03 2.47785231e+03
 3.41600352e+03 6.42875199e+03 2.55683698e+04 2.75359878e+05
 2.69214404e+04 1.18743615e+04 9.22487584e+03 5.25731273e+03
 4.10420325e+03 3.61929739e+03 3.72427701e+03 4.00922169e+03
 5.33229818e+03 4.06920720e+03 1.50938507e+03 1.65379544e+03
 1.62214385e+03 1.79622758e+03 1.78040179e+03 1.70325104e+03
 1.60829628e+03 1.99009355e+03 1.94063795e+03 2.27693607e+03
 2.84666464e+03 4.77543324e+03 1.99800645e+04 3.57821195e+04
 1.48050300e+04 8.24523851e+03 5.99599758e+03 5.20470790e+03
 3.43617545e+03 3.00887902e+03 2.89809847e+03 3.40452386e+03
 4.31252878e+03 4.05839836e+03 1.74258913e+03 2.03047300e+03
 2.78202826e+03 6.02008496e+03 5.44941249e+03 5.04178930e+03
 5.20229094e+03 5.18445742e+03 2.72088478e+03 2.49669203e+03
 3.93101612e+03 5.79334456e+03 1.07357757e+04 1.68042659e+04
 1.04504395e+04 6.26975416e+03 4.42780688e+03 3.58708405e+03
 3.25589021e+03 2.66228895e+03 2.72343242e+03 3.29665253e+03
 4.05839836e+03 7.39133068e+03 6.27460108e+03 5.19522030e+03
 6.60327066e+03 7.48096783e+03 6.58086137e+03 3.12236101e+03
 4.37728123e+03 5.34461556e+03 7.86939552e+03 7.54072594e+03
 4.68354152e+03 3.27549116e+03 2.69658451e+03 5.37822950e+03
 6.76013569e+03 4.29337620e+03 3.05696174e+03 5.09169105e+03
 3.05696174e+03 5.47137738e+03 2.42415119e+03 6.58122973e+03
 3.43664807e+03 2.65780432e+03 3.34902815e+03 4.45888050e+03
 4.77041800e+03]
