[2.29754394e+03 7.82873307e+03 2.85046844e+03 2.37171429e+03
 2.75575556e+03 2.41193483e+03 1.27615874e+04 1.32805621e+04
 1.31767672e+04 1.44719455e+04 3.35372081e+03 2.51188513e+03
 2.55275094e+03 2.61949843e+03 2.30346950e+03 2.13591967e+03
 2.53368023e+03 2.54185339e+03 1.04071596e+04 9.09672933e+03
 9.42638019e+03 1.18183923e+04 1.43411750e+04 1.66623530e+04
 1.98989251e+04 1.74919926e+04 3.29379307e+03 2.61818112e+03
 2.06970839e+01 2.55756823e+03 2.52504424e+03 2.68914255e+03
 2.91681047e+03 2.52504424e+03 2.37720793e+03 3.17700238e+03
 8.10143000e+03 6.97196056e+03 6.86847514e+03 7.97429077e+03
 1.07536135e+04 1.95557876e+04 2.23232834e+04 1.95676145e+04
 2.02654019e+04 1.67300855e+04 2.92276594e+03 2.96442452e+03
 2.46618791e+03 3.09606563e+03 2.61282611e+03 2.54950507e+03
 2.80112289e+03 2.34954388e+03 2.91110154e+03 3.00275041e+03
 2.16957882e+03 2.93443034e+03 4.46413338e+03 5.68556293e+03
 5.30563669e+03 5.53725839e+03 6.98864330e+03 9.91474192e+03
 1.81564753e+04 8.15041776e+04 4.17385640e+04 1.98494800e+04
 1.90896275e+04 1.32738844e+04 2.56180035e+03 2.61125596e+03
 2.48069316e+03 3.38869807e+03 2.84864286e+03 3.10581201e+03
 2.97920566e+03 3.50343508e+03 3.27989574e+03 2.99503145e+03
 2.35408681e+03 2.88227267e+03 6.09490879e+03 4.74378165e+03
 4.30065943e+03 4.67850026e+03 6.12458215e+03 9.02861529e+03
 1.83262691e+04 1.05937863e+05 5.12755715e+04 1.99325871e+04
 1.64904770e+04 1.09446826e+04 2.60369311e+03 3.26098550e+03
 4.93478822e+03 1.13268293e+04 1.02440802e+04 9.73455126e+03
 1.05676311e+04 1.37318061e+04 5.57679474e+03 4.46856920e+03
 1.01192456e+04 1.21267898e+04 1.05574406e+04 5.49527010e+03
 4.11699420e+03 4.34373460e+03 5.20738622e+03 8.05565325e+03
 1.57750174e+04 4.11495608e+04 3.62377014e+04 1.64425003e+04
 1.45521478e+04 6.61074042e+03 4.67980664e+03 7.11868432e+03
 1.59778235e+04 1.65231162e+04 1.66202231e+04 7.96276756e+03
 1.37854480e+04 1.51673542e+04 1.40543594e+04 8.76950198e+03
 4.50053232e+03 7.27181446e+03 2.04522116e+04 2.69807846e+04
 8.35119525e+03 4.37126058e+03 2.82330861e+03 8.14865279e+03
 6.33784106e+03 1.18871028e+04 1.12640278e+04 1.26951532e+04
 1.10401102e+04 3.05696174e+03 4.91645121e+03 3.40452077e+04
 6.42546098e+03]
