[1.59080361e+03 4.50729511e+03 2.16152955e+03 1.90074477e+03
 2.22380651e+03 1.57638559e+03 7.25526604e+03 7.55886623e+03
 7.78721509e+03 9.12124881e+03 2.46557054e+03 1.75586764e+03
 1.72998596e+03 1.97381863e+03 1.73271035e+03 1.73134815e+03
 2.07325877e+03 1.82942610e+03 6.26881527e+03 5.45831003e+03
 5.29484679e+03 5.96368389e+03 7.41305795e+03 9.77782616e+03
 1.33004590e+04 1.38493059e+04 2.61670275e+03 1.77107904e+03
 1.47836314e+01 1.86717264e+03 1.88195627e+03 1.90117500e+03
 1.75038196e+03 2.00022533e+03 2.06823003e+03 3.33223051e+03
 5.57934248e+03 4.57849064e+03 4.08028226e+03 4.20150804e+03
 4.93625452e+03 6.64967739e+03 9.06827949e+03 1.24005100e+04
 1.66936766e+04 1.76965646e+04 2.41286492e+03 2.17124516e+03
 1.78132086e+03 2.14458367e+03 1.80798235e+03 1.81131504e+03
 1.88963317e+03 1.69133833e+03 2.09292703e+03 2.34454485e+03
 2.10459144e+03 3.52264948e+03 4.00755535e+03 4.31416249e+03
 3.55097732e+03 3.27269801e+03 3.59263590e+03 4.18752041e+03
 5.65890144e+03 8.31505247e+03 1.38573099e+04 1.87430281e+04
 2.12358775e+04 1.74795891e+04 2.21165467e+03 1.95646374e+03
 1.71709861e+03 2.41738998e+03 1.97426776e+03 2.19780710e+03
 2.10483056e+03 2.53212699e+03 2.53212699e+03 3.07416042e+03
 2.91194604e+03 3.75664777e+03 5.80608806e+03 4.26702962e+03
 3.25022238e+03 2.95942342e+03 3.08800799e+03 3.82192917e+03
 5.48957218e+03 9.07213623e+03 1.90384298e+04 3.87098913e+04
 2.51471862e+04 1.58718279e+04 2.08906884e+03 2.31835688e+03
 3.23550905e+03 6.16530072e+03 5.34750670e+03 5.75767753e+03
 6.32834999e+03 7.95119981e+03 4.52716503e+03 4.71314311e+03
 1.22949344e+04 1.51432014e+04 1.36299003e+04 6.31306412e+03
 3.80872916e+03 3.04953097e+03 2.70814655e+03 3.48517826e+03
 5.22267209e+03 9.03394890e+03 2.26230869e+04 8.84949941e+04
 2.53439717e+04 4.77691356e+03 2.87959371e+03 4.17559762e+03
 9.34093887e+03 1.02149012e+04 1.11486216e+04 7.39133068e+03
 2.06090766e+04 2.10572624e+04 2.33654193e+04 1.20748722e+04
 2.96923087e+03 3.21573305e+03 5.52388988e+03 1.60450513e+04
 1.13615098e+04 3.27114377e+03 1.72319181e+03 2.03472931e+03
 3.29061487e+03 6.71752739e+03 1.29093352e+04 1.21402270e+04
 1.47201470e+04 3.52426799e+03 2.80383752e+03 4.92618675e+03
 6.34757661e+03]
