[2.18528194e+03 7.30716351e+03 2.75705299e+03 2.36003736e+03
 2.69347860e+03 2.27570398e+03 1.16924996e+04 1.21128691e+04
 1.21751460e+04 1.38398877e+04 3.28697332e+03 2.45739738e+03
 2.46557054e+03 2.57590823e+03 2.28031220e+03 2.09232948e+03
 2.49962538e+03 2.43287789e+03 9.61708731e+03 8.33117648e+03
 8.57092257e+03 1.04153328e+04 1.34857173e+04 1.56325346e+04
 1.88909018e+04 1.74919926e+04 3.25831236e+03 2.55904659e+03
 2.06970839e+01 2.52208751e+03 2.52356588e+03 2.60635421e+03
 2.45260445e+03 2.50139043e+03 2.37868629e+03 3.34257905e+03
 7.44799349e+03 6.42200947e+03 6.20025500e+03 7.15232086e+03
 9.25455324e+03 1.40385364e+04 1.93724706e+04 1.90413172e+04
 2.03127095e+04 1.75365956e+04 2.92276594e+03 2.94942743e+03
 2.43952642e+03 3.04274265e+03 2.58616462e+03 2.52284357e+03
 2.61282611e+03 2.61615879e+03 2.91110154e+03 3.16271936e+03
 2.17124516e+03 3.10773003e+03 3.94256796e+03 5.34896161e+03
 4.87738649e+03 5.05568521e+03 6.21046103e+03 8.39836963e+03
 1.35173759e+04 3.53931291e+04 4.35515454e+04 2.12425429e+04
 2.01627525e+04 1.43816900e+04 2.64092932e+03 2.69038493e+03
 2.49651895e+03 3.37287228e+03 2.83281707e+03 3.05833463e+03
 2.80512193e+03 3.48760928e+03 3.34517714e+03 3.10581201e+03
 2.45101980e+03 3.02470482e+03 5.90499927e+03 4.52222054e+03
 4.02964271e+03 4.34418036e+03 5.41044321e+03 7.81596385e+03
 1.40058274e+04 5.46939429e+04 1.03374084e+05 2.34933907e+04
 1.78277566e+04 1.17242619e+04 2.70559891e+03 3.36289130e+03
 4.83288242e+03 1.02211514e+04 9.79314709e+03 9.71417010e+03
 1.05676311e+04 1.41598105e+04 5.94365561e+03 4.79466775e+03
 1.15764985e+04 1.39661895e+04 1.16834996e+04 5.63539057e+03
 3.95394492e+03 4.07623188e+03 4.65454728e+03 6.94997535e+03
 1.27484152e+04 3.64822753e+04 7.30664564e+04 2.27861362e+04
 1.94334355e+04 7.39133068e+03 4.53041137e+03 7.08880527e+03
 1.56491539e+04 1.64036000e+04 1.61421583e+04 8.38107430e+03
 1.52271123e+04 1.64334790e+04 1.55445772e+04 9.01226929e+03
 4.25776502e+03 6.10279653e+03 1.57985491e+04 5.34984440e+04
 9.34093887e+03 4.84830238e+03 3.21273049e+03 8.22653717e+03
 6.50334536e+03 1.14976809e+04 1.24420290e+04 1.33961126e+04
 1.18968384e+04 3.52426799e+03 4.28364066e+03 1.04365063e+05
 5.94841918e+03]
