[2.98514871e+03 9.72558553e+03 3.26824305e+03 2.70515553e+03
 3.10087372e+03 3.30846359e+03 1.86675193e+04 1.86675193e+04
 1.62490973e+04 1.48479110e+04 3.54987670e+03 2.73119831e+03
 2.94778710e+03 3.17799783e+03 2.89466155e+03 2.38928770e+03
 2.82927625e+03 3.35235862e+03 1.58232417e+04 1.43629701e+04
 1.60030512e+04 2.08742558e+04 2.16697769e+04 1.87274386e+04
 1.95502035e+04 1.48486794e+04 3.35440596e+03 2.66401037e+03
 2.21754471e+01 3.16369712e+03 2.78671452e+03 3.05725497e+03
 2.72610163e+03 2.64331329e+03 2.62852966e+03 3.32040361e+03
 1.21344046e+04 1.09191901e+04 1.19717847e+04 2.01767001e+04
 4.60539685e+04 6.61833610e+04 2.16609767e+04 1.57534376e+04
 1.67468976e+04 1.32174341e+04 2.88277370e+03 2.88277370e+03
 2.51951089e+03 3.21770868e+03 2.97442258e+03 2.83111706e+03
 2.80112289e+03 2.34787754e+03 2.83111706e+03 3.13605786e+03
 2.19624031e+03 2.46452156e+03 5.78887621e+03 8.55167320e+03
 8.53834245e+03 1.03246623e+04 1.78898604e+04 7.18793794e+04
 1.25522299e+05 2.57483348e+04 1.44838549e+04 1.21743033e+04
 1.38306484e+04 8.94157343e+03 2.76951389e+03 2.64290754e+03
 2.56180035e+03 3.48365283e+03 3.05437818e+03 3.50343508e+03
 3.31352555e+03 3.55091246e+03 3.04250883e+03 2.96140164e+03
 2.00394112e+03 2.56377858e+03 7.82585497e+03 6.54396569e+03
 6.65474624e+03 8.26106430e+03 1.24707254e+04 2.45141544e+04
 1.18408588e+05 1.87931300e+04 1.14301795e+04 9.80012273e+03
 1.02195063e+04 6.97035651e+03 2.54254963e+03 3.34251014e+03
 5.42648369e+03 1.29878938e+04 1.01217933e+04 9.79569473e+03
 1.02389850e+04 1.31560384e+04 5.16662391e+03 3.58453641e+03
 6.08377608e+03 7.31174093e+03 7.33721738e+03 5.76022517e+03
 5.65577173e+03 6.73852082e+03 9.20464111e+03 1.56221587e+04
 2.06512098e+04 1.52451072e+04 9.40335742e+03 7.91043749e+03
 8.17794021e+03 5.86002922e+03 6.09159188e+03 7.86939552e+03
 1.58881863e+04 1.67621486e+04 1.65903440e+04 6.55098232e+03
 7.50711200e+03 7.86566064e+03 7.41747485e+03 7.86939552e+03
 7.17470754e+03 1.28293183e+04 1.33297924e+04 9.04214834e+03
 5.65087585e+03 4.44914495e+03 5.79265043e+03 8.92749655e+03
 5.79265043e+03 1.11082591e+04 6.18207231e+03 7.99288404e+03
 7.43795787e+03 2.82330861e+03 7.26271802e+03 1.37855345e+04
 4.14734300e+03]
