[3.28111217e+03 8.34770775e+03 3.73791514e+03 3.08141217e+03
 3.63282277e+03 5.18585450e+03 2.25131217e+04 1.83405652e+04
 1.30314542e+04 1.06768740e+04 3.64795465e+03 3.42183050e+03
 2.99273949e+03 2.94778710e+03 2.67534837e+03 2.59634113e+03
 3.78144963e+03 5.80566942e+03 2.49880807e+04 3.20932829e+04
 3.61907614e+04 1.73652449e+04 1.24123087e+04 1.12680660e+04
 1.27991717e+04 9.52065861e+03 3.12821640e+03 2.63000802e+03
 2.21754471e+01 2.47477989e+03 2.57235186e+03 2.98481518e+03
 2.51173897e+03 2.83254377e+03 3.36475450e+03 5.15061717e+03
 2.09868431e+04 2.93662054e+04 8.68340834e+06 5.69820288e+04
 1.57061300e+04 1.01829653e+04 8.23448268e+03 7.90332934e+03
 9.75128326e+03 7.61518833e+03 2.35954194e+03 2.44119276e+03
 2.55950312e+03 2.93609668e+03 2.81611997e+03 2.49451574e+03
 2.35787560e+03 2.17291151e+03 2.76279699e+03 3.22937308e+03
 2.81278729e+03 3.85758446e+03 1.00780436e+04 1.75365956e+04
 3.68861726e+04 9.86741777e+04 3.93256990e+04 1.27175311e+04
 7.88513593e+03 6.18046685e+03 5.80387330e+03 5.96717493e+03
 7.76849191e+03 5.71113329e+03 2.11472168e+03 2.29276186e+03
 2.46684559e+03 3.13350715e+03 2.62708175e+03 2.67653736e+03
 2.46882381e+03 2.92975005e+03 2.77149212e+03 2.85062109e+03
 2.65477689e+03 3.34319891e+03 1.21542095e+04 1.18416501e+04
 2.09770895e+04 2.39365129e+04 1.48564638e+04 1.38792211e+04
 6.77541792e+03 5.09590556e+03 4.80708483e+03 4.94753875e+03
 6.03358384e+03 5.16662391e+03 2.25466576e+03 2.99348279e+03
 4.50423623e+03 9.72945597e+03 8.07348676e+03 7.47988550e+03
 7.77795995e+03 8.19577372e+03 3.93611141e+03 3.09538858e+03
 4.83288242e+03 6.18313423e+03 8.17794021e+03 9.75748006e+03
 1.26057471e+04 1.37267109e+04 9.38807155e+03 7.54357662e+03
 7.72445941e+03 4.52971268e+03 4.15775652e+03 4.26220996e+03
 5.30929202e+03 7.78349324e+03 7.44735390e+03 7.56687011e+03
 1.24894441e+04 1.28890764e+04 1.28293183e+04 4.95618788e+03
 5.43425272e+03 5.55750381e+03 6.87591702e+03 9.46418996e+03
 1.16266864e+04 6.34182895e+03 4.95245299e+03 6.12894070e+03
 6.73025663e+03 5.86079926e+03 5.40322855e+03 9.23903405e+03
 5.48111293e+03 9.54083601e+03 5.48111293e+03 7.75923091e+03
 4.15707855e+03 5.87053481e+03 5.30587308e+03 6.18207231e+03
 6.03603911e+03]
