[ 112.26200261  238.72835334  114.17442986   93.41544261  124.55392348
  103.79493623  647.42091475  709.69787649  490.4310737   317.39112501
  130.77059228   87.18039485   87.18039485   98.07794421   87.18039485
   98.07794421  108.97549357  152.56569099  600.72740828  787.34794102
  908.58317761  983.50382943  788.71013468  645.67979938  655.21515507
  344.45861114  118.26905104   82.78833573  106.44214593   82.78833573
   94.61524083   94.61524083   82.78833573   82.78833573   82.78833573
  131.57431928  523.34055084  759.87865291  854.49389374  916.58514553
 1079.20509071 1093.98872208  855.97225687  675.61195404  663.78504894
  373.26087232   93.31521808  106.64596352   79.98447264  119.97670896
   93.31521808   79.98447264   93.31521808   66.6537272    79.98447264
  106.64596352   93.31521808  106.64596352  306.60714512  789.84666733
  908.15703311  883.16188541 1003.13859437 1086.45575337 1341.40625991
 1151.44313739  963.14635805  736.52368557  614.88063342  363.99325457
   79.12896838   79.12896838   94.95476206  110.78055574   94.95476206
   79.12896838   63.30317471   94.95476206   79.12896838   94.95476206
   94.95476206  110.78055574  569.72857237  763.59454491  842.7235133
  904.0484638   935.70005115  971.30808692 1238.36835522 1208.69499208
 1034.61126163  858.54930697  526.20763976  247.12155764   61.14347818
  101.90579697  122.28695636  244.57391272  183.43043454  203.81159393
  203.81159393  224.19275333  101.90579697  101.90579697  142.66811575
  203.81159393  346.47970969  695.5070643   713.34057877  815.24637573
  820.34166558  820.34166558 1100.58260724 1245.79836792 1143.89257095
  858.55633944  471.31431097  149.39526378   89.63715827  149.39526378
  298.79052755  298.79052755  268.9114748   119.51621102  209.15336929
  239.03242204  268.9114748   239.03242204  627.46010786  631.19498946
  956.12968817  541.55783119  179.27431653   77.88437555    0.
  155.76875111    0.          155.76875111    0.           77.88437555
   77.88437555   77.88437555  155.76875111  233.65312666    0.        ]
