[2.31923092e+03 5.53227010e+03 2.10833464e+03 2.24456550e+03
 2.97372492e+03 4.36068476e+03 1.67006052e+04 1.21959050e+04
 9.10281591e+03 7.12699728e+03 2.31164266e+03 2.20402936e+03
 1.86211875e+03 1.93840159e+03 2.36749260e+03 2.34433531e+03
 4.17512360e+03 9.35282174e+03 2.69496396e+04 1.99479641e+04
 1.25376305e+04 9.16483901e+03 7.69639423e+03 7.58469435e+03
 8.98230506e+03 6.22390881e+03 1.98544169e+03 1.66315853e+03
 1.33052682e+01 1.59367546e+03 2.07118676e+03 2.16432363e+03
 2.02240077e+03 2.37868629e+03 4.04184482e+03 9.42012992e+03
 5.08083843e+04 9.48990866e+04 1.93724706e+04 9.85181195e+03
 7.01631145e+03 5.79222677e+03 5.22157860e+03 5.36793655e+03
 6.82412424e+03 5.12067259e+03 1.71633348e+03 1.67467490e+03
 1.66134415e+03 1.79631795e+03 1.91629466e+03 1.69133833e+03
 1.57969333e+03 1.62301826e+03 2.07959629e+03 2.47785231e+03
 3.34934979e+03 6.13547559e+03 2.37487230e+04 2.31848325e+05
 2.98208775e+04 1.27108658e+04 9.78809984e+03 5.52559398e+03
 4.30416443e+03 3.77926633e+03 3.87091521e+03 4.13086474e+03
 5.44061048e+03 4.32439812e+03 1.54103666e+03 1.63994787e+03
 1.76457599e+03 1.85953076e+03 1.81205338e+03 1.72105506e+03
 1.65577366e+03 2.03757094e+03 1.94261617e+03 2.27693607e+03
 2.79918726e+03 4.64684867e+03 1.89276492e+04 3.32974699e+04
 1.55686245e+04 8.62505755e+03 6.26701430e+03 5.49155041e+03
 3.59443339e+03 3.10383378e+03 2.99305323e+03 3.50145685e+03
 4.42528756e+03 4.14247065e+03 1.78335145e+03 2.07123532e+03
 2.88648170e+03 6.22389655e+03 5.55131829e+03 5.14369510e+03
 5.30419673e+03 5.32712554e+03 2.72343242e+03 2.47885851e+03
 3.93101612e+03 5.67105760e+03 1.03689148e+04 1.58208750e+04
 1.10262072e+04 6.63916267e+03 4.59340380e+03 3.75013333e+03
 3.36034365e+03 2.76419474e+03 2.82533822e+03 3.35779601e+03
 4.16030416e+03 7.45108878e+03 6.33435918e+03 5.37449461e+03
 6.78627986e+03 7.69012120e+03 6.76013569e+03 3.21199817e+03
 4.25776502e+03 5.28485746e+03 7.83951647e+03 8.05240472e+03
 4.89269489e+03 3.39500737e+03 2.78622167e+03 5.49774571e+03
 6.76013569e+03 4.44914495e+03 3.44638362e+03 5.32534418e+03
 3.21273049e+03 5.62714613e+03 2.50203556e+03 6.58122973e+03
 3.28087932e+03 2.73568869e+03 3.50479690e+03 4.38099612e+03
 4.70226917e+03]
