[10.2056366  20.75898725  0.          0.          0.          0.
 31.13848087 41.51797449 31.13848087 10.89754936  0.          0.
  0.          0.          0.          0.          0.         10.89754936
 32.69264807 54.48774678 54.48774678 43.59019743 54.48774678 54.48774678
 32.69264807 11.8269051  11.8269051   0.          0.          0.
  0.          0.          0.          0.          0.          0.
 23.65381021 59.13452552 59.13452552 70.96143062 70.96143062 59.13452552
 59.13452552 59.13452552 47.30762041 13.33074544  0.          0.
  0.          0.          0.          0.          0.          0.
  0.          0.          0.          0.         26.66149088 53.32298176
 66.6537272  53.32298176 66.6537272  66.6537272  66.6537272  79.98447264
 93.31521808 39.99223632 39.99223632 15.82579368  0.          0.
  0.          0.          0.          0.          0.          0.
  0.          0.          0.          0.         31.65158735 31.65158735
 31.65158735 47.47738103 79.12896838 63.30317471 94.95476206 94.95476206
 79.12896838 63.30317471 31.65158735  0.          0.          0.
  0.         20.38115939  0.          0.          0.          0.
  0.          0.          0.          0.          0.         20.38115939
 20.38115939 40.76231879 40.76231879 61.14347818 61.14347818 81.52463757
 81.52463757 61.14347818 20.38115939  0.          0.          0.
  0.          0.          0.          0.          0.          0.
 29.87905276  0.          0.          0.         59.75810551  0.
  0.          0.          0.          0.          0.          0.
  0.          0.          0.          0.          0.          0.
  0.        ]
