[3.63193093e+03 1.01044370e+04 3.45637138e+03 3.33181745e+03
 3.75867413e+03 4.91469023e+03 2.33849991e+04 2.06759513e+04
 1.57872098e+04 1.33331516e+04 4.25140644e+03 3.10443937e+03
 3.51854625e+03 3.61798639e+03 2.86196890e+03 2.72847392e+03
 3.63978149e+03 5.06872264e+03 2.29720340e+04 2.60451430e+04
 3.55151134e+04 3.07310892e+04 1.71527427e+04 1.43793164e+04
 1.63027338e+04 1.16140208e+04 3.67521076e+03 3.02325262e+03
 2.21754471e+01 3.05725497e+03 2.73792853e+03 3.30709834e+03
 2.72610163e+03 2.91681047e+03 3.16369712e+03 4.55631519e+03
 1.83671836e+04 1.98455468e+04 4.46347399e+04 1.03819411e+07
 3.37894679e+04 1.48486794e+04 1.10404159e+04 1.02095758e+04
 1.27494037e+04 8.87494378e+03 2.70947401e+03 2.94942743e+03
 2.60116170e+03 3.13772421e+03 3.08273488e+03 2.87110930e+03
 2.69281058e+03 2.38786978e+03 2.88444004e+03 3.37767763e+03
 2.61282611e+03 3.25603457e+03 8.86827840e+03 1.42105746e+04
 1.88230126e+04 4.41914211e+04 1.04059799e+05 2.38753651e+04
 1.19643440e+04 8.60832887e+03 7.71516892e+03 7.53853655e+03
 9.51148687e+03 6.66661559e+03 2.41738998e+03 2.72401474e+03
 2.78533969e+03 3.42034966e+03 3.19878855e+03 3.10581201e+03
 2.83677352e+03 3.28187396e+03 3.02668304e+03 3.13746360e+03
 2.64092932e+03 3.13746360e+03 1.12284006e+04 1.02195063e+04
 1.27635026e+04 2.01145838e+04 2.10720443e+04 1.93865973e+04
 1.05360221e+04 7.01676127e+03 5.93862908e+03 6.22151514e+03
 7.14732407e+03 5.70162934e+03 2.54254963e+03 3.44441594e+03
 5.30419673e+03 1.08376815e+04 9.30399926e+03 8.56518224e+03
 8.70275506e+03 9.65302662e+03 4.40742572e+03 3.33996250e+03
 5.20229094e+03 6.24427771e+03 7.66586358e+03 8.34353713e+03
 9.63264546e+03 1.32783253e+04 1.20554558e+04 1.03740101e+04
 1.52451072e+04 6.16784836e+03 5.22521974e+03 5.20738622e+03
 6.15256249e+03 7.69385608e+03 7.95903268e+03 8.44083240e+03
 1.42336338e+04 1.47229032e+04 1.44241127e+04 5.58738287e+03
 6.00568960e+03 5.82641529e+03 6.54724744e+03 8.56408350e+03
 1.19590909e+04 9.04588322e+03 8.67986483e+03 6.34182895e+03
 6.70037758e+03 5.78291488e+03 6.89276724e+03 1.02612665e+04
 6.81488286e+03 1.09524903e+04 6.10418793e+03 8.22653717e+03
 5.08195550e+03 7.59372662e+03 7.34060240e+03 7.83711529e+03
 6.19180786e+03]
