[1.03459641e+03 2.34836043e+03 5.63087529e+02 4.80051580e+02
 6.77261959e+02 1.34544186e+03 8.89263116e+03 6.36781934e+03
 4.69801830e+03 3.00363704e+03 6.11624958e+02 3.84138615e+02
 4.25004425e+02 4.14106876e+02 3.73241065e+02 4.69956816e+02
 7.34222388e+02 1.69729331e+03 1.19219190e+04 8.69896877e+03
 6.74830744e+03 5.23763466e+03 4.02392010e+03 3.93265312e+03
 4.63009628e+03 2.63000802e+03 6.04650523e+02 3.90287868e+02
 2.95672628e+00 3.42980248e+02 3.20804801e+02 3.90287868e+02
 3.68112421e+02 4.28725310e+02 8.05707910e+02 1.98544169e+03
 2.02713153e+04 1.10877235e+04 6.20912518e+03 4.67458424e+03
 3.48006683e+03 2.87837303e+03 2.91385374e+03 2.94933446e+03
 3.80234999e+03 2.10292509e+03 4.94903924e+02 3.99922363e+02
 3.33268636e+02 3.99922363e+02 3.33268636e+02 2.94942743e+02
 3.33268636e+02 2.81611997e+02 3.48265725e+02 5.33229818e+02
 7.21526597e+02 2.05960017e+03 2.36540747e+05 1.41572517e+04
 9.59480403e+03 4.53078711e+03 3.26936532e+03 2.48118500e+03
 2.09292703e+03 1.90296391e+03 2.02294062e+03 2.39953418e+03
 2.89443810e+03 1.68544703e+03 3.95644842e+02 3.48167461e+02
 3.48167461e+02 3.79819048e+02 3.16515874e+02 2.86842510e+02
 2.55190923e+02 3.50145685e+02 3.65971479e+02 4.60926241e+02
 6.01380160e+02 1.25815060e+03 1.83895723e+04 9.72495021e+03
 6.33625214e+03 3.48365283e+03 3.19681032e+03 2.35606503e+03
 1.76457599e+03 1.51136330e+03 1.51334152e+03 1.81205338e+03
 2.45101980e+03 1.29165598e+03 3.69408514e+02 3.89789673e+02
 5.29910144e+02 9.98676810e+02 7.79579347e+02 7.38817028e+02
 8.56008695e+02 8.20341666e+02 4.89147825e+02 4.89147825e+02
 7.97412861e+02 1.20503605e+03 4.64945199e+03 6.37420760e+03
 4.38194927e+03 2.55783550e+03 1.70182681e+03 1.43432409e+03
 1.26617953e+03 1.41139529e+03 1.32732301e+03 1.51330108e+03
 1.88525724e+03 1.14287377e+03 9.26250635e+02 8.10469306e+02
 1.16528306e+03 1.19889699e+03 1.10925983e+03 4.81799726e+02
 8.96371583e+02 1.10925983e+03 1.46780847e+03 1.14287377e+03
 1.43792941e+03 1.10925983e+03 1.04576685e+03 1.11299472e+03
 1.13913889e+03 7.00959380e+02 4.67306253e+02 7.78843756e+02
 5.45190629e+02 7.78843756e+02 5.45190629e+02 8.56728131e+02
 7.78843756e+02 3.89421878e+02 5.45190629e+02 1.09038126e+03
 7.00959380e+02]
