[2.34984783e+03 8.03891781e+03 2.90236590e+03 2.41323227e+03
 2.79727353e+03 2.47421179e+03 1.33843570e+04 1.38462445e+04
 1.35971366e+04 1.47552818e+04 3.39731101e+03 2.56637287e+03
 2.60723868e+03 2.65219107e+03 2.33616214e+03 2.14817942e+03
 2.55547532e+03 2.59634113e+03 1.08239909e+04 9.53535569e+03
 1.00829575e+04 1.27828254e+04 1.52402228e+04 1.75396057e+04
 2.01223249e+04 1.74446850e+04 3.31892524e+03 2.66548874e+03
 2.06970839e+01 2.59304894e+03 2.56052495e+03 2.91385374e+03
 3.08238714e+03 2.56052495e+03 2.37868629e+03 3.30857670e+03
 8.32909792e+03 7.24397938e+03 7.16710449e+03 8.62477055e+03
 1.17529869e+04 2.27431385e+04 2.43279438e+04 2.01353059e+04
 2.03600171e+04 1.64101476e+04 2.88277370e+03 2.98941966e+03
 2.46618791e+03 3.12272712e+03 2.65281834e+03 2.61615879e+03
 2.85444587e+03 2.37620537e+03 2.95276011e+03 2.97608892e+03
 2.16957882e+03 2.87944102e+03 4.54411785e+03 5.86052896e+03
 5.53392570e+03 5.87219337e+03 7.54853461e+03 1.08378960e+04
 2.14558348e+04 1.06859255e+05 3.87391462e+04 1.92096042e+04
 1.88763355e+04 1.28307622e+04 2.60927773e+03 2.64290754e+03
 2.49651895e+03 3.42034966e+03 2.89612024e+03 3.12163780e+03
 3.01085725e+03 3.53508666e+03 3.32935134e+03 2.97920566e+03
 2.32243522e+03 2.88227267e+03 6.21953692e+03 4.85654043e+03
 4.47474316e+03 4.91786539e+03 6.49055363e+03 9.87133881e+03
 2.07238768e+04 1.23504494e+05 4.15901858e+04 1.94815520e+04
 1.61067015e+04 1.04759159e+04 2.56293079e+03 3.30174782e+03
 5.01631286e+03 1.18363583e+04 1.03689148e+04 9.85683821e+03
 1.06083935e+04 1.41190482e+04 5.59462825e+03 4.40487807e+03
 9.44411973e+03 1.13879728e+04 1.00428163e+04 5.51310362e+03
 4.21889999e+03 4.60868967e+03 5.63793822e+03 8.62887336e+03
 1.72067938e+04 4.20667130e+04 3.05819297e+04 1.55355387e+04
 1.33649453e+04 6.57712649e+03 4.67980664e+03 7.08880527e+03
 1.60375816e+04 1.66426324e+04 1.67098603e+04 7.84325135e+03
 1.32140111e+04 1.45361592e+04 1.35426807e+04 8.62010672e+03
 4.62378341e+03 7.24193541e+03 2.29471125e+04 2.31936147e+04
 7.90300945e+03 4.44914495e+03 3.05696174e+03 8.38230592e+03
 6.26969223e+03 1.21986403e+04 1.07967216e+04 1.23738802e+04
 1.07188372e+04 3.05696174e+03 5.15010433e+03 3.98378581e+04
 5.55899731e+03]
