[1.68137863e+03 3.16315068e+03 1.36749828e+03 1.37917522e+03
 1.85792936e+03 2.86992999e+03 1.64982051e+04 1.22789410e+04
 7.24748142e+03 3.84819712e+03 1.37990219e+03 1.07477081e+03
 1.12653416e+03 1.07204642e+03 1.14015610e+03 1.42213019e+03
 2.57590823e+03 4.96110934e+03 2.79740092e+04 2.77996484e+04
 1.48860524e+04 1.03662938e+04 1.06578033e+04 9.00682454e+03
 6.50583697e+03 3.45049956e+03 1.30687301e+03 1.02302729e+03
 7.39181569e+00 9.38760593e+02 1.00085184e+03 1.36748590e+03
 1.29652447e+03 1.49906022e+03 3.03064443e+03 1.17263764e+04
 7.09614306e+04 3.71364820e+04 1.98987678e+04 9.65962474e+03
 5.75526770e+03 6.60236977e+03 7.62835379e+03 6.17660119e+03
 5.07669902e+03 2.93443034e+03 1.11311724e+03 1.05646158e+03
 1.07145866e+03 1.09812016e+03 1.00313859e+03 1.11311724e+03
 9.63146358e+02 9.79809790e+02 1.20809881e+03 1.65967781e+03
 2.63782125e+03 6.55039504e+03 1.16830653e+05 1.07099209e+05
 1.95162113e+04 1.16910638e+04 6.71702936e+03 4.34582301e+03
 5.68389659e+03 5.95217784e+03 5.56225353e+03 4.78740396e+03
 4.05921199e+03 2.41738998e+03 1.08011042e+03 1.04845883e+03
 1.00098145e+03 1.11176201e+03 9.87133881e+02 9.87133881e+02
 9.23830706e+02 1.14539182e+03 1.17902163e+03 1.51136330e+03
 2.16219906e+03 4.15427084e+03 3.47534429e+04 3.26644381e+04
 9.86738236e+03 7.28777799e+03 5.91884684e+03 4.10877168e+03
 4.23142158e+03 4.12261925e+03 3.50343508e+03 3.57860760e+03
 3.31154733e+03 2.31835688e+03 1.14898786e+03 1.29165598e+03
 1.67635036e+03 3.41893949e+03 2.99093514e+03 2.58331195e+03
 2.57821666e+03 2.56293079e+03 1.59737337e+03 1.63813569e+03
 2.72343242e+03 4.37940162e+03 1.28910833e+04 1.64017380e+04
 6.67737735e+03 5.53093713e+03 3.97687373e+03 3.05462626e+03
 2.90686286e+03 2.84571938e+03 3.17436558e+03 2.94762518e+03
 3.21767554e+03 4.83293678e+03 3.95897449e+03 3.09248196e+03
 3.74982112e+03 3.72367695e+03 3.27549116e+03 1.77406876e+03
 2.73019845e+03 3.81331411e+03 5.25497840e+03 3.90668615e+03
 3.26802140e+03 2.28574754e+03 2.54718925e+03 3.93656520e+03
 4.65739735e+03 2.72595314e+03 1.80107618e+03 2.65780432e+03
 1.72319181e+03 2.72595314e+03 1.56742306e+03 3.99157425e+03
 3.20299494e+03 1.32403438e+03 1.79134064e+03 3.21273049e+03
 2.90119299e+03]
