[ 153.08454902  291.92325816  136.23085381  115.47186656  155.69240435
  145.31291073  783.65176856 1002.91857135  709.69787649  449.52391096
  185.25833906   99.44013788  108.97549357  130.77059228  119.87304292
  119.87304292  121.23523659  207.05343778  787.34794102  908.58317761
  995.76357246 1193.28165455 1413.95702902 1236.87185198  896.32343458
  487.85983552  153.74976635  118.26905104  130.09595614  118.26905104
  118.26905104  130.09595614  106.44214593  118.26905104  118.26905104
  178.88193969  690.39558542  925.45532436 1009.72202322 1190.08232605
 1271.39229864 1404.44498105 1485.75495364 1224.08467822  950.5874977
  521.56541534  133.3074544   146.63819984  106.64596352  146.63819984
  133.3074544   106.64596352  119.97670896   93.31521808  106.64596352
  146.63819984  119.97670896  146.63819984  399.9223632   883.16188541
 1056.46157613 1138.11239195 1324.74282811 1274.75253271 1368.06775079
 1406.39364393 1579.69333465 1111.45090107  896.49263085  522.25119134
  110.78055574  110.78055574  110.78055574  158.25793677  110.78055574
  110.78055574   94.95476206  126.60634942  110.78055574  126.60634942
  126.60634942  158.25793677  696.33492179  921.85248168  987.1338806
 1095.93621213 1192.8691984  1226.49900996 1317.49732361 1414.43030988
 1226.49900996 1349.14891096  763.59454491  389.7896734    81.52463757
  142.66811575  163.04927515  305.7173909   244.57391272  244.57391272
  264.95507211  264.95507211  142.66811575  142.66811575  183.43043454
  244.57391272  448.38550665  820.34166558  998.67681027 1062.36793338
 1087.84438262 1085.29673769 1184.65488974 1245.79836792 1184.65488974
 1205.03604913  715.88822369  209.15336929  149.39526378  209.15336929
  358.54863306  388.42768582  328.66958031  149.39526378  268.9114748
  298.79052755  328.66958031  298.79052755  896.37158266  840.34835874
 1228.77604456  511.67877843  239.03242204  155.76875111   77.88437555
  155.76875111    0.          233.65312666   77.88437555  155.76875111
  155.76875111   77.88437555  155.76875111  311.53750222   77.88437555]
