[2.95580750e+03 9.72558553e+03 3.25786356e+03 2.70515553e+03
 3.09049423e+03 3.29808410e+03 1.86260013e+04 1.85844833e+04
 1.62906152e+04 1.48915012e+04 3.53897915e+03 2.73119831e+03
 2.95868465e+03 3.14530518e+03 2.87286645e+03 2.38928770e+03
 2.82927625e+03 3.33056352e+03 1.57360613e+04 1.43139311e+04
 1.58722806e+04 2.07380364e+04 2.16261867e+04 1.87274386e+04
 1.95937937e+04 1.48959870e+04 3.35440596e+03 2.67583728e+03
 2.21754471e+01 3.12821640e+03 2.77488761e+03 3.04542806e+03
 2.71427472e+03 2.64331329e+03 2.63887820e+03 3.37953813e+03
 1.18978665e+04 1.08482287e+04 1.18771695e+04 1.99401620e+04
 4.42089713e+04 6.66564372e+04 2.20394377e+04 1.58480528e+04
 1.67942052e+04 1.31907726e+04 2.88277370e+03 2.89610445e+03
 2.51951089e+03 3.23103943e+03 2.94776109e+03 2.83111706e+03
 2.80112289e+03 2.34787754e+03 2.84444781e+03 3.14938861e+03
 2.18290957e+03 2.47785231e+03 5.45394123e+03 8.51168096e+03
 8.47168873e+03 1.02046856e+04 1.76699031e+04 6.75335564e+04
 1.32827548e+05 2.65015219e+04 1.46438239e+04 1.22809492e+04
 1.40439403e+04 9.03652819e+03 2.72203651e+03 2.67455913e+03
 2.57762615e+03 3.49947863e+03 3.08602977e+03 3.51926087e+03
 3.32935134e+03 3.56673825e+03 3.04250883e+03 3.00887902e+03
 1.98811533e+03 2.56377858e+03 7.77837759e+03 6.51231410e+03
 6.57561727e+03 8.16610954e+03 1.22808159e+04 2.42609417e+04
 1.11730103e+05 1.91729490e+04 1.15884374e+04 9.92672908e+03
 1.03461126e+04 7.05188115e+03 2.60369311e+03 3.34251014e+03
 5.46724601e+03 1.30490373e+04 1.01625556e+04 9.81607589e+03
 1.02797473e+04 1.32375630e+04 5.20738622e+03 3.56670289e+03
 6.16530072e+03 7.37288441e+03 7.35759854e+03 5.73984401e+03
 5.65322409e+03 6.69775851e+03 9.12056883e+03 1.57036833e+04
 2.08550213e+04 1.55763011e+04 9.52564437e+03 8.03272445e+03
 8.20086901e+03 5.91978733e+03 6.12147093e+03 7.86939552e+03
 1.58881863e+04 1.68517858e+04 1.66202231e+04 6.58086137e+03
 7.56687011e+03 7.95529780e+03 7.47723295e+03 7.86939552e+03
 7.02531228e+03 1.27396811e+04 1.35389458e+04 9.16166455e+03
 5.71063396e+03 4.37126058e+03 5.87053481e+03 9.08326530e+03
 5.94841918e+03 1.11861434e+04 6.33784106e+03 7.99288404e+03
 7.51584224e+03 2.82330861e+03 7.26271802e+03 1.44086095e+04
 4.30311175e+03]
