[2.30774958e+03 5.46999314e+03 2.06681667e+03 2.20304752e+03
 2.94258644e+03 4.31916678e+03 1.65345333e+04 1.19883151e+04
 8.99902097e+03 6.86273171e+03 2.27895001e+03 2.21492691e+03
 1.84032365e+03 1.87437849e+03 2.32390240e+03 2.34433531e+03
 4.17512360e+03 9.70426770e+03 2.67752788e+04 1.96809741e+04
 1.23196795e+04 9.09672933e+03 7.63100894e+03 7.47571886e+03
 8.87332956e+03 6.13816375e+03 1.96178788e+03 1.60550237e+03
 1.33052682e+01 1.57002165e+03 2.07118676e+03 2.15249673e+03
 2.01057387e+03 2.37868629e+03 4.10097934e+03 9.70397564e+03
 5.29845349e+04 8.98844788e+04 1.88461733e+04 9.58866331e+03
 6.87438859e+03 5.70943844e+03 5.18461952e+03 5.34280438e+03
 6.75316281e+03 5.13400334e+03 1.70300273e+03 1.64801341e+03
 1.64801341e+03 1.76965646e+03 1.88796682e+03 1.71799982e+03
 1.55303184e+03 1.60968751e+03 2.09126069e+03 2.46452156e+03
 3.37601128e+03 6.19046491e+03 2.40686609e+04 2.81865282e+05
 2.88077409e+04 1.23609337e+04 9.62479821e+03 5.39228653e+03
 4.23751071e+03 3.73927410e+03 3.83092297e+03 4.12919840e+03
 5.40061825e+03 4.22944336e+03 1.52521087e+03 1.62412208e+03
 1.70127282e+03 1.82787917e+03 1.79622758e+03 1.73490263e+03
 1.63994787e+03 2.02174514e+03 1.94261617e+03 2.27693607e+03
 2.81501305e+03 4.66465269e+03 1.92125135e+04 3.37405921e+04
 1.53114554e+04 8.46679962e+03 6.15425552e+03 5.34911826e+03
 3.51530442e+03 3.07218220e+03 2.97722744e+03 3.46980526e+03
 4.43913513e+03 4.14247065e+03 1.76297029e+03 2.07123532e+03
 2.82533822e+03 6.16275307e+03 5.51055597e+03 5.10293278e+03
 5.28126793e+03 5.32712554e+03 2.74126594e+03 2.45847735e+03
 3.91063496e+03 5.69143876e+03 1.04708206e+04 1.62284982e+04
 1.08223956e+04 6.47356575e+03 4.51187916e+03 3.65077518e+03
 3.33741485e+03 2.72343242e+03 2.78457590e+03 3.37817717e+03
 4.11954184e+03 7.42120973e+03 6.30448013e+03 5.31473651e+03
 6.69664270e+03 7.57060499e+03 6.67049853e+03 3.15224007e+03
 4.28764407e+03 5.28485746e+03 7.86566064e+03 7.89927457e+03
 4.83293678e+03 3.30537021e+03 2.75634262e+03 5.43798760e+03
 6.73025663e+03 4.44914495e+03 3.29061487e+03 5.32534418e+03
 3.13484612e+03 5.54926176e+03 2.42415119e+03 6.50334536e+03
 3.43664807e+03 2.65780432e+03 3.58268128e+03 4.45888050e+03
 4.70226917e+03]
