[ 142.87891241  271.16427091  145.31291073  124.55392348  155.69240435
  134.9334171   752.51328769  928.96467929  688.93888925  427.72881225
  174.36078971   99.44013788  108.97549357  130.77059228  119.87304292
  119.87304292  130.77059228  196.15588842  732.86019423  821.40278275
  918.11853329 1061.1488686  1140.15610144 1160.58900648  863.63078651
  464.20602532  153.74976635  106.44214593  130.09595614  118.26905104
  118.26905104  130.09595614  106.44214593  106.44214593  106.44214593
  178.88193969  654.91487011  842.66698863  950.5874977  1071.81327502
 1212.25777312 1190.08232605 1212.25777312 1141.2963425   937.28222946
  519.89907216  133.3074544   133.3074544   106.64596352  146.63819984
  119.97670896  106.64596352  119.97670896   79.98447264  106.64596352
  146.63819984  119.97670896  133.3074544   386.59161776  949.81561261
 1056.46157613 1071.45866475 1204.76611915 1181.43731463 1193.10171689
 1191.43537371 1111.45090107 1218.09686459  829.83890365  506.42539766
  110.78055574  110.78055574  110.78055574  142.43214309  110.78055574
  110.78055574   94.95476206  126.60634942  110.78055574  126.60634942
  110.78055574  142.43214309  696.33492179  923.83070589  971.30808692
 1143.41359316 1159.23938684 1147.37004158 1317.49732361 1366.95292885
 1066.26284898 1333.32311728  763.59454491  369.408514     81.52463757
  142.66811575  163.04927515  305.7173909   244.57391272  244.57391272
  264.95507211  264.95507211  142.66811575  122.28695636  183.43043454
  244.57391272  428.00434726  799.96050619  957.91449149 1082.74909277
 1126.05905648 1126.05905648 1429.22880246 1388.46648367 1062.36793338
 1039.43912906  736.26938308  209.15336929  149.39526378  239.03242204
  358.54863306  388.42768582  328.66958031  149.39526378  268.9114748
  298.79052755  328.66958031  268.9114748   956.12968817  900.10646425
 1225.04116297  511.67877843  209.15336929   77.88437555   77.88437555
  155.76875111    0.          233.65312666   77.88437555   77.88437555
  155.76875111   77.88437555  155.76875111  311.53750222    0.        ]
