[5.51104376e+02 1.30392389e+03 5.95523447e+02 5.21569555e+02
 5.94226010e+02 5.21569555e+02 2.65196062e+03 2.87122742e+03
 2.03697562e+03 1.84168584e+03 6.77010254e+02 4.82216559e+02
 4.90389721e+02 5.24444563e+02 4.71319010e+02 4.49523911e+02
 5.47601855e+02 7.11065096e+02 2.47646809e+03 2.79385922e+03
 2.83744941e+03 3.29650868e+03 3.96670797e+03 3.89042512e+03
 3.09899060e+03 1.96326625e+03 6.28304334e+02 4.50900757e+02
 2.95672628e+00 4.86381472e+02 4.99686741e+02 5.55864540e+02
 4.64206025e+02 4.76032930e+02 4.86381472e+02 7.96837731e+02
 2.60487585e+03 3.25831236e+03 3.50815573e+03 3.38988668e+03
 3.48302355e+03 3.91322723e+03 4.88599017e+03 5.40046054e+03
 3.57911716e+03 2.08959435e+03 4.83239522e+02 5.34896161e+02
 4.41580943e+02 6.13214290e+02 5.06568327e+02 4.56578031e+02
 4.93237581e+02 3.88257961e+02 4.56578031e+02 5.61557652e+02
 5.19899072e+02 6.53206527e+02 1.45805028e+03 3.67095403e+03
 4.30083175e+03 4.15585989e+03 3.94090162e+03 3.94423431e+03
 4.04921393e+03 4.27583660e+03 4.95570462e+03 6.58205556e+03
 3.91424013e+03 2.49651895e+03 4.43122223e+02 4.90599604e+02
 4.74773810e+02 6.17205953e+02 5.06425398e+02 4.60926241e+02
 3.97623066e+02 5.24229416e+02 4.76752035e+02 4.92577828e+02
 4.90599604e+02 6.21162402e+02 2.68642848e+03 3.20076677e+03
 4.31450700e+03 4.58354549e+03 4.45496092e+03 4.17207486e+03
 3.83379852e+03 4.48859073e+03 4.39363597e+03 5.98215001e+03
 4.24922560e+03 2.42026268e+03 3.89789673e+02 5.32457789e+02
 7.33721738e+02 1.16427373e+03 9.01866303e+02 9.01866303e+02
 9.60462136e+02 1.08529674e+03 5.29910144e+02 5.70672463e+02
 9.19699818e+02 1.12351141e+03 1.76042264e+03 2.54254963e+03
 3.74758568e+03 4.32080579e+03 4.46856920e+03 4.16285181e+03
 3.29410489e+03 4.13992300e+03 4.15775652e+03 4.05839836e+03
 4.18323297e+03 9.29985517e+02 6.87218213e+02 9.00106464e+02
 1.34829226e+03 1.35202714e+03 1.35202714e+03 6.01315937e+02
 1.25492022e+03 1.31841320e+03 1.52383169e+03 1.20263187e+03
 3.62657003e+03 3.15597495e+03 3.42115154e+03 2.40526375e+03
 9.89743623e+02 4.67306253e+02 3.89421878e+02 7.00959380e+02
 4.67306253e+02 8.56728131e+02 6.23075004e+02 8.56728131e+02
 8.56728131e+02 4.67306253e+02 7.00959380e+02 1.24615001e+03
 4.67306253e+02]
