[2.85757825e+02 5.94226010e+02 3.02302752e+02 2.60784777e+02
 3.21764302e+02 2.60784777e+02 1.34673930e+03 1.52448813e+03
 1.22218537e+03 9.42638019e+02 3.59619129e+02 2.41108280e+02
 2.39746086e+02 2.72438734e+02 2.30210730e+02 2.39746086e+02
 2.62903378e+02 3.92311777e+02 1.31451689e+03 1.64280557e+03
 1.74088351e+03 1.79537126e+03 1.87437849e+03 1.91660649e+03
 1.72862377e+03 9.63892766e+02 3.19326438e+02 2.36538102e+02
 1.47836314e+00 2.48365007e+02 2.14362655e+02 2.72018817e+02
 2.26189560e+02 2.26189560e+02 2.48365007e+02 3.69590784e+02
 1.30835138e+03 1.63950472e+03 1.84499720e+03 1.85682410e+03
 2.05640312e+03 2.28407105e+03 2.27224414e+03 2.23528506e+03
 1.85386737e+03 1.00480494e+03 2.66614909e+02 2.79945654e+02
 2.26622672e+02 3.06607145e+02 2.53284163e+02 2.14958270e+02
 2.53284163e+02 1.99961182e+02 2.14958270e+02 2.93276400e+02
 2.53284163e+02 3.06607145e+02 6.94865106e+02 1.53970110e+03
 1.96795130e+03 2.04960211e+03 2.06293286e+03 2.21290374e+03
 2.56116947e+03 2.54617238e+03 2.62615685e+03 2.41286492e+03
 1.83464384e+03 9.67351639e+02 2.21561111e+02 2.37386905e+02
 2.37386905e+02 3.00690080e+02 2.37386905e+02 2.07713542e+02
 2.05735318e+02 2.39365129e+02 2.37386905e+02 2.39365129e+02
 2.37386905e+02 2.86842510e+02 1.15923939e+03 1.51334152e+03
 1.84766141e+03 1.97228954e+03 1.97228954e+03 2.19780710e+03
 2.52817054e+03 2.76951389e+03 2.69038493e+03 2.22550224e+03
 1.87733477e+03 6.54744746e+02 1.83430435e+02 2.85336232e+02
 3.46479710e+02 5.91053622e+02 4.30551992e+02 4.30551992e+02
 4.89147825e+02 5.12076630e+02 2.64955072e+02 2.64955072e+02
 4.07623188e+02 5.09528985e+02 8.17794021e+02 1.33241830e+03
 1.69673152e+03 1.75787500e+03 1.76297029e+03 2.11199764e+03
 2.45592971e+03 2.53745434e+03 2.41516739e+03 2.04830652e+03
 1.82411377e+03 3.92162567e+02 2.98790528e+02 3.92162567e+02
 6.87218213e+02 6.61074042e+02 6.31194989e+02 2.98790528e+02
 5.67702002e+02 6.27460108e+02 6.57339161e+02 5.11678778e+02
 1.34829226e+03 1.62467349e+03 2.24839872e+03 1.20263187e+03
 4.78064844e+02 2.33653127e+02 1.55768751e+02 3.11537502e+02
 1.55768751e+02 3.89421878e+02 2.33653127e+02 3.11537502e+02
 3.89421878e+02 1.55768751e+02 3.89421878e+02 6.23075004e+02
 1.55768751e+02]
