[3.06169098e+02 6.46123478e+02 3.23061739e+02 2.71164271e+02
 3.32143796e+02 2.71164271e+02 1.47259066e+03 1.61920101e+03
 1.31560082e+03 1.03118061e+03 3.70516678e+02 2.52005829e+02
 2.50643635e+02 2.83336283e+02 2.41108280e+02 2.50643635e+02
 2.73800928e+02 4.14106876e+02 1.36900464e+03 1.66460066e+03
 1.86211875e+03 2.03647954e+03 2.06236122e+03 2.03784173e+03
 1.90434675e+03 1.01120039e+03 3.31153343e+02 2.48365007e+02
 1.47836314e+00 2.60191912e+02 2.49843370e+02 2.83845722e+02
 2.38016465e+02 2.38016465e+02 2.60191912e+02 3.93244595e+02
 1.22556304e+03 1.66315853e+03 1.97361479e+03 2.21310962e+03
 2.38903483e+03 2.37868629e+03 2.31955176e+03 2.24711197e+03
 1.93665571e+03 1.07145866e+03 2.79945654e+02 2.93276400e+02
 2.39953418e+02 3.19937891e+02 2.66614909e+02 2.28289016e+02
 2.66614909e+02 1.99961182e+02 2.28289016e+02 3.06607145e+02
 2.66614909e+02 3.19937891e+02 7.88180324e+02 1.70133639e+03
 2.02127428e+03 2.25122964e+03 2.62615685e+03 2.69614327e+03
 2.57450021e+03 2.32954777e+03 2.35787560e+03 2.59949536e+03
 1.91629466e+03 1.04648061e+03 2.21561111e+02 2.53212699e+02
 2.53212699e+02 3.16515874e+02 2.53212699e+02 2.23539336e+02
 1.91887748e+02 2.55190923e+02 2.23539336e+02 2.39365129e+02
 2.53212699e+02 3.02668304e+02 1.58851404e+03 1.70325104e+03
 1.91096459e+03 2.25913205e+03 2.33826102e+03 2.57960437e+03
 3.05437818e+03 2.89612024e+03 2.37189083e+03 2.36991260e+03
 1.86150898e+03 7.15888224e+02 2.03811594e+02 3.05717391e+02
 3.87242028e+02 6.52197101e+02 4.91695470e+02 5.12076630e+02
 5.50291304e+02 5.93601267e+02 2.85336232e+02 2.85336232e+02
 4.48385507e+02 5.50291304e+02 9.57914491e+02 1.47763406e+03
 1.88016195e+03 2.10690235e+03 2.13237880e+03 2.33619040e+03
 2.92724402e+03 3.62275108e+03 2.37440507e+03 2.04830652e+03
 1.55661105e+03 4.22041620e+02 3.28669580e+02 4.51920673e+02
 7.76855372e+02 7.50711200e+02 7.50711200e+02 3.58548633e+02
 5.97581055e+02 6.57339161e+02 7.17097266e+02 5.71436884e+02
 1.82262222e+03 1.71431065e+03 2.54718925e+03 1.56118051e+03
 4.51920673e+02 2.33653127e+02 1.55768751e+02 3.89421878e+02
 2.33653127e+02 4.67306253e+02 3.11537502e+02 3.89421878e+02
 3.89421878e+02 2.33653127e+02 3.89421878e+02 7.00959380e+02
 2.33653127e+02]
