[3.05786387e+03 9.74634451e+03 3.27862255e+03 2.75705299e+03
 3.16315068e+03 3.55886888e+03 1.99182483e+04 1.93785146e+04
 1.63736512e+04 1.43411750e+04 3.51718405e+03 2.72030076e+03
 3.04722724e+03 3.21205267e+03 2.93961394e+03 2.42198034e+03
 2.91645665e+03 3.56077425e+03 1.69674843e+04 1.56325346e+04
 1.80190979e+04 2.40726865e+04 2.17569573e+04 1.78501858e+04
 1.87601312e+04 1.41094978e+04 3.34257905e+03 2.61670275e+03
 2.21754471e+01 2.85471922e+03 2.77488761e+03 3.07056024e+03
 2.76158234e+03 2.63148639e+03 2.65218347e+03 3.45049956e+03
 1.30628167e+04 1.18978665e+04 1.34471911e+04 2.39376559e+04
 9.46152408e+04 5.07847305e+04 1.85150199e+04 1.43815166e+04
 1.61792062e+04 1.15310948e+04 2.91110154e+03 2.81611997e+03
 2.46618791e+03 3.09606563e+03 3.04274265e+03 2.79112483e+03
 2.70780767e+03 2.44285910e+03 2.79112483e+03 3.17605010e+03
 2.24956329e+03 2.55783678e+03 6.04382671e+03 9.26486808e+03
 9.47816001e+03 1.23576010e+04 2.51017937e+04 1.60128914e+05
 5.51093016e+04 1.79698449e+04 1.25175700e+04 1.06479329e+04
 1.23609337e+04 8.20963047e+03 2.62510353e+03 2.53410521e+03
 2.52817054e+03 3.37287228e+03 3.02272659e+03 3.37682873e+03
 3.10779023e+03 3.40848031e+03 2.99305323e+03 2.94557585e+03
 1.98811533e+03 2.51630119e+03 8.25710785e+03 7.03654351e+03
 7.51527377e+03 9.74077601e+03 1.49553750e+04 2.70621072e+04
 8.06798962e+04 1.40730870e+04 9.71308087e+03 8.75166390e+03
 9.26600220e+03 6.37675525e+03 2.37695271e+03 3.36289130e+03
 5.34495905e+03 1.24121261e+04 9.95874401e+03 9.50781086e+03
 9.88995760e+03 1.24783648e+04 4.93988351e+03 3.42148713e+03
 5.69398641e+03 6.88118894e+03 7.05188115e+03 5.98696557e+03
 6.12708604e+03 7.43657553e+03 1.04555348e+04 1.56578257e+04
 1.92143380e+04 1.15153551e+04 7.90788984e+03 6.82259311e+03
 7.40090850e+03 5.85629434e+03 6.12520581e+03 7.80963741e+03
 1.53503634e+04 1.64334790e+04 1.60151723e+04 6.21857785e+03
 6.93567512e+03 6.96928906e+03 6.96555417e+03 7.72000026e+03
 7.77602348e+03 1.60151723e+04 1.14362074e+04 7.60421893e+03
 5.46786665e+03 3.67030120e+03 5.48111293e+03 8.77172780e+03
 5.48111293e+03 1.07188372e+04 5.47137738e+03 7.20430474e+03
 6.25995669e+03 2.82330861e+03 7.97341295e+03 1.01833821e+04
 3.99157425e+03]
