[2.09343121e+03 6.69996313e+03 2.68439654e+03 2.32889888e+03
 2.67271961e+03 2.15115005e+03 1.05870835e+04 1.09659350e+04
 1.09866940e+04 1.29571862e+04 3.13440763e+03 2.37975234e+03
 2.36749260e+03 2.52142048e+03 2.24761955e+03 2.11548677e+03
 2.47919248e+03 2.38792550e+03 8.82701498e+03 7.53020661e+03
 7.65007965e+03 9.05586352e+03 1.16440315e+04 1.40578387e+04
 1.73979375e+04 1.72022335e+04 3.17552402e+03 2.43929918e+03
 1.92187208e+01 2.45112608e+03 2.46443135e+03 2.56791677e+03
 2.33285703e+03 4.44395959e+03 2.40234010e+03 3.45049956e+03
 7.01926818e+03 5.88979874e+03 5.55864540e+03 6.23573572e+03
 7.81462755e+03 1.13952231e+04 1.94138647e+04 1.77107904e+04
 1.95971818e+04 1.80231678e+04 2.86944296e+03 2.90776885e+03
 2.35954194e+03 2.93609668e+03 2.50618014e+03 2.44285910e+03
 2.54617238e+03 2.41619761e+03 3.35434882e+03 2.86944296e+03
 2.27789113e+03 3.34934979e+03 4.11586765e+03 5.04235446e+03
 4.52912076e+03 4.51912270e+03 5.35229429e+03 6.98864330e+03
 1.02980009e+04 1.97095071e+04 3.79259708e+04 2.24823022e+04
 2.08026283e+04 1.53114554e+04 2.62510353e+03 2.57960437e+03
 2.43321578e+03 3.30759088e+03 2.73588408e+03 2.96337987e+03
 2.78929614e+03 3.48760928e+03 3.42430611e+03 3.05833463e+03
 2.68840670e+03 3.18494098e+03 5.87334768e+03 4.42726578e+03
 3.83775497e+03 3.94655730e+03 4.77345502e+03 6.46285849e+03
 1.05993253e+04 2.81461741e+04 1.96746267e+05 2.90957217e+04
 1.94182488e+04 1.27127482e+04 2.68521775e+03 3.24060434e+03
 4.75135778e+03 9.19699818e+03 8.54480108e+03 9.48742970e+03
 1.04657253e+04 1.37929496e+04 5.53348478e+03 4.93988351e+03
 1.24783648e+04 1.54845858e+04 1.26261282e+04 5.71946285e+03
 3.93101612e+03 3.78834800e+03 4.10170833e+03 5.82391630e+03
 1.01014121e+04 2.61082652e+04 1.91093750e+05 3.49231166e+04
 1.75074159e+04 7.18217731e+03 4.32125800e+03 6.96555417e+03
 1.49544659e+04 1.57163817e+04 1.57462608e+04 8.77323687e+03
 1.72700925e+04 1.82038129e+04 1.71729856e+04 9.76298049e+03
 3.93283032e+03 5.44172248e+03 1.23400488e+04 1.10612253e+05
 1.06070637e+04 4.21549183e+03 2.81357307e+03 7.67161099e+03
 6.73699849e+03 1.13419122e+04 1.43209896e+04 1.44086095e+04
 1.30845751e+04 3.68003674e+03 3.89421878e+03 1.23738802e+04
 5.16957543e+03]
