[7.69249859e+02 1.37787778e+03 3.12682245e+02 2.71164271e+02
 3.84041264e+02 8.55010787e+02 5.34543922e+03 3.90398704e+03
 2.95426337e+03 1.73271035e+03 3.48721579e+02 2.30210730e+02
 2.17950987e+02 2.28848536e+02 2.08415631e+02 2.61541185e+02
 3.82776421e+02 9.63070924e+02 7.75360637e+03 5.13955672e+03
 3.39458662e+03 2.79249702e+03 2.43424009e+03 2.51869610e+03
 2.89057497e+03 1.53454094e+03 3.19326438e+02 2.12884292e+02
 1.47836314e+00 2.01057387e+02 1.78881940e+02 2.24711197e+02
 1.90708845e+02 2.26189560e+02 3.54807153e+02 8.69277525e+02
 9.08601985e+03 5.68282790e+03 3.56876862e+03 2.54574132e+03
 1.99726860e+03 1.83169193e+03 1.80803812e+03 1.86569428e+03
 2.65218347e+03 1.29808134e+03 2.66614909e+02 2.39953418e+02
 1.86630436e+02 2.26622672e+02 1.99961182e+02 1.86630436e+02
 1.86630436e+02 1.34973798e+02 1.99961182e+02 2.79945654e+02
 3.33268636e+02 7.61518833e+02 5.57391794e+03 6.90199345e+03
 3.76260290e+03 2.46618791e+03 1.98294838e+03 1.60968751e+03
 1.42139073e+03 1.31307843e+03 1.39139656e+03 1.51303961e+03
 1.70133639e+03 1.06428462e+03 2.21561111e+02 2.05735318e+02
 2.05735318e+02 2.37386905e+02 2.05735318e+02 2.05735318e+02
 1.74083730e+02 1.91887748e+02 2.05735318e+02 2.39365129e+02
 2.84864286e+02 6.36988195e+02 9.38469565e+03 6.57363905e+03
 2.83479529e+03 1.97228954e+03 1.52521087e+03 1.71907684e+03
 2.00394112e+03 2.03559271e+03 1.14539182e+03 1.25617237e+03
 1.33727957e+03 7.79579347e+02 2.24192753e+02 2.64955072e+02
 3.05717391e+02 6.11434782e+02 4.71314311e+02 4.50933152e+02
 5.09528985e+02 4.91695470e+02 2.64955072e+02 2.85336232e+02
 4.28004347e+02 6.31815941e+02 2.55783550e+03 2.97310163e+03
 2.04575887e+03 1.53113460e+03 1.37318061e+03 1.78335145e+03
 1.67889801e+03 1.71966032e+03 1.24834601e+03 1.10567790e+03
 1.12860670e+03 6.31194989e+02 5.07943897e+02 5.07943897e+02
 7.17097266e+02 6.90953095e+02 6.31194989e+02 2.98790528e+02
 4.78064844e+02 6.27460108e+02 7.46976319e+02 6.01315937e+02
 1.37443643e+03 1.29226903e+03 1.28479927e+03 7.80590253e+02
 6.01315937e+02 3.11537502e+02 2.33653127e+02 3.89421878e+02
 2.33653127e+02 4.67306253e+02 3.11537502e+02 3.89421878e+02
 3.89421878e+02 1.55768751e+02 3.11537502e+02 5.45190629e+02
 3.11537502e+02]
