[2.40087601e+03 5.74245485e+03 2.32889888e+03 2.32889888e+03
 3.04767882e+03 4.52805409e+03 1.71624927e+04 1.25747565e+04
 9.39603660e+03 7.38853846e+03 2.35523285e+03 2.20402936e+03
 1.98199179e+03 2.09232948e+03 2.37975234e+03 2.34433531e+03
 4.18738334e+03 8.54367870e+03 2.80067018e+04 2.12611188e+04
 1.32841127e+04 9.77782616e+03 8.09143040e+03 7.86803064e+03
 9.22477553e+03 6.54323525e+03 2.05640312e+03 1.72377142e+03
 1.33052682e+01 1.71194451e+03 2.09484057e+03 2.23528506e+03
 2.08301366e+03 2.35503248e+03 3.91174886e+03 8.94409698e+03
 4.72957935e+04 1.17512129e+05 2.21813605e+04 1.05643830e+04
 7.37407533e+03 6.04354851e+03 5.41376581e+03 5.58082085e+03
 7.06066235e+03 5.32063377e+03 1.79631795e+03 1.74132862e+03
 1.67467490e+03 1.91629466e+03 1.99627913e+03 1.75799205e+03
 1.64634706e+03 1.72966422e+03 2.10625778e+03 2.53117529e+03
 3.36101419e+03 5.90885292e+03 2.13891811e+04 9.18754976e+04
 3.43266695e+04 1.40506057e+04 1.06479329e+04 5.84886456e+03
 4.50579196e+03 3.95423237e+03 4.03255050e+03 4.26417220e+03
 5.58891503e+03 4.40352709e+03 1.55884068e+03 1.68742525e+03
 1.79622758e+03 2.00196290e+03 1.89118234e+03 1.81600982e+03
 1.70522927e+03 2.10087411e+03 1.94261617e+03 2.27693607e+03
 2.75170988e+03 4.44111335e+03 1.80414048e+04 2.98553598e+04
 1.70048153e+04 9.42426013e+03 6.61715998e+03 5.87334768e+03
 3.73884376e+03 3.24626593e+03 3.10581201e+03 3.59641161e+03
 4.52024232e+03 4.18323297e+03 1.84449493e+03 2.15275996e+03
 3.00876866e+03 6.47101811e+03 5.71691521e+03 5.30674438e+03
 5.54877064e+03 5.61246177e+03 2.84571938e+03 2.56038315e+03
 3.93101612e+03 5.65067644e+03 9.98167281e+03 1.51432014e+04
 1.19637406e+04 7.13085814e+03 5.04178930e+03 3.95649257e+03
 3.54377409e+03 2.84826703e+03 2.94762518e+03 3.29920018e+03
 4.22399528e+03 7.60048404e+03 6.51363350e+03 5.52762476e+03
 7.08507038e+03 8.04866984e+03 6.94314488e+03 3.27549116e+03
 4.25776502e+03 5.25497840e+03 7.89927457e+03 9.67334333e+03
 5.16534125e+03 3.57801657e+03 2.84971466e+03 5.58738287e+03
 6.79001474e+03 4.60491370e+03 3.44638362e+03 6.10418793e+03
 3.36849924e+03 6.09445239e+03 2.65780432e+03 6.50334536e+03
 3.35876370e+03 3.05696174e+03 3.34902815e+03 4.45888050e+03
 4.85803793e+03]
