[1.88804277e+03 5.97080371e+03 2.49626822e+03 2.18228853e+03
 2.51572977e+03 1.95264224e+03 9.41679559e+03 9.71001628e+03
 1.00006421e+04 1.18401874e+04 2.89329935e+03 2.16043916e+03
 2.11548677e+03 2.33479995e+03 2.05146367e+03 1.96155888e+03
 2.35795724e+03 2.14817942e+03 7.78085024e+03 6.68837092e+03
 6.69654408e+03 7.80536973e+03 9.80234565e+03 1.31369957e+04
 1.63081826e+04 1.65162730e+04 3.00994735e+03 2.22493652e+03
 1.77403577e+01 2.24859033e+03 2.27372251e+03 2.34172721e+03
 2.14214819e+03 2.32103013e+03 2.29441959e+03 3.37805977e+03
 6.38948548e+03 5.32949911e+03 4.92738434e+03 5.39011200e+03
 6.57871596e+03 9.04166895e+03 1.29208938e+04 1.61141582e+04
 1.90294903e+04 1.83964287e+04 2.73446916e+03 2.72113841e+03
 2.18457591e+03 2.69447692e+03 2.22623449e+03 2.25289598e+03
 2.30455262e+03 2.07959629e+03 2.84444781e+03 2.80112289e+03
 2.15791442e+03 3.42933426e+03 3.87424789e+03 4.66576090e+03
 4.08587348e+03 4.00922169e+03 4.65243016e+03 5.79554158e+03
 8.15508352e+03 1.34340587e+04 2.97142316e+04 2.24289792e+04
 2.12358775e+04 1.64588254e+04 2.57762615e+03 2.45101980e+03
 2.22748046e+03 3.00690080e+03 2.40354241e+03 2.64488577e+03
 2.53410521e+03 3.21659256e+03 3.15328939e+03 3.13746360e+03
 2.70423249e+03 3.10383378e+03 5.68145993e+03 4.21955224e+03
 3.51926087e+03 3.48563106e+03 4.10481523e+03 5.39857387e+03
 8.32436747e+03 1.72817667e+04 8.44147835e+04 3.81401628e+04
 2.10720443e+04 1.39407130e+04 2.58331195e+03 3.01386395e+03
 4.71059546e+03 8.37665651e+03 7.04933351e+03 8.07348676e+03
 9.45940560e+03 1.29522268e+04 5.18700507e+03 4.89657354e+03
 1.30082750e+04 1.60603536e+04 1.36299003e+04 5.69653405e+03
 3.74758568e+03 3.39855833e+03 3.52848822e+03 4.94243115e+03
 8.11424908e+03 1.83175670e+04 1.22368481e+05 4.02629804e+04
 1.94334355e+04 6.97302394e+03 4.07849070e+03 6.45761028e+03
 1.36024388e+04 1.44801359e+04 1.45398940e+04 8.53046956e+03
 1.84727244e+04 1.92869286e+04 1.86146499e+04 1.03642964e+04
 3.54066775e+03 4.62751830e+03 9.76298049e+03 5.19148542e+04
 1.34007552e+04 3.35876370e+03 2.26838244e+03 5.88027035e+03
 5.63688168e+03 9.85237351e+03 1.37757989e+04 1.37855345e+04
 1.35421458e+04 3.83580550e+03 3.50479690e+03 8.84961217e+03
 4.15707855e+03]
