[3.27090653e+03 8.51637452e+03 3.58222274e+03 3.05027369e+03
 3.61076634e+03 5.12357754e+03 2.30943733e+04 1.94252223e+04
 1.36594136e+04 1.13389001e+04 3.61526200e+03 3.38913785e+03
 2.95868465e+03 2.94778710e+03 2.69714347e+03 2.53231803e+03
 3.67247413e+03 5.63948179e+03 2.45521787e+04 3.09163475e+04
 4.33286562e+04 1.80245466e+04 1.25430793e+04 1.14424268e+04
 1.31478933e+04 9.61527385e+03 3.14004331e+03 2.70096945e+03
 2.21754471e+01 2.43929918e+03 2.60783258e+03 2.93750756e+03
 2.46443135e+03 2.78523615e+03 3.28048780e+03 5.09000428e+03
 2.01293925e+04 2.73674584e+04 7.53515778e+05 6.85723958e+04
 1.65162730e+04 1.03988063e+04 8.51537167e+03 8.16352125e+03
 9.98782136e+03 7.56186535e+03 2.31954971e+03 2.41453127e+03
 2.60116170e+03 2.92276594e+03 2.76279699e+03 2.48285134e+03
 2.33121411e+03 2.11958852e+03 2.64282028e+03 3.10939637e+03
 2.79945654e+03 3.57763881e+03 9.51481956e+03 1.68367315e+04
 3.16338589e+04 1.85297362e+05 4.31782845e+04 1.33074166e+04
 8.10176054e+03 6.30044356e+03 5.89718851e+03 6.11381313e+03
 7.87513787e+03 5.64783012e+03 2.08307009e+03 2.26111027e+03
 2.46486737e+03 3.08602977e+03 2.60927773e+03 2.67455913e+03
 2.42134643e+03 2.88227267e+03 2.72401474e+03 2.72401474e+03
 2.57564792e+03 3.26406995e+03 1.17704340e+04 1.16200890e+04
 1.92283393e+04 2.73232328e+04 1.52441958e+04 1.43579513e+04
 6.99895725e+03 5.19086033e+03 4.91984361e+03 5.01084192e+03
 6.09688701e+03 4.92204999e+03 2.15275996e+03 2.93233931e+03
 4.44309275e+03 9.72945597e+03 8.05310561e+03 7.43912318e+03
 7.75757879e+03 8.23653604e+03 3.91573025e+03 3.03169746e+03
 4.73097662e+03 6.06339492e+03 8.05310561e+03 9.55112082e+03
 1.19484547e+04 1.39356177e+04 9.46959618e+03 7.76776937e+03
 8.13463024e+03 4.57047499e+03 4.15775652e+03 4.28004347e+03
 5.30929202e+03 7.57433987e+03 7.32783769e+03 7.44735390e+03
 1.24595650e+04 1.29488345e+04 1.28293183e+04 4.86655072e+03
 5.34088068e+03 5.46413177e+03 6.66676365e+03 9.25503659e+03
 1.15968074e+04 6.64061947e+03 5.04209015e+03 5.91978733e+03
 6.52110326e+03 4.83856683e+03 5.09169105e+03 8.84961217e+03
 5.24745980e+03 9.22929850e+03 5.08195550e+03 7.60346216e+03
 4.06945862e+03 5.94841918e+03 5.22798871e+03 5.94841918e+03
 5.79265043e+03]
