[2.98642441e+03 9.70482654e+03 3.26824305e+03 2.71553502e+03
 3.12163271e+03 3.43301752e+03 1.92539607e+04 1.88802989e+04
 1.62490973e+04 1.46027161e+04 3.51718405e+03 2.72030076e+03
 3.00227485e+03 3.29923307e+03 2.97094439e+03 2.41108280e+03
 2.87286645e+03 3.45043657e+03 1.64607483e+04 1.50168230e+04
 1.69238942e+04 2.24489517e+04 2.17569573e+04 1.82860878e+04
 1.90216724e+04 1.44465646e+04 3.34257905e+03 2.65218347e+03
 2.21754471e+01 3.10456259e+03 2.81036833e+03 3.07056024e+03
 2.73792853e+03 2.63148639e+03 2.67435892e+03 3.24796381e+03
 1.25838270e+04 1.13952231e+04 1.26902692e+04 2.20808318e+04
 6.61360533e+04 5.95366403e+04 1.99401620e+04 1.49019004e+04
 1.62265138e+04 1.27641888e+04 2.93776303e+03 2.85611221e+03
 2.46618791e+03 3.13605786e+03 3.06940414e+03 2.83111706e+03
 2.75946431e+03 2.45452350e+03 2.81778632e+03 3.13605786e+03
 2.18290957e+03 2.53117529e+03 5.90885292e+03 8.86494572e+03
 8.98158974e+03 1.12378184e+04 2.10825739e+04 1.11605001e+05
 7.98778267e+04 2.09692626e+04 1.33274128e+04 1.13211356e+04
 1.29741480e+04 8.52614634e+03 2.94359762e+03 2.54993101e+03
 2.54399633e+03 3.42034966e+03 3.02272659e+03 3.45595769e+03
 3.25022238e+03 3.45595769e+03 2.99305323e+03 2.96140164e+03
 1.98811533e+03 2.50047540e+03 8.00191693e+03 6.79717838e+03
 7.16314986e+03 8.76748970e+03 1.39029597e+04 2.61125596e+04
 9.62524771e+04 1.62372643e+04 1.04766754e+04 9.22643771e+03
 9.61416966e+03 6.70285380e+03 2.39733387e+03 3.28136666e+03
 5.38572137e+03 1.26974623e+04 1.00606498e+04 9.63009781e+03
 1.00530069e+04 1.27484152e+04 5.06217046e+03 3.54377409e+03
 5.85703568e+03 7.08754818e+03 7.11302463e+03 5.86213097e+03
 5.92072680e+03 7.06971466e+03 9.83900470e+03 1.57852080e+04
 1.93824826e+04 1.30337514e+04 8.52441992e+03 7.37543206e+03
 7.72700705e+03 5.76665718e+03 5.97207567e+03 7.80963741e+03
 1.55893958e+04 1.65231162e+04 1.63438419e+04 6.27833596e+03
 7.14856337e+03 7.41747485e+03 7.20458660e+03 7.69012120e+03
 7.47349807e+03 1.36696666e+04 1.21271605e+04 8.11216282e+03
 5.49774571e+03 3.59241682e+03 5.55899731e+03 8.61595905e+03
 5.55899731e+03 1.07188372e+04 5.78291488e+03 7.43795787e+03
 7.03880044e+03 2.66753986e+03 7.41848677e+03 1.18189540e+04
 4.06945862e+03]
