[2.41108165e+03 8.31137952e+03 2.93480182e+03 2.44437075e+03
 2.80765303e+03 2.54686825e+03 1.39292804e+04 1.43081320e+04
 1.39500394e+04 1.50004767e+04 3.44090121e+03 2.59906552e+03
 2.63039598e+03 2.68488372e+03 2.37975234e+03 2.16997452e+03
 2.57727042e+03 2.62903378e+03 1.12626173e+04 9.90859675e+03
 1.05651741e+04 1.33059078e+04 1.56597784e+04 1.78447371e+04
 2.04274563e+04 1.75629541e+04 3.31892524e+03 2.68914255e+03
 2.21754471e+01 2.61670275e+03 2.61965948e+03 3.00846899e+03
 2.85619758e+03 2.56052495e+03 2.40234010e+03 3.05873333e+03
 8.55380912e+03 7.54260873e+03 7.48643093e+03 9.13332747e+03
 1.28499324e+04 2.68470746e+04 2.56998648e+04 2.00406907e+04
 2.03600171e+04 1.58835832e+04 2.89610445e+03 2.98941966e+03
 2.47951865e+03 3.14938861e+03 2.67947983e+03 2.65615103e+03
 2.73446916e+03 2.38953612e+03 2.97942161e+03 3.02941190e+03
 2.17124516e+03 2.81278729e+03 4.16919064e+03 6.08715164e+03
 5.72222248e+03 6.16713611e+03 8.04510487e+03 1.19376825e+04
 2.59616267e+04 1.22856150e+05 3.47532534e+04 1.86697090e+04
 1.85563977e+04 1.23520320e+04 2.51432297e+03 2.62708175e+03
 2.54597456e+03 3.42232788e+03 2.94161940e+03 3.18494098e+03
 3.15526761e+03 3.53508666e+03 3.63004142e+03 2.99503145e+03
 2.30660943e+03 2.85062109e+03 6.29866588e+03 5.01479837e+03
 4.60332774e+03 5.14140472e+03 7.11171603e+03 1.06665849e+04
 2.36199971e+04 1.46103727e+05 3.33132957e+04 1.81442725e+04
 1.61423096e+04 1.04147724e+04 2.60369311e+03 3.30174782e+03
 4.95516938e+03 1.22490768e+04 1.04708206e+04 9.89760053e+03
 1.07102993e+04 1.44298609e+04 5.65831938e+03 4.32335344e+03
 8.85306611e+03 1.07357757e+04 9.63264546e+03 5.51310362e+03
 4.34118695e+03 4.81250126e+03 5.86467862e+03 9.03904419e+03
 1.82717094e+04 4.23928115e+04 2.59146442e+04 1.45062902e+04
 1.28299398e+04 6.34182895e+03 4.74329962e+03 7.05892621e+03
 1.61272187e+04 1.67621486e+04 1.69190136e+04 7.90300945e+03
 1.26425742e+04 1.39348432e+04 1.30011228e+04 8.50059051e+03
 4.88896001e+03 7.60421893e+03 2.57109249e+04 2.02505280e+04
 7.87313040e+03 4.29337620e+03 3.36849924e+03 8.46019029e+03
 6.26969223e+03 1.21207559e+04 1.03294153e+04 1.16729208e+04
 1.03294153e+04 3.12511057e+03 5.46164184e+03 2.27714443e+04
 4.93592230e+03]
