[ 10.2056366   41.51797449   0.           0.           0.
   0.          83.03594899 103.79493623  93.41544261  43.59019743
  10.89754936   0.           0.           0.           0.
   0.           0.          21.79509871 196.15588842 108.97549357
  98.07794421 108.97549357 119.87304292  98.07794421  87.18039485
  35.48071531   0.           0.           0.           0.
   0.           0.           0.           0.           0.
   0.         143.40122438 118.26905104 141.92286124 118.26905104
  94.61524083  70.96143062  94.61524083  70.96143062  70.96143062
  39.99223632   0.           0.           0.          13.33074544
   0.           0.           0.           0.           0.
   0.           0.           0.          93.31521808 106.64596352
 133.3074544   93.31521808  79.98447264  66.6537272   53.32298176
  53.32298176  66.6537272   53.32298176  53.32298176  31.65158735
   0.           0.           0.           0.           0.
   0.           0.           0.           0.           0.
   0.           0.         189.90952412 126.60634942  94.95476206
  79.12896838  79.12896838  47.47738103  63.30317471  63.30317471
  31.65158735  47.47738103  47.47738103   0.           0.
   0.           0.          20.38115939   0.           0.
  20.38115939   0.           0.           0.           0.
   0.          40.76231879  61.14347818  61.14347818  61.14347818
  40.76231879  40.76231879  20.38115939  40.76231879  40.76231879
  40.76231879  20.38115939   0.           0.           0.
   0.          29.87905276   0.           0.           0.
   0.          29.87905276   0.           0.           0.
  29.87905276   0.           0.           0.           0.
   0.           0.           0.           0.           0.
   0.           0.           0.           0.           0.        ]
