[2.22610448e+03 5.32208536e+03 1.95264224e+03 2.07849360e+03
 2.82841201e+03 4.14141796e+03 1.60363176e+04 1.16924996e+04
 8.72915414e+03 6.42410535e+03 2.12502212e+03 2.03920392e+03
 1.71908841e+03 1.75178106e+03 2.05010147e+03 2.41108280e+03
 4.13153340e+03 1.02545939e+04 2.57727042e+04 1.81498685e+04
 1.15296072e+04 8.59271767e+03 7.27956297e+03 7.16786309e+03
 8.54367870e+03 5.75822442e+03 1.87899955e+03 1.52123567e+03
 1.33052682e+01 1.49758186e+03 1.98839842e+03 2.06970839e+03
 1.98692006e+03 2.31955176e+03 4.11280625e+03 1.03692390e+04
 6.97787401e+04 6.85723958e+04 1.63743501e+04 8.99436133e+03
 6.49297090e+03 5.41228745e+03 4.94660306e+03 5.17427098e+03
 6.53732180e+03 4.62410232e+03 1.60802117e+03 1.59302408e+03
 1.55469819e+03 1.70133639e+03 1.59469042e+03 1.64967975e+03
 1.49970886e+03 1.55636453e+03 1.94462249e+03 2.46452156e+03
 3.52264948e+03 6.69703324e+03 2.85811182e+04 1.40932641e+05
 2.46152215e+04 1.13111375e+04 8.74496901e+03 5.08401304e+03
 3.99589095e+03 3.57763881e+03 3.68261843e+03 3.92923722e+03
 5.21232147e+03 3.97623066e+03 1.46190769e+03 1.59247049e+03
 1.55884068e+03 1.71709861e+03 1.78040179e+03 1.67159946e+03
 1.57664470e+03 1.99009355e+03 1.82985739e+03 2.24330625e+03
 2.86249043e+03 4.94951697e+03 2.08425703e+04 5.10223588e+04
 1.40097839e+04 8.21358692e+03 5.81993562e+03 4.98116856e+03
 3.35506826e+03 2.95942342e+03 2.83479529e+03 3.34122069e+03
 4.18592243e+03 4.01763605e+03 1.68144565e+03 1.98971069e+03
 2.70050362e+03 5.85448804e+03 5.30674438e+03 4.87874003e+03
 5.09783749e+03 4.98064583e+03 2.65974130e+03 2.49923967e+03
 3.91063496e+03 5.85448804e+03 1.10669696e+04 1.81952800e+04
 9.99695868e+03 6.14491956e+03 4.24437644e+03 3.46479710e+03
 3.13360326e+03 2.60114547e+03 2.66228895e+03 3.15398442e+03
 3.97687373e+03 7.27181446e+03 6.12520581e+03 5.01594598e+03
 6.36423824e+03 7.15229825e+03 6.34182895e+03 3.03272385e+03
 4.34740218e+03 5.31473651e+03 7.80963741e+03 7.09254015e+03
 4.50053232e+03 3.21573305e+03 2.60694735e+03 5.28859234e+03
 6.70037758e+03 4.05972308e+03 2.90119299e+03 5.01380668e+03
 3.05696174e+03 5.23772426e+03 2.26838244e+03 7.04853599e+03
 3.51453245e+03 2.34626681e+03 3.19325940e+03 4.38099612e+03
 4.69253363e+03]
