[ 10.2056366   20.75898725   0.           0.           0.
   0.          73.95389207  72.65645536  51.89746812  21.79509871
   0.           0.           0.           0.           0.
   0.           0.          10.89754936 185.25833906 130.77059228
  76.2828455   65.38529614  65.38529614  65.38529614  54.48774678
  11.8269051    0.           0.           0.           0.
   0.           0.           0.           0.           0.
   0.         177.40357655 153.74976635  70.96143062  59.13452552
  47.30762041  23.65381021  47.30762041  35.48071531  47.30762041
  13.33074544   0.           0.           0.           0.
   0.           0.           0.           0.           0.
   0.           0.           0.          93.31521808 173.29969072
  93.31521808  53.32298176  39.99223632  13.33074544  13.33074544
  26.66149088  39.99223632  26.66149088  39.99223632  15.82579368
   0.           0.           0.           0.           0.
   0.           0.           0.           0.           0.
   0.           0.         174.08373045 126.60634942  47.47738103
  31.65158735  47.47738103  15.82579368  31.65158735  31.65158735
   0.          31.65158735  15.82579368   0.           0.
   0.           0.           0.           0.           0.
   0.           0.           0.           0.           0.
   0.           0.          61.14347818  40.76231879  20.38115939
   0.           0.           0.          20.38115939  20.38115939
  20.38115939   0.           0.           0.           0.
   0.           0.           0.           0.           0.
   0.           0.           0.           0.           0.
  29.87905276   0.           0.           0.           0.
   0.           0.           0.           0.           0.
   0.           0.           0.           0.           0.        ]
