[ 0.          0.          0.          0.          0.          0.
  0.          0.          0.          0.          0.          0.
  0.          0.          0.          0.          0.          0.
 10.89754936 10.89754936  0.         10.89754936 10.89754936 21.79509871
  0.          0.          0.          0.          0.          0.
  0.          0.          0.          0.          0.          0.
  0.         11.8269051   0.         11.8269051  11.8269051   0.
 11.8269051  11.8269051  11.8269051   0.          0.          0.
  0.          0.          0.          0.          0.          0.
  0.          0.          0.          0.          0.         13.33074544
 13.33074544  0.          0.          0.          0.         13.33074544
 13.33074544  0.         13.33074544  0.          0.          0.
  0.          0.          0.          0.          0.          0.
  0.          0.          0.          0.          0.          0.
  0.          0.         15.82579368  0.         15.82579368 15.82579368
  0.         15.82579368  0.          0.          0.          0.
  0.          0.          0.          0.          0.          0.
  0.          0.          0.          0.          0.          0.
  0.          0.          0.          0.          0.         20.38115939
 20.38115939  0.          0.          0.          0.          0.
  0.          0.          0.          0.          0.          0.
  0.          0.          0.          0.          0.          0.
  0.          0.          0.          0.          0.          0.
  0.          0.          0.          0.          0.          0.
  0.        ]
