[ 40.8225464   83.03594899  31.13848087  20.75898725  41.51797449
  20.75898725 177.7488283  198.50781555 155.69240435  98.07794421
  43.59019743  21.79509871  21.79509871  32.69264807  21.79509871
  32.69264807  32.69264807  54.48774678 196.15588842 239.74608585
 272.43873392 294.23383263 273.80092758 261.54118456 217.95098713
 106.44214593  47.30762041  23.65381021  35.48071531  23.65381021
  23.65381021  23.65381021  11.8269051   23.65381021  23.65381021
  47.30762041 165.57667145 248.36500718 319.3264378  320.80480094
 366.63405821 368.11242135 331.1533429  248.36500718 248.36500718
 119.97670896  39.99223632  39.99223632  13.33074544  39.99223632
  39.99223632  13.33074544  39.99223632  13.33074544  13.33074544
  39.99223632  26.66149088  26.66149088 106.64596352 266.6149088
 319.93789056 359.93012688 399.9223632  361.59647006 401.58870638
 453.24534496 359.93012688 266.6149088  239.95341792 110.78055574
  31.65158735  15.82579368  31.65158735  31.65158735  31.65158735
  15.82579368  15.82579368  15.82579368  15.82579368  31.65158735
  31.65158735  31.65158735 189.90952412 253.21269883 271.01671672
 348.16746089 395.64484192 365.97147878 458.94801663 506.42539766
 350.1456851  300.69007986 221.56111148  61.14347818   0.
  20.38115939  20.38115939  81.52463757  40.76231879  61.14347818
  61.14347818  61.14347818  40.76231879  40.76231879  40.76231879
  61.14347818 101.90579697 203.81159393 285.33623151 305.7173909
 308.26503582 328.64619522 387.24202847 448.38550665 448.38550665
 326.09855029 203.81159393  29.87905276   0.          29.87905276
  89.63715827  89.63715827  59.75810551  29.87905276  59.75810551
  89.63715827  89.63715827  59.75810551 239.03242204 268.9114748
 358.54863306 179.27431653  29.87905276   0.           0.
   0.           0.          77.88437555   0.           0.
   0.           0.           0.          77.88437555   0.        ]
