[2.22610448e+03 7.47323541e+03 2.77781198e+03 2.36003736e+03
 2.70385809e+03 2.31722195e+03 1.20505921e+04 1.25124796e+04
 1.25280488e+04 1.41014289e+04 3.31966597e+03 2.49009003e+03
 2.47646809e+03 2.57590823e+03 2.30210730e+03 2.10322703e+03
 2.48872783e+03 2.45467299e+03 9.85955778e+03 8.59271767e+03
 8.83246375e+03 1.09847298e+04 1.34911661e+04 1.60248463e+04
 1.92450722e+04 1.74683388e+04 3.25831236e+03 2.55904659e+03
 2.06970839e+01 2.53391442e+03 2.51173897e+03 2.61818112e+03
 2.53539278e+03 2.50139043e+03 2.36538102e+03 3.16517548e+03
 7.64905088e+03 6.55801888e+03 6.38948548e+03 7.41251277e+03
 9.73058617e+03 1.51561789e+04 2.03718440e+04 1.93783840e+04
 2.04073248e+04 1.71633348e+04 2.85611221e+03 2.92276594e+03
 2.42619567e+03 3.05607339e+03 2.58616462e+03 2.49618208e+03
 2.66614909e+03 2.38953612e+03 2.88444004e+03 3.04274265e+03
 2.14458367e+03 2.98941966e+03 3.99589095e+03 5.45727391e+03
 5.01069394e+03 5.20232341e+03 6.41208856e+03 8.78829393e+03
 1.48304543e+04 4.47779739e+04 4.34448994e+04 2.08092936e+04
 1.96295227e+04 1.39702194e+04 2.54597456e+03 2.64092932e+03
 2.44904157e+03 3.35704648e+03 2.80116548e+03 3.04250883e+03
 3.07416042e+03 3.45595769e+03 3.29572153e+03 3.15328939e+03
 2.41738998e+03 2.97722744e+03 5.93665085e+03 4.60134951e+03
 4.14042327e+03 4.45496092e+03 5.53902779e+03 8.16610954e+03
 1.52125442e+04 7.05513882e+04 7.41913208e+04 2.20928080e+04
 1.72580280e+04 1.12758764e+04 2.56293079e+03 3.24060434e+03
 4.79212010e+03 1.06491558e+04 9.93836285e+03 9.79569473e+03
 1.05064877e+04 1.38744743e+04 5.88251213e+03 4.57047499e+03
 1.10007308e+04 1.31968007e+04 1.12351141e+04 5.57424709e+03
 4.01508840e+03 4.13992300e+03 4.75645307e+03 7.29900271e+03
 1.37318061e+04 3.80414340e+04 5.37043550e+04 1.97187717e+04
 1.72628420e+04 7.12241920e+03 4.50053232e+03 7.02904716e+03
 1.57089120e+04 1.63438419e+04 1.62616745e+04 8.14204188e+03
 1.45361592e+04 1.58060189e+04 1.48349497e+04 8.89275308e+03
 4.34740218e+03 6.34182895e+03 1.72402134e+04 3.77521832e+04
 8.98239023e+03 4.76068246e+03 2.82330861e+03 7.91499967e+03
 6.25995669e+03 1.14976809e+04 1.19649872e+04 1.30845751e+04
 1.15074165e+04 3.21273049e+03 4.29337620e+03 5.26303668e+04
 5.55899731e+03]
