[3.29131780e+03 9.33116477e+03 3.43561239e+03 3.05027369e+03
 3.59000736e+03 5.09243906e+03 2.33849991e+04 2.30632348e+04
 1.39085215e+04 1.16930705e+04 3.60436445e+03 3.33465010e+03
 2.93688955e+03 2.92599200e+03 2.74073366e+03 2.62903378e+03
 3.66157658e+03 5.58499405e+03 2.46393591e+04 3.06439088e+04
 4.27510861e+04 1.86783996e+04 1.27228889e+04 1.13606952e+04
 1.32786639e+04 9.85181195e+03 3.17552402e+03 2.69062091e+03
 2.21754471e+01 2.48512843e+03 2.60783258e+03 2.92568065e+03
 2.47477989e+03 2.76158234e+03 3.23465855e+03 5.25705932e+03
 2.05078534e+04 2.61256334e+04 2.63030370e+05 7.88618032e+04
 1.74151178e+04 1.07536135e+04 8.63659745e+03 8.16647797e+03
 1.00824366e+04 7.58852684e+03 2.30621896e+03 2.45285716e+03
 2.70780767e+03 2.92276594e+03 2.73446916e+03 2.48118500e+03
 2.31788336e+03 2.11958852e+03 2.62948954e+03 3.09606563e+03
 2.66614909e+03 3.49598799e+03 9.45816389e+03 1.66234396e+04
 2.96609086e+04 2.25556213e+05 4.62443559e+04 1.40572711e+04
 8.39503694e+03 6.44874811e+03 6.04382671e+03 6.12881022e+03
 7.95512234e+03 5.72695909e+03 2.06724430e+03 2.26111027e+03
 2.43519400e+03 3.05437818e+03 2.59345194e+03 2.65873334e+03
 2.43717223e+03 2.86644688e+03 2.72203651e+03 2.73984053e+03
 2.52817054e+03 3.23241836e+03 1.19286920e+04 1.15567858e+04
 1.78594082e+04 3.74596536e+04 1.59721823e+04 1.47733784e+04
 7.15919341e+03 5.25416350e+03 4.98314678e+03 5.21657724e+03
 6.12853860e+03 5.00357463e+03 2.13237880e+03 2.89157699e+03
 4.46347391e+03 9.79059944e+03 8.13463024e+03 7.50026666e+03
 7.79834111e+03 8.27729836e+03 3.91573025e+03 3.01131630e+03
 4.69021431e+03 6.00225144e+03 8.03272445e+03 9.44921502e+03
 1.17191667e+04 1.44247656e+04 9.67595542e+03 7.93081865e+03
 8.41996647e+03 4.62907083e+03 4.17813768e+03 4.30297228e+03
 5.37043550e+03 7.57060499e+03 7.32410281e+03 7.38759579e+03
 1.25492022e+04 1.29787135e+04 1.28890764e+04 4.86655072e+03
 5.31100163e+03 5.40437367e+03 6.60700554e+03 9.10564133e+03
 1.15071702e+04 6.73025663e+03 5.16160636e+03 5.80027112e+03
 6.46134516e+03 4.83856683e+03 4.93592230e+03 8.61595905e+03
 5.01380668e+03 9.07352975e+03 4.69253363e+03 7.21404029e+03
 3.91368987e+03 6.02630356e+03 5.30587308e+03 5.79265043e+03
 5.48111293e+03]
