[3.22242976e+03 9.55951363e+03 3.27862255e+03 2.84138638e+03
 3.37203799e+03 4.14271539e+03 2.21809779e+04 2.08005052e+04
 1.64566871e+04 1.34857173e+04 3.49538896e+03 2.77478850e+03
 3.07991989e+03 2.98184194e+03 3.19025757e+03 2.56501068e+03
 3.17936002e+03 4.08658101e+03 1.98607837e+04 1.91633405e+04
 2.48137199e+04 2.91182519e+04 1.98716813e+04 1.61392706e+04
 1.77956981e+04 1.29445476e+04 3.49780718e+03 2.68766418e+03
 2.21754471e+01 2.73645017e+03 2.73792853e+03 3.12969476e+03
 2.55904659e+03 2.67879401e+03 2.77193088e+03 3.83043889e+03
 1.57534376e+04 1.46357951e+04 1.96563163e+04 7.02045087e+04
 1.38989789e+05 2.38430407e+04 1.38552193e+04 1.19244771e+04
 1.38433924e+04 9.84142282e+03 2.73613550e+03 2.84278147e+03
 2.42619567e+03 3.16438570e+03 2.80112289e+03 2.77612774e+03
 2.77446139e+03 2.18790860e+03 2.74946625e+03 3.21604234e+03
 2.30455262e+03 2.75946431e+03 7.13194881e+03 1.13677932e+04
 1.23576010e+04 1.96028612e+04 6.72936030e+04 1.06192718e+05
 2.01227602e+04 1.13444644e+04 9.43483509e+03 8.93159944e+03
 1.07179193e+04 7.14534585e+03 2.27495784e+03 2.86644688e+03
 2.48069316e+03 3.30759088e+03 3.08800799e+03 3.08998622e+03
 2.72401474e+03 3.21659256e+03 2.81896950e+03 2.94557585e+03
 2.06724430e+03 2.69038493e+03 9.48360686e+03 8.37580130e+03
 9.31347958e+03 1.26962430e+04 2.08425703e+04 2.54716149e+04
 1.96081584e+04 9.45195527e+03 7.35503761e+03 7.35108116e+03
 7.86344123e+03 5.71946285e+03 2.27504692e+03 3.26098550e+03
 5.14114746e+03 1.15561174e+04 9.52819202e+03 9.03649655e+03
 9.17152173e+03 1.10262072e+04 4.44818804e+03 3.17691322e+03
 5.18190978e+03 6.12453840e+03 7.09264347e+03 6.76399727e+03
 7.58179129e+03 9.52819202e+03 1.25853659e+04 1.34872322e+04
 2.29084232e+04 7.84674637e+03 6.40987463e+03 5.63284293e+03
 6.41496992e+03 6.46134516e+03 6.99543323e+03 7.92915362e+03
 1.45959173e+04 1.54175912e+04 1.50216938e+04 5.55750381e+03
 6.00195472e+03 5.85629434e+03 6.24472203e+03 7.69012120e+03
 1.49918147e+04 1.67696184e+04 1.19142723e+04 6.37170800e+03
 5.76665718e+03 3.98183870e+03 5.71476606e+03 8.92749655e+03
 5.24745980e+03 1.01639110e+04 4.92618675e+03 6.50334536e+03
 4.22522737e+03 3.91368987e+03 9.85237351e+03 7.36007349e+03
 4.30311175e+03]
