[2.30902528e+03 7.96366648e+03 2.87122742e+03 2.39247328e+03
 2.77651454e+03 2.45345281e+03 1.31352492e+04 1.35763777e+04
 1.34466340e+04 1.46027161e+04 3.36461836e+03 2.54457777e+03
 2.58544358e+03 2.63039598e+03 2.31436704e+03 2.12638432e+03
 2.53368023e+03 2.56364849e+03 1.06687008e+04 9.29560960e+03
 9.88407727e+03 1.24286550e+04 1.47825257e+04 1.70601135e+04
 1.99861055e+04 1.74446850e+04 3.29527143e+03 2.66401037e+03
 2.06970839e+01 2.56939513e+03 2.53687114e+03 2.76010398e+03
 3.15482694e+03 2.52504424e+03 2.38903483e+03 3.35588432e+03
 8.17239143e+03 7.11388342e+03 7.04587872e+03 8.31727101e+03
 1.12769540e+04 2.14126117e+04 2.33699645e+04 1.98514602e+04
 2.04073248e+04 1.65701166e+04 2.86944296e+03 2.96275817e+03
 2.47951865e+03 3.13605786e+03 2.62615685e+03 2.57616656e+03
 2.89443810e+03 2.36287463e+03 2.91110154e+03 3.01608116e+03
 2.15624807e+03 2.89443810e+03 4.38248256e+03 5.79220889e+03
 5.40061825e+03 5.67223218e+03 7.28191970e+03 1.03846507e+04
 1.99028029e+04 1.06406010e+05 3.98589289e+04 1.94695537e+04
 1.89296585e+04 1.30206717e+04 2.56180035e+03 2.65873334e+03
 2.48069316e+03 3.40452386e+03 2.89612024e+03 3.08998622e+03
 2.97920566e+03 3.50343508e+03 3.29572153e+03 2.96337987e+03
 2.32243522e+03 2.89809847e+03 6.14238617e+03 4.77741147e+03
 4.39561419e+03 4.80510661e+03 6.28284009e+03 9.47173752e+03
 1.97031131e+04 1.17205828e+05 4.49769056e+04 1.92916425e+04
 1.60790064e+04 1.05370594e+04 2.62407427e+03 3.34251014e+03
 4.93478822e+03 1.15917844e+04 1.02873902e+04 9.79569473e+03
 1.05676311e+04 1.38948554e+04 5.59462825e+03 4.42525923e+03
 9.70907481e+03 1.16784043e+04 1.02084132e+04 5.53348478e+03
 4.17813768e+03 4.48640271e+03 5.33222083e+03 8.30277481e+03
 1.64272145e+04 4.14043253e+04 3.23856623e+04 1.58259703e+04
 1.37725685e+04 6.67049853e+03 4.59390436e+03 7.05892621e+03
 1.59479444e+04 1.65231162e+04 1.66202231e+04 7.87313040e+03
 1.34231645e+04 1.48349497e+04 1.36958108e+04 8.67986483e+03
 4.59016948e+03 7.03278204e+03 2.17668899e+04 2.45157628e+04
 8.02252566e+03 4.29337620e+03 2.97907736e+03 8.46019029e+03
 6.19180786e+03 1.20428716e+04 1.10303747e+04 1.26854177e+04
 1.08746059e+04 3.05696174e+03 4.99433558e+03 3.63914745e+04
 6.02630356e+03]
