[2.81165288e+03 9.43495970e+03 3.23710457e+03 2.66363755e+03
 3.03729932e+03 3.06843780e+03 1.71624927e+04 1.74583083e+04
 1.60830254e+04 1.54145836e+04 3.60572664e+03 2.76389096e+03
 2.86060671e+03 2.90555910e+03 2.67534837e+03 2.37839015e+03
 2.80748115e+03 3.13304544e+03 1.40251460e+04 1.25648744e+04
 1.36382830e+04 1.72344743e+04 2.01768126e+04 1.96482815e+04
 2.08197680e+04 1.62560811e+04 3.43719430e+03 2.73792853e+03
 2.21754471e+01 2.80741160e+03 3.44162939e+03 3.00994735e+03
 2.67879401e+03 2.77488761e+03 2.60339749e+03 3.30857670e+03
 1.06353444e+04 9.47039426e+03 1.00203453e+04 1.43992570e+04
 2.85974565e+04 4.82537728e+04 2.74620737e+04 1.83257895e+04
 1.85978083e+04 1.37306678e+04 2.93609668e+03 2.98941966e+03
 2.57283387e+03 3.29769315e+03 2.82778438e+03 3.00608310e+03
 2.93443034e+03 2.34787754e+03 3.15272130e+03 3.20271159e+03
 2.33121411e+03 2.61449245e+03 5.40061825e+03 7.57186341e+03
 7.35857148e+03 8.34171396e+03 1.20709900e+04 2.55417083e+04
 5.70982489e+05 6.14813980e+04 1.96295227e+04 1.54036764e+04
 1.63568247e+04 1.09831008e+04 2.53014876e+03 2.72203651e+03
 2.64092932e+03 3.56476003e+03 3.10185556e+03 3.45595769e+03
 3.42628433e+03 3.96436132e+03 3.32935134e+03 3.15328939e+03
 2.14637327e+03 2.80314371e+03 7.33327715e+03 5.97028066e+03
 5.90697749e+03 6.84465577e+03 9.77242760e+03 1.78277566e+04
 4.81895417e+04 3.65575834e+04 1.59840516e+04 1.23480755e+04
 1.21937740e+04 7.87222282e+03 2.62407427e+03 3.42403478e+03
 5.42648369e+03 1.34770416e+04 1.04096772e+04 9.99950633e+03
 1.08733485e+04 1.40986670e+04 5.57679474e+03 4.03546956e+03
 7.24804981e+03 8.64415923e+03 8.23653604e+03 5.73984401e+03
 5.24560090e+03 6.02263260e+03 7.72955470e+03 1.32018960e+04
 2.33160463e+04 3.99368818e+04 1.30694185e+04 1.00810310e+04
 9.63519310e+03 6.15881975e+03 5.61352704e+03 7.66024215e+03
 1.63363721e+04 1.72775623e+04 1.70982879e+04 7.24193541e+03
 8.58649279e+03 9.12805062e+03 8.37360453e+03 8.14204188e+03
 6.12520581e+03 1.09992263e+04 1.86221196e+04 1.18358398e+04
 6.24845691e+03 4.44914495e+03 4.62438480e+03 9.31691843e+03
 6.65911411e+03 1.20526071e+04 8.37257037e+03 9.32665397e+03
 9.23903405e+03 2.97907736e+03 7.41848677e+03 1.96560693e+04
 5.01380668e+03]
