[ 132.67327581  374.95920714   93.41544261   93.41544261  114.17442986
  198.50781555 1577.68303074 1242.94436139  847.226167    427.72881225
  108.97549357   65.38529614   65.38529614   76.2828455    54.48774678
   76.2828455   119.87304292  283.33628327 2039.20392336 1555.62517066
 1238.23404564 1062.51106227  945.36240669  723.32483854  666.11270442
  369.59078449   82.78833573   59.13452552    0.           59.13452552
   59.13452552   70.96143062   59.13452552   59.13452552   94.61524083
  226.18956011 2380.1646521  1808.03811772 1296.52447198  965.37112908
  771.70555801  786.48918939  666.74177522  545.5159979   486.38147239
  359.93012688   79.98447264   79.98447264   39.99223632   79.98447264
   66.6537272    53.32298176   66.6537272    39.99223632   53.32298176
   93.31521808   93.31521808  199.9611816  1338.07357355 2039.60405234
 1488.04445975 1044.79717387  923.15412173  589.88548572  483.2395222
  641.54212431  521.56541534  466.5760904   439.91459952  300.69007986
   63.30317471   63.30317471   63.30317471   79.12896838   63.30317471
   63.30317471   47.47738103   63.30317471   47.47738103   63.30317471
   79.12896838  174.08373045 2593.45193881 1865.46542967 1307.60620256
  858.54930697  650.83576496  510.38184608  603.35838393  619.18417761
  445.10044716  443.12222295  302.66830407  224.19275333   40.76231879
   61.14347818  101.90579697  203.81159393  142.66811575  142.66811575
  163.04927515  163.04927515   81.52463757   81.52463757  122.28695636
  183.43043454  733.72173816 1171.91666512  858.55633944  652.19710059
  450.93315158  349.02735461  428.00434726  428.00434726  387.24202847
  366.86086908  285.33623151  209.15336929  119.51621102  149.39526378
  209.15336929  239.03242204  209.15336929   59.75810551  119.51621102
  179.27431653  209.15336929  209.15336929  448.18579133  302.52540915
  328.66958031  239.03242204  179.27431653   77.88437555    0.
   77.88437555    0.          155.76875111   77.88437555   77.88437555
   77.88437555    0.           77.88437555  155.76875111    0.        ]
