[2.60626445e+03 8.78624135e+03 3.08011473e+03 2.54816568e+03
 2.94388388e+03 2.71423758e+03 1.47440707e+04 1.55381020e+04
 1.48271066e+04 1.53491983e+04 3.56077425e+03 2.66581301e+03
 2.76116657e+03 2.77342631e+03 2.48872783e+03 3.63024613e+03
 2.68624592e+03 2.78296167e+03 1.19001239e+04 1.06523545e+04
 1.15078121e+04 1.42921360e+04 1.75450545e+04 1.94684719e+04
 2.14790698e+04 1.76102617e+04 3.41354049e+03 2.74975544e+03
 2.21754471e+01 2.68914255e+03 2.71427472e+03 3.08090878e+03
 2.76158234e+03 2.63148639e+03 2.50878225e+03 3.11786786e+03
 9.20724562e+03 8.00681476e+03 8.18717506e+03 1.01120039e+04
 1.52034865e+04 2.63621715e+04 2.83727453e+04 2.10873718e+04
 2.10755449e+04 1.57169489e+04 3.00275041e+03 3.01608116e+03
 2.54617238e+03 3.23103943e+03 2.78779214e+03 2.77779408e+03
 2.78779214e+03 2.48285134e+03 2.97942161e+03 3.12272712e+03
 2.26456038e+03 2.88110736e+03 4.84072694e+03 6.42208662e+03
 6.16380342e+03 6.71702936e+03 8.98492243e+03 1.40306096e+04
 3.55664288e+04 1.61515312e+05 3.10073139e+04 1.85630630e+04
 1.87696896e+04 1.20038645e+04 2.59345194e+03 2.70818894e+03
 2.67258091e+03 3.53310844e+03 2.99305323e+03 3.32935134e+03
 3.34715536e+03 3.64586722e+03 3.71114862e+03 3.12163780e+03
 2.36991260e+03 2.88227267e+03 6.55187858e+03 5.22251191e+03
 4.95149520e+03 5.53902779e+03 7.65374947e+03 1.22570772e+04
 2.89612024e+04 2.42830978e+05 2.78929614e+04 1.69335992e+04
 1.72263764e+04 1.02695567e+04 2.56293079e+03 3.42403478e+03
 5.12076630e+03 1.27993681e+04 1.06542511e+04 1.00606498e+04
 1.10363978e+04 1.45113855e+04 5.82136865e+03 4.32335344e+03
 8.46327644e+03 1.02619138e+04 9.34730923e+03 5.57679474e+03
 4.50678387e+03 5.12076630e+03 6.08887137e+03 9.98422046e+03
 2.04881605e+04 5.37654985e+04 2.17161253e+04 1.30745138e+04
 1.20503605e+04 6.34182895e+03 5.04209015e+03 7.20832148e+03
 1.64558883e+04 1.70908182e+04 1.73671994e+04 7.87313040e+03
 1.20711373e+04 1.33932854e+04 1.23998069e+04 8.38107430e+03
 5.22136447e+03 8.26529297e+03 3.34645391e+04 1.77855062e+04
 7.39133068e+03 4.44914495e+03 3.68003674e+03 8.84961217e+03
 6.65911411e+03 1.25199134e+04 1.15074165e+04 1.11958790e+04
 1.01736466e+04 3.04722619e+03 6.25022114e+03 1.79231419e+04
 5.32534418e+03]
