[2.04112732e+03 4.53843359e+03 1.67109847e+03 1.82679088e+03
 2.51443233e+03 3.63152533e+03 1.49464708e+04 1.05455655e+04
 7.87025104e+03 5.10822626e+03 1.84032365e+03 1.35946928e+03
 1.43438993e+03 1.37990219e+03 1.57878246e+03 1.96155888e+03
 4.16422605e+03 6.92266823e+03 2.34951164e+04 1.54309299e+04
 1.01456185e+04 7.67187475e+03 6.49221503e+03 6.44317606e+03
 7.66642597e+03 4.72337023e+03 1.64098308e+03 1.31869992e+03
 1.03485420e+01 1.23591158e+03 1.39261808e+03 2.04605458e+03
 1.80803812e+03 2.10518911e+03 4.33899581e+03 1.26074808e+04
 6.00333703e+04 3.62731180e+04 1.27789710e+04 7.94176678e+03
 5.75674606e+03 4.80468020e+03 4.48239703e+03 4.65093043e+03
 5.88388529e+03 4.10087057e+03 1.40805999e+03 1.33807357e+03
 1.45971663e+03 1.41972439e+03 1.31141208e+03 1.47638006e+03
 1.31141208e+03 1.36806775e+03 1.86297168e+03 2.27622478e+03
 3.75093850e+03 8.37504082e+03 4.85105827e+04 7.69983857e+04
 1.71833309e+04 9.21821047e+03 7.24192746e+03 4.47913047e+03
 3.55431000e+03 3.18938085e+03 3.32268830e+03 3.63262813e+03
 4.75574344e+03 3.43617545e+03 1.39860452e+03 1.35112714e+03
 1.49355928e+03 1.46190769e+03 1.43025610e+03 1.43421255e+03
 1.38475695e+03 1.62412208e+03 1.68742525e+03 2.13252570e+03
 3.00492257e+03 5.71508974e+03 2.53924860e+04 3.51016104e+04
 1.15884374e+04 6.80904773e+03 4.94753875e+03 4.02766449e+03
 2.97327099e+03 2.64092932e+03 2.59543016e+03 3.16515874e+03
 3.88325412e+03 3.22022318e+03 1.55661105e+03 1.68144565e+03
 2.24957047e+03 4.95516938e+03 4.71314311e+03 4.30297228e+03
 4.44309275e+03 4.24182880e+03 2.31326159e+03 2.29288043e+03
 3.84949148e+03 6.02008496e+03 1.30745138e+04 4.09253681e+04
 8.39703767e+03 5.46724601e+03 3.68898985e+03 2.97310163e+03
 2.74381358e+03 2.35402391e+03 2.45592971e+03 2.86864818e+03
 3.75013333e+03 6.81989379e+03 5.73304325e+03 4.41463004e+03
 5.34461556e+03 6.00942449e+03 5.37822950e+03 2.64429617e+03
 3.80957923e+03 5.25497840e+03 7.59674916e+03 5.80027112e+03
 3.99258842e+03 2.70405427e+03 2.30815683e+03 5.04582503e+03
 6.55098232e+03 3.74818557e+03 2.65780432e+03 3.99157425e+03
 2.65780432e+03 4.44914495e+03 1.87896056e+03 6.42546098e+03
 4.30311175e+03 1.87896056e+03 2.72595314e+03 4.06945862e+03
 4.38099612e+03]
