[2.74021343e+03 9.32856989e+03 3.19558660e+03 2.61174008e+03
 2.96464287e+03 2.97502236e+03 1.67473130e+04 1.70379388e+04
 1.58494868e+04 1.54145836e+04 3.58393154e+03 2.73119831e+03
 2.82791406e+03 2.88240180e+03 2.63175817e+03 2.33343776e+03
 2.73119831e+03 3.02406995e+03 1.36546293e+04 1.22542943e+04
 1.31969323e+04 1.65533775e+04 1.96101401e+04 1.94739207e+04
 2.08633582e+04 1.64453115e+04 3.42536739e+03 2.72462326e+03
 2.21754471e+01 2.81923850e+03 2.96559645e+03 2.95081282e+03
 2.69062091e+03 2.73792853e+03 2.54426296e+03 3.17700238e+03
 1.03958496e+04 9.16289473e+03 9.63892766e+03 1.32283934e+04
 2.66933248e+04 4.28725310e+04 2.81835149e+04 1.84736258e+04
 1.88402598e+04 1.39439597e+04 2.92276594e+03 2.97608892e+03
 2.54617238e+03 3.25770092e+03 2.80112289e+03 3.00608310e+03
 2.86777661e+03 2.32121605e+03 3.13939055e+03 3.16271936e+03
 2.30455262e+03 2.59949536e+03 5.23898296e+03 7.31857925e+03
 7.10528732e+03 8.01844338e+03 1.12678126e+04 2.21623643e+04
 2.03587144e+05 7.81714913e+04 2.07559707e+04 1.57769372e+04
 1.62501787e+04 1.12996167e+04 2.51432297e+03 2.72203651e+03
 2.60927773e+03 3.56278180e+03 3.05437818e+03 3.44013190e+03
 3.47376171e+03 3.88523235e+03 3.32935134e+03 3.08998622e+03
 2.08307009e+03 2.76951389e+03 7.12556360e+03 5.76454535e+03
 5.66761236e+03 6.60331241e+03 9.23039416e+03 1.66487349e+04
 4.48819509e+04 4.33151973e+04 1.74479375e+04 1.27635026e+04
 1.27001994e+04 8.09896321e+03 2.68521775e+03 3.38327246e+03
 5.30419673e+03 1.34362793e+04 1.03892960e+04 9.93836285e+03
 1.10211119e+04 1.41598105e+04 5.55386593e+03 4.01508840e+03
 7.39071793e+03 8.84797082e+03 8.25946484e+03 5.57679474e+03
 5.03924166e+03 5.71691521e+03 7.25824039e+03 1.23407920e+04
 2.34383333e+04 7.02334753e+04 1.39305224e+04 1.02287944e+04
 9.85938586e+03 6.15881975e+03 5.37449461e+03 7.56687011e+03
 1.63363721e+04 1.72178042e+04 1.71281670e+04 7.29795864e+03
 8.61637184e+03 9.66587357e+03 8.37360453e+03 8.13830699e+03
 5.85629434e+03 1.12718727e+04 2.05343790e+04 1.24969138e+04
 6.28207084e+03 4.29337620e+03 4.45888050e+03 9.08326530e+03
 6.49360981e+03 1.17410696e+04 8.37257037e+03 9.24876960e+03
 9.00538092e+03 2.74542424e+03 7.10694927e+03 1.75337200e+04
 4.62438480e+03]
