[1.76429943e+03 5.13395703e+03 2.32889888e+03 2.02659613e+03
 2.38987841e+03 1.74375493e+03 8.01815882e+03 8.39441547e+03
 8.70580028e+03 1.03063573e+04 2.69578127e+03 1.93159062e+03
 1.87437849e+03 2.15907697e+03 1.89753578e+03 1.83078829e+03
 2.23672201e+03 1.95066133e+03 6.74013428e+03 5.88467665e+03
 5.78659871e+03 6.62298562e+03 8.42108127e+03 1.10501150e+04
 1.47498331e+04 1.50142560e+04 2.85471922e+03 1.99726860e+03
 1.62619945e+01 2.05788149e+03 2.08301366e+03 2.09188384e+03
 1.89378318e+03 2.14362655e+03 2.15249673e+03 3.27161762e+03
 5.72274371e+03 4.78102639e+03 4.31977709e+03 4.59327427e+03
 5.53055650e+03 7.47164730e+03 1.04224601e+04 1.48486794e+04
 1.81720397e+04 1.81031523e+04 2.61449245e+03 2.45285716e+03
 1.99627913e+03 2.39953418e+03 2.00960988e+03 1.98628107e+03
 2.08959435e+03 1.86630436e+03 2.29455456e+03 2.51951089e+03
 2.15791442e+03 3.53764657e+03 3.57930515e+03 4.36748547e+03
 3.68428477e+03 3.48765628e+03 3.92923722e+03 4.75074441e+03
 6.49040669e+03 9.89474580e+03 1.75565917e+04 2.29555436e+04
 2.21423682e+04 1.74083730e+04 2.44904157e+03 2.19582887e+03
 1.97228954e+03 2.73588408e+03 2.27297962e+03 2.42134643e+03
 2.35804326e+03 2.80314371e+03 3.12163780e+03 3.42430611e+03
 2.99107500e+03 3.45595769e+03 5.57067937e+03 4.20174822e+03
 3.31352555e+03 3.11965958e+03 3.40650209e+03 4.37978840e+03
 6.50835765e+03 1.15211778e+04 3.22846191e+04 4.84585802e+04
 2.41343354e+04 1.52145355e+04 2.33619040e+03 2.66483659e+03
 3.86987264e+03 7.20983514e+03 6.14746720e+03 6.51687572e+03
 7.45695669e+03 9.81607589e+03 4.81504891e+03 4.93733586e+03
 1.30948949e+04 1.58922090e+04 1.38795695e+04 6.06594256e+03
 3.76796684e+03 3.11322210e+03 3.01386395e+03 4.06094601e+03
 6.38949347e+03 1.21115040e+04 4.06502224e+04 7.89973738e+04
 2.30001384e+04 6.21857785e+03 3.42115154e+03 5.22509935e+03
 1.10216356e+04 1.23176395e+04 1.27994392e+04 8.83299497e+03
 2.02505280e+04 2.04298023e+04 2.14382204e+04 1.15071702e+04
 3.20826329e+03 3.87680709e+03 7.32783769e+03 2.34401169e+04
 1.58358980e+04 2.95960627e+03 1.87896056e+03 3.21273049e+03
 4.69253363e+03 8.12918170e+03 1.41554853e+04 1.28509220e+04
 1.47201470e+04 3.52426799e+03 3.19325940e+03 5.16957543e+03
 5.24745980e+03]
