[1.93779525e+03 4.22575134e+03 1.56600610e+03 1.69185746e+03
 2.33798094e+03 3.44339701e+03 1.44897731e+04 1.02523448e+04
 7.51475338e+03 4.88891308e+03 1.66460066e+03 1.23959624e+03
 1.33494980e+03 1.26956450e+03 1.45754723e+03 1.85122120e+03
 3.61662419e+03 6.44045167e+03 2.22255519e+04 1.54309299e+04
 9.68519699e+03 7.12427289e+03 6.03179357e+03 6.04813989e+03
 7.22779961e+03 4.09358753e+03 1.54488948e+03 1.22408468e+03
 8.87017883e+00 1.10581563e+03 1.27287066e+03 1.93961244e+03
 1.72524978e+03 2.01057387e+03 4.29168819e+03 1.50556502e+04
 6.29427890e+04 3.15068752e+04 1.39202673e+04 7.18484485e+03
 5.26592950e+03 4.37743325e+03 4.14976533e+03 4.41143560e+03
 5.55125358e+03 3.64429253e+03 1.35307066e+03 1.23142761e+03
 1.45971663e+03 1.29974768e+03 1.20476612e+03 1.47638006e+03
 1.20476612e+03 1.28808328e+03 1.70300273e+03 2.22290180e+03
 3.72427701e+03 9.01824929e+03 6.81734322e+04 6.37742862e+04
 1.64101476e+04 8.14841815e+03 6.42042027e+03 4.03754953e+03
 3.25936726e+03 2.94942743e+03 3.08273488e+03 3.48598993e+03
 4.52745442e+03 2.95942342e+03 1.33530134e+03 1.24034658e+03
 1.27001994e+03 1.34914891e+03 1.28782396e+03 1.33727957e+03
 1.30562798e+03 1.51334152e+03 1.59049226e+03 2.06922252e+03
 3.00492257e+03 5.92082506e+03 2.65319431e+04 2.48939735e+04
 1.12046619e+04 6.26701430e+03 4.46683027e+03 3.58256404e+03
 2.74973165e+03 2.45101980e+03 2.43519400e+03 2.94359762e+03
 3.67751881e+03 3.07500742e+03 1.47508641e+03 1.53877753e+03
 2.04575887e+03 4.60614202e+03 4.28513876e+03 3.99725489e+03
 4.09406539e+03 3.93611141e+03 2.25211811e+03 2.25211811e+03
 3.72720452e+03 5.97932264e+03 1.33241830e+04 2.86151478e+04
 8.04801032e+03 5.03669402e+03 3.34251014e+03 2.74636123e+03
 2.55783550e+03 2.19097463e+03 2.31326159e+03 2.72343242e+03
 3.56670289e+03 6.54724744e+03 5.46413177e+03 4.08596046e+03
 4.98233205e+03 5.52762476e+03 4.95992276e+03 2.52104508e+03
 3.62657003e+03 5.13546219e+03 7.29795864e+03 5.19895518e+03
 3.59669098e+03 2.46502185e+03 2.18490573e+03 4.71715545e+03
 6.34182895e+03 3.51453245e+03 2.42415119e+03 3.60215237e+03
 2.50203556e+03 3.98183870e+03 1.80107618e+03 6.50334536e+03
 4.22522737e+03 1.64530743e+03 2.41441564e+03 3.83580550e+03
 4.06945862e+03]
