[2.18528194e+03 7.20077370e+03 2.75705299e+03 2.36003736e+03
 2.70385809e+03 2.26532448e+03 1.15056687e+04 1.20090741e+04
 1.20298331e+04 1.37472585e+04 3.28697332e+03 2.45739738e+03
 2.46557054e+03 2.55547532e+03 2.29120975e+03 2.10458922e+03
 2.51188513e+03 2.44377544e+03 9.46452162e+03 8.16498886e+03
 8.37476668e+03 1.01728623e+04 1.34639222e+04 1.54363787e+04
 1.87165410e+04 1.74683388e+04 3.25831236e+03 2.53539278e+03
 2.06970839e+01 2.54574132e+03 2.52356588e+03 2.59452731e+03
 2.41564537e+03 2.53539278e+03 2.39051319e+03 3.22431000e+03
 7.43616658e+03 6.31556733e+03 6.10563976e+03 6.95126347e+03
 8.98253443e+03 1.32993548e+04 1.91832401e+04 1.88047791e+04
 2.03600171e+04 1.77498876e+04 2.92276594e+03 2.93776303e+03
 2.43952642e+03 3.04274265e+03 2.58616462e+03 2.52284357e+03
 2.61282611e+03 2.72447110e+03 2.93942937e+03 3.65928962e+03
 2.22456815e+03 3.16105301e+03 4.24917511e+03 5.29563863e+03
 4.81073276e+03 4.92237775e+03 6.02216425e+03 8.07843174e+03
 1.27675214e+04 3.01941384e+04 4.23251168e+04 2.15624807e+04
 2.03760444e+04 1.46388592e+04 2.67258091e+03 2.72203651e+03
 2.46684559e+03 3.45200125e+03 2.89414202e+03 3.05833463e+03
 2.83677352e+03 3.50343508e+03 3.39265452e+03 3.15328939e+03
 2.53014876e+03 3.05833463e+03 5.92082506e+03 4.50639475e+03
 3.99799113e+03 4.29670298e+03 5.29966266e+03 7.52912134e+03
 1.32382764e+04 4.70500846e+04 1.34012821e+05 2.46961510e+04
 1.80888822e+04 1.19331688e+04 2.74636123e+03 3.34251014e+03
 4.87364474e+03 9.99695868e+03 9.58933549e+03 9.73455126e+03
 1.06083935e+04 1.41190482e+04 5.84174981e+03 4.89657354e+03
 1.19025971e+04 1.43789080e+04 1.18669301e+04 5.69653405e+03
 3.97432608e+03 4.05585072e+03 4.57302264e+03 6.68502028e+03
 1.21930286e+04 3.37715811e+04 8.52340086e+04 2.53337811e+04
 1.93926732e+04 7.45108878e+03 4.65366247e+03 7.14856337e+03
 1.55595167e+04 1.62840838e+04 1.61944466e+04 8.53046956e+03
 1.57686701e+04 1.67920276e+04 1.59703537e+04 9.25130171e+03
 4.22788596e+03 6.00942449e+03 1.47751916e+04 6.21484297e+04
 9.76298049e+03 4.60491370e+03 3.21273049e+03 8.22653717e+03
 6.89276724e+03 1.15755653e+04 1.29093352e+04 1.37076501e+04
 1.22083759e+04 3.52426799e+03 4.21549183e+03 9.62261460e+04
 5.88027035e+03]
