[1.81660331e+03 5.61530605e+03 2.44307331e+03 2.10963208e+03
 2.45345281e+03 1.88906784e+03 8.77067211e+03 9.00161584e+03
 9.43755458e+03 1.11863344e+04 2.80475677e+03 2.05146367e+03
 2.03784173e+03 2.25851710e+03 1.98471618e+03 1.90707114e+03
 2.34569750e+03 2.04873928e+03 7.33132633e+03 6.28243720e+03
 6.23612262e+03 7.21417767e+03 9.10217810e+03 1.18401874e+04
 1.54527250e+04 1.59190143e+04 2.94933446e+03 2.09484057e+03
 1.77403577e+01 2.16580200e+03 2.17910727e+03 2.18945581e+03
 2.05935985e+03 2.22641489e+03 2.23528506e+03 3.46232647e+03
 6.12633684e+03 5.05600193e+03 4.63023335e+03 5.01017267e+03
 6.10268303e+03 8.34092482e+03 1.17766408e+04 1.57120434e+04
 1.83139626e+04 1.82897827e+04 2.66781543e+03 2.61282611e+03
 2.09126069e+03 2.57283387e+03 2.15624807e+03 2.13291927e+03
 2.21123740e+03 1.95961958e+03 2.53617432e+03 2.70780767e+03
 2.17124516e+03 3.59096955e+03 3.72594335e+03 4.52912076e+03
 3.87258155e+03 3.75593753e+03 4.31749518e+03 5.30063766e+03
 7.42855790e+03 1.15044333e+04 2.16557960e+04 2.18424264e+04
 2.11825545e+04 1.69335992e+04 2.53014876e+03 2.40354241e+03
 2.14637327e+03 2.92579361e+03 2.32243522e+03 2.54795278e+03
 2.43915045e+03 2.97722744e+03 3.29572153e+03 3.45595769e+03
 2.78336146e+03 3.18494098e+03 5.63398255e+03 4.17207486e+03
 3.40848031e+03 3.32539490e+03 3.77247357e+03 4.95149520e+03
 7.41636256e+03 1.40414354e+04 5.21459902e+04 4.29828556e+04
 2.19662016e+04 1.45980054e+04 2.49923967e+03 2.87119583e+03
 4.15775652e+03 7.94355687e+03 6.65954383e+03 7.19454927e+03
 8.76389854e+03 1.23968402e+04 5.08000398e+03 4.87619238e+03
 1.31764195e+04 1.61877358e+04 1.38744743e+04 5.78060633e+03
 3.74758568e+03 3.27627137e+03 3.30174782e+03 4.59340380e+03
 7.33721738e+03 1.48374840e+04 8.08316782e+04 5.12586159e+04
 2.09518319e+04 6.34182895e+03 3.69006302e+03 6.06544771e+03
 1.26425742e+04 1.37294247e+04 1.39086991e+04 8.53046956e+03
 1.89582590e+04 1.99143887e+04 1.95782493e+04 1.08423613e+04
 3.30163533e+03 4.83667166e+03 8.76576710e+03 3.82153085e+04
 1.55669865e+04 3.27114377e+03 2.19049806e+03 4.85803793e+03
 5.16957543e+03 8.99564538e+03 1.37757989e+04 1.38634188e+04
 1.40191876e+04 3.68003674e+03 3.42691252e+03 7.59372662e+03
 4.94565785e+03]
