[2.13425375e+03 6.80635294e+03 2.71553502e+03 2.33019632e+03
 2.69347860e+03 2.20304752e+03 1.07946734e+04 1.11942839e+04
 1.12565608e+04 1.31152007e+04 3.18889538e+03 2.41244499e+03
 2.40018525e+03 2.54321558e+03 2.27077685e+03 2.12638432e+03
 2.50098758e+03 2.40018525e+03 8.93871486e+03 7.68277230e+03
 7.85713309e+03 9.36099490e+03 1.21943577e+04 1.43193799e+04
 1.77521079e+04 1.72554545e+04 3.19917783e+03 2.48660680e+03
 1.92187208e+01 2.47477989e+03 2.49991207e+03 2.56939513e+03
 2.35651084e+03 4.73667549e+03 2.42599391e+03 3.21248310e+03
 7.14936414e+03 6.01841633e+03 5.73457061e+03 6.44862001e+03
 8.14873762e+03 1.18949098e+04 1.98928544e+04 1.79236747e+04
 1.98869409e+04 1.81231484e+04 2.88277370e+03 2.93609668e+03
 2.41286492e+03 2.96275817e+03 2.49451574e+03 2.48285134e+03
 2.55950312e+03 2.49618208e+03 3.15272130e+03 2.89610445e+03
 2.25122964e+03 3.30935756e+03 4.08920616e+03 5.09567744e+03
 4.59577449e+03 4.61410427e+03 5.55392182e+03 7.31191387e+03
 1.09145478e+04 2.13958464e+04 3.84592006e+04 2.21090413e+04
 2.07493053e+04 1.51848490e+04 2.68840670e+03 2.62708175e+03
 2.44904157e+03 3.30956910e+03 2.78336146e+03 3.01085725e+03
 2.80512193e+03 3.45595769e+03 3.44013190e+03 3.05833463e+03
 2.65675511e+03 3.16911518e+03 5.88917347e+03 4.47474316e+03
 3.85555898e+03 4.00986047e+03 4.91786539e+03 6.76552680e+03
 1.12204877e+04 3.10739459e+04 2.31626316e+05 2.81382612e+04
 1.92916425e+04 1.27535105e+04 2.70559891e+03 3.28136666e+03
 4.87364474e+03 9.31928513e+03 8.72823151e+03 9.58933549e+03
 1.05064877e+04 1.37725685e+04 5.57679474e+03 4.99847934e+03
 1.24172214e+04 1.53622989e+04 1.25242224e+04 5.78060633e+03
 3.91318260e+03 3.86987264e+03 4.24437644e+03 6.06849021e+03
 1.05931076e+04 2.75043746e+04 2.05931235e+05 3.25589021e+04
 1.73851290e+04 7.27181446e+03 4.35113706e+03 7.02531228e+03
 1.50777170e+04 1.59554142e+04 1.59554142e+04 8.77323687e+03
 1.70011810e+04 1.79647805e+04 1.71057577e+04 9.67334333e+03
 4.02246748e+03 5.68075491e+03 1.25828161e+04 9.08024413e+04
 1.04838126e+04 4.60491370e+03 2.82330861e+03 7.83711529e+03
 6.97065161e+03 1.14976809e+04 1.40873364e+04 1.43404606e+04
 1.29969552e+04 3.68003674e+03 4.04998753e+03 1.34642614e+04
 5.63688168e+03]
