[1.89824841e+03 6.01232168e+03 2.50664771e+03 2.19266803e+03
 2.52610926e+03 1.97340123e+03 9.45831356e+03 9.77229325e+03
 1.00421601e+04 1.18837776e+04 2.90419690e+03 2.17133671e+03
 2.12638432e+03 2.34569750e+03 2.06236122e+03 1.97245643e+03
 2.36885479e+03 2.15907697e+03 7.81354289e+03 6.73196112e+03
 6.73196112e+03 7.87075502e+03 9.88952604e+03 1.31315470e+04
 1.63081826e+04 1.65635806e+04 3.00994735e+03 2.23676343e+03
 1.77403577e+01 2.26041724e+03 2.28554941e+03 2.35355412e+03
 2.15397509e+03 2.31068158e+03 2.30624650e+03 3.29527143e+03
 6.44862001e+03 5.33097748e+03 4.95103815e+03 5.43741962e+03
 6.64967739e+03 9.13628419e+03 1.30391629e+04 1.61378120e+04
 1.90767979e+04 1.83964287e+04 2.73446916e+03 2.70780767e+03
 2.19790665e+03 2.69447692e+03 2.25122964e+03 2.26622672e+03
 2.31788336e+03 2.09292703e+03 2.85777855e+03 2.82778438e+03
 2.15791442e+03 3.44266501e+03 3.96756311e+03 4.67909165e+03
 4.11253497e+03 4.01088803e+03 4.70575314e+03 5.85053091e+03
 8.28839098e+03 1.35940277e+04 3.00341695e+04 2.24823022e+04
 2.12358775e+04 1.64271738e+04 2.59345194e+03 2.46684559e+03
 2.25913205e+03 3.02272659e+03 2.41936821e+03 2.66071156e+03
 2.54993101e+03 3.27989574e+03 3.18494098e+03 3.13746360e+03
 2.68840670e+03 3.10383378e+03 5.71311152e+03 4.21955224e+03
 3.53508666e+03 3.51728264e+03 4.13844505e+03 5.49352863e+03
 8.46679962e+03 1.76061955e+04 8.83079287e+04 3.75704342e+04
 2.10720443e+04 1.38999507e+04 2.56293079e+03 3.03424510e+03
 4.71059546e+03 8.41741883e+03 7.09009582e+03 8.15501140e+03
 9.50016792e+03 1.29929891e+04 5.22776738e+03 4.91695470e+03
 1.29878938e+04 1.60603536e+04 1.36502815e+04 5.67615289e+03
 3.74758568e+03 3.43932065e+03 3.58963170e+03 5.04433695e+03
 8.21615488e+03 1.86079985e+04 1.26770811e+05 4.01814557e+04
 1.94741978e+04 6.85350773e+03 4.05234653e+03 6.45761028e+03
 1.36360527e+04 1.45697731e+04 1.45996522e+04 8.50432539e+03
 1.84428453e+04 1.91151240e+04 1.85548918e+04 1.03904406e+04
 3.60042586e+03 4.65739735e+03 9.84888276e+03 5.50372152e+04
 1.31878669e+04 3.43664807e+03 2.26838244e+03 5.95815473e+03
 5.63688168e+03 9.85237351e+03 1.39218321e+04 1.38634188e+04
 1.34642614e+04 3.83580550e+03 3.66056565e+03 8.92749655e+03
 4.15707855e+03]
