[2.11384248e+03 6.75186060e+03 2.69477603e+03 2.33927838e+03
 2.68309910e+03 2.17190904e+03 1.06701194e+04 1.10489710e+04
 1.10697299e+04 1.29844301e+04 3.15620273e+03 2.35931944e+03
 2.37839015e+03 2.53231803e+03 2.25851710e+03 2.11548677e+03
 2.49009003e+03 2.39882305e+03 8.89240027e+03 7.56289925e+03
 7.73726004e+03 9.18663411e+03 1.18674312e+04 1.41450191e+04
 1.74905667e+04 1.71608393e+04 3.17552402e+03 2.45112608e+03
 1.92187208e+01 2.46295299e+03 2.48808516e+03 2.55756823e+03
 2.34468394e+03 4.70415150e+03 2.40234010e+03 3.24796381e+03
 7.11388342e+03 5.91345255e+03 5.62812847e+03 6.33035096e+03
 7.94768023e+03 1.15874103e+04 1.97036239e+04 1.78763671e+04
 1.97391046e+04 1.80231678e+04 2.88277370e+03 2.93443034e+03
 2.38620343e+03 2.94942743e+03 2.51951089e+03 2.45618985e+03
 2.54617238e+03 2.45618985e+03 3.26103360e+03 2.86944296e+03
 2.26456038e+03 3.34934979e+03 4.20918287e+03 5.05568521e+03
 4.54245151e+03 4.53411979e+03 5.44560951e+03 7.09862195e+03
 1.04613025e+04 2.03293868e+04 3.84592006e+04 2.23223332e+04
 2.07493053e+04 1.53114554e+04 2.64092932e+03 2.59543016e+03
 2.43321578e+03 3.30956910e+03 2.76753567e+03 2.97920566e+03
 2.80512193e+03 3.47178349e+03 3.42430611e+03 3.05833463e+03
 2.67258091e+03 3.18494098e+03 5.88917347e+03 4.44309157e+03
 3.85358076e+03 3.96238309e+03 4.80708483e+03 6.55979148e+03
 1.08208864e+04 2.92302409e+04 2.01937127e+05 2.87792058e+04
 1.93549457e+04 1.27127482e+04 2.68521775e+03 3.24060434e+03
 4.77173894e+03 9.25814165e+03 8.60594455e+03 9.50781086e+03
 1.04861065e+04 1.37929496e+04 5.55386593e+03 4.96026467e+03
 1.24376025e+04 1.54438235e+04 1.25649848e+04 5.73984401e+03
 3.89280144e+03 3.80872916e+03 4.16285181e+03 5.92582209e+03
 1.02466279e+04 2.68012246e+04 1.99409264e+05 3.36289130e+04
 1.74258913e+04 7.21205636e+03 4.32125800e+03 6.99543323e+03
 1.49283217e+04 1.57761399e+04 1.58657770e+04 8.77323687e+03
 1.71804553e+04 1.81440548e+04 1.71132275e+04 9.73310144e+03
 4.01873260e+03 5.53135964e+03 1.25790812e+04 1.05801726e+05
 1.05771847e+04 4.52702933e+03 2.89145744e+03 7.68134654e+03
 6.81488286e+03 1.13419122e+04 1.43988739e+04 1.42625763e+04
 1.31527239e+04 3.68003674e+03 3.97210315e+03 1.26854177e+04
 5.32534418e+03]
