[3.29131780e+03 9.22736983e+03 3.14368913e+03 2.78948891e+03
 3.42393546e+03 4.77845938e+03 3.16159376e+04 2.67790935e+04
 2.15166903e+04 1.22597430e+04 3.82231544e+03 2.68760811e+03
 2.59634113e+03 2.65219107e+03 2.43424009e+03 2.31164266e+03
 3.30059526e+03 5.15726523e+03 3.15702005e+04 3.73567992e+04
 3.85446321e+04 2.65246351e+04 2.02639930e+04 1.56979198e+04
 1.51203497e+04 1.01859220e+04 2.97298827e+03 2.74975544e+03
 1.77403577e+01 2.15249673e+03 2.19093417e+03 2.61670275e+03
 2.22493652e+03 2.51173897e+03 2.81776014e+03 4.44839468e+03
 2.12233812e+04 3.48420624e+04 1.04549841e+05 2.57353455e+05
 2.53687114e+04 1.87515580e+04 1.61555524e+04 1.23768562e+04
 1.15814968e+04 7.96178771e+03 2.23956523e+03 2.27789113e+03
 2.33121411e+03 2.57283387e+03 2.21123740e+03 2.22623449e+03
 2.03627137e+03 1.81131504e+03 2.32121605e+03 2.73446916e+03
 2.22290180e+03 2.93276400e+03 8.97825705e+03 1.78565335e+04
 2.13425234e+04 6.53739756e+04 5.30030439e+04 1.51303961e+04
 9.44150046e+03 9.00825123e+03 1.01313665e+04 8.68831334e+03
 8.86827840e+03 5.75861067e+03 1.94063795e+03 1.98811533e+03
 2.13054747e+03 2.67060268e+03 2.19582887e+03 2.26111027e+03
 2.07120075e+03 2.48464961e+03 2.37189083e+03 2.40354241e+03
 2.08307009e+03 2.73786231e+03 1.11967490e+04 1.08248429e+04
 1.35310536e+04 3.74754794e+04 1.52758473e+04 1.45478608e+04
 7.71705264e+03 5.89115170e+03 5.57265760e+03 5.82191385e+03
 6.84465577e+03 5.00357463e+03 1.98716304e+03 2.56293079e+03
 3.95139728e+03 8.53970579e+03 7.02895235e+03 6.45573224e+03
 6.77928314e+03 7.33466974e+03 3.25843786e+03 2.54000199e+03
 4.13737536e+03 5.13859981e+03 6.86845072e+03 7.97158097e+03
 9.63009781e+03 2.20626050e+04 9.20464111e+03 7.70662590e+03
 8.97535307e+03 4.95771702e+03 4.52716503e+03 4.65199963e+03
 5.67870054e+03 6.40158705e+03 6.36423824e+03 6.51736838e+03
 1.09544077e+04 1.12942819e+04 1.10291053e+04 4.14571857e+03
 4.62378341e+03 4.74329962e+03 5.67702002e+03 7.60048404e+03
 9.69948750e+03 6.37170800e+03 5.52388988e+03 5.40810855e+03
 5.67702002e+03 4.05972308e+03 4.31284730e+03 7.36007349e+03
 4.38099612e+03 7.81764420e+03 3.91368987e+03 5.71476606e+03
 3.51453245e+03 5.24745980e+03 4.77041800e+03 5.79265043e+03
 4.70226917e+03]
