[5.74067059e+02 1.39863677e+03 6.26661928e+02 5.42328542e+02
 6.25364491e+02 5.63087529e+02 2.64158113e+03 2.92442233e+03
 2.50664771e+03 2.02830637e+03 7.20600451e+02 4.83578753e+02
 4.91751915e+02 5.35342112e+02 4.82216559e+02 4.60421460e+02
 5.69396954e+02 7.54655293e+02 2.90283471e+03 3.43000366e+03
 4.60966338e+03 5.32481505e+03 3.89314951e+03 3.68200949e+03
 3.37415372e+03 2.26041724e+03 6.65263412e+02 4.74554567e+02
 4.43508941e+00 4.98208377e+02 4.87859836e+02 5.55864540e+02
 4.64206025e+02 4.87859836e+02 5.10035283e+02 8.45623715e+02
 2.27224414e+03 2.84141395e+03 3.67521076e+03 4.67458424e+03
 5.78927005e+03 6.64967739e+03 5.55273195e+03 4.60362281e+03
 4.12611152e+03 2.46618791e+03 5.36562504e+02 5.61557652e+02
 4.79906836e+02 6.13214290e+02 5.19899072e+02 4.56578031e+02
 5.06568327e+02 4.01588706e+02 4.69908777e+02 5.74888397e+02
 5.33229818e+02 7.08195852e+02 1.44638588e+03 2.78612580e+03
 3.00108407e+03 3.60430030e+03 4.88071917e+03 6.06215649e+03
 7.29525044e+03 9.03824541e+03 8.49501753e+03 5.91218560e+03
 5.50893055e+03 3.02272659e+03 5.06425398e+02 5.06425398e+02
 4.74773810e+02 6.33031747e+02 5.38076985e+02 5.24229416e+02
 4.60926241e+02 5.42033433e+02 4.94556052e+02 5.10381846e+02
 5.38076985e+02 7.00291370e+02 2.78138324e+03 3.13746360e+03
 2.80314371e+03 3.21461434e+03 4.42133111e+03 5.60430919e+03
 7.04643463e+03 9.66164704e+03 1.06507591e+04 6.79124371e+03
 9.04444109e+03 2.83043351e+03 4.50933152e+02 5.52838949e+02
 7.94865216e+02 1.40884764e+03 1.12605906e+03 1.16682138e+03
 1.24579837e+03 1.39356177e+03 6.52197101e+02 6.34363586e+02
 1.20503605e+03 1.49037228e+03 2.00499656e+03 3.07500742e+03
 2.63936014e+03 2.84571938e+03 3.62784637e+03 4.59340380e+03
 5.77551104e+03 7.02895235e+03 1.04708206e+04 7.23276394e+03
 9.12056883e+03 1.02335756e+03 7.76855372e+02 1.04950173e+03
 1.70684089e+03 1.77033388e+03 1.77033388e+03 8.40348359e+02
 1.76286411e+03 1.80021293e+03 1.91972914e+03 1.38190619e+03
 2.45755209e+03 3.39500737e+03 4.53041137e+03 4.14571857e+03
 1.26238998e+03 6.23075004e+02 4.67306253e+02 8.56728131e+02
 6.23075004e+02 1.16826563e+03 1.01249688e+03 1.16826563e+03
 1.16826563e+03 5.45190629e+02 8.56728131e+02 1.72319181e+03
 6.23075004e+02]
