[2.58585317e+03 6.07459864e+03 2.47550923e+03 2.49626822e+03
 3.20337122e+03 4.81089529e+03 1.79150060e+04 1.30729722e+04
 9.77229325e+03 7.65280404e+03 2.51869610e+03 2.00787347e+03
 2.15907697e+03 2.42334254e+03 2.35659505e+03 2.37702795e+03
 4.17648579e+03 7.98517929e+03 3.11342985e+04 2.29720340e+04
 1.40305948e+04 1.00420917e+04 8.37476668e+03 8.13229621e+03
 9.55442640e+03 6.97196056e+03 2.14066982e+03 1.83169193e+03
 1.47836314e+01 1.90265336e+03 2.10666747e+03 2.33137867e+03
 2.14214819e+03 2.46295299e+03 3.82748216e+03 8.37344881e+03
 4.21037822e+04 1.53891689e+05 2.73201508e+04 1.13508722e+04
 7.77619011e+03 6.25938953e+03 5.63995537e+03 5.80701041e+03
 7.30015718e+03 5.09401110e+03 1.94462249e+03 1.82297944e+03
 1.74132862e+03 2.11792218e+03 2.00960988e+03 1.87796876e+03
 1.76799011e+03 1.79798429e+03 2.22623449e+03 2.69281058e+03
 3.22937308e+03 5.53392570e+03 1.88430087e+04 7.19593639e+04
 4.25784009e+04 1.58235948e+04 1.18010424e+04 6.17046880e+03
 4.72075023e+03 4.11586765e+03 4.20585019e+03 4.41247674e+03
 5.82886844e+03 4.64289222e+03 1.65379544e+03 1.78238001e+03
 1.84370496e+03 2.13054747e+03 1.97426776e+03 1.99009355e+03
 1.86348721e+03 2.21363289e+03 2.13252570e+03 2.38771662e+03
 2.79918726e+03 4.24922560e+03 1.70522927e+04 2.47040639e+04
 1.87852171e+04 1.01482902e+04 7.09589024e+03 6.41538111e+03
 3.97623066e+03 3.40650209e+03 3.26406995e+03 3.73884376e+03
 4.64684867e+03 4.34628224e+03 1.98716304e+03 2.27759456e+03
 3.19474673e+03 6.86080778e+03 6.06339492e+03 5.59462825e+03
 5.81627336e+03 5.92072680e+03 3.02914981e+03 2.64190779e+03
 3.99215960e+03 5.58953296e+03 9.61226430e+03 1.42209540e+04
 1.33190877e+04 7.49771901e+03 5.35005434e+03 4.18323297e+03
 3.77051449e+03 3.01131630e+03 3.05207862e+03 3.43932065e+03
 4.40742572e+03 7.69385608e+03 6.78627986e+03 5.85629434e+03
 7.71253049e+03 8.79938104e+03 7.48470272e+03 3.57428169e+03
 4.46691839e+03 5.34088068e+03 7.71626537e+03 1.20748722e+04
 6.03556866e+03 3.69753278e+03 3.05886803e+03 5.61726192e+03
 6.87965190e+03 4.83856683e+03 3.99157425e+03 6.42546098e+03
 3.83580550e+03 6.57149419e+03 3.20299494e+03 6.50334536e+03
 3.28087932e+03 3.29061487e+03 3.73845003e+03 4.69253363e+03
 5.48111293e+03]
