[3.21222412e+03 9.58027261e+03 3.28900204e+03 2.83100689e+03
 3.39279698e+03 4.14141796e+03 2.20149060e+04 2.06344333e+04
 1.64566871e+04 1.35511026e+04 3.49538896e+03 2.77478850e+03
 3.10171499e+03 2.98184194e+03 3.26790261e+03 2.54321558e+03
 3.15756493e+03 4.05388836e+03 1.96864229e+04 1.90707114e+04
 2.44649983e+04 2.91182519e+04 1.99588616e+04 1.62264510e+04
 1.77521079e+04 1.32283934e+04 3.50815573e+03 2.69949109e+03
 2.21754471e+01 2.73645017e+03 2.72610163e+03 3.15334857e+03
 2.58270040e+03 2.66696710e+03 2.74827707e+03 3.85409270e+03
 1.55109860e+04 1.45175260e+04 1.92305477e+04 6.60650919e+04
 1.45281702e+05 2.43161169e+04 1.40444498e+04 1.19717847e+04
 1.38433924e+04 9.92140729e+03 2.74946625e+03 2.85611221e+03
 2.41286492e+03 3.15105495e+03 2.80112289e+03 2.77779408e+03
 2.78779214e+03 2.22623449e+03 2.76279699e+03 3.24270383e+03
 2.34454485e+03 2.73280282e+03 7.04863165e+03 1.12344857e+04
 1.21709706e+04 1.93629078e+04 6.38542707e+04 1.10485218e+05
 2.06559901e+04 1.16377408e+04 9.59480403e+03 8.90827064e+03
 1.06912578e+04 7.14534585e+03 2.27495784e+03 2.78731791e+03
 2.51234475e+03 3.27791752e+03 3.08800799e+03 3.10581201e+03
 2.73984053e+03 3.23241836e+03 2.81896950e+03 2.92975005e+03
 2.05141851e+03 2.69038493e+03 9.42030369e+03 8.29271589e+03
 9.18687323e+03 1.25696366e+04 2.05577060e+04 2.55982213e+04
 2.01224967e+04 9.64186480e+03 7.49746975e+03 7.35108116e+03
 7.91091861e+03 5.78060633e+03 2.27504692e+03 3.30174782e+03
 5.16152862e+03 1.16325467e+04 9.54857318e+03 9.05687771e+03
 9.17152173e+03 1.10262072e+04 4.40742572e+03 3.17691322e+03
 5.18190978e+03 6.14491956e+03 7.11302463e+03 6.70285380e+03
 7.51810017e+03 9.42373857e+03 1.26261282e+04 1.35687569e+04
 2.27351833e+04 7.94865216e+03 6.47356575e+03 5.69398641e+03
 6.47611340e+03 6.40158705e+03 6.99543323e+03 7.92915362e+03
 1.46257963e+04 1.55595167e+04 1.50216938e+04 5.58738287e+03
 5.97581055e+03 5.88617339e+03 6.27460108e+03 7.69012120e+03
 1.52308471e+04 1.74344273e+04 1.20039094e+04 6.40158705e+03
 5.71063396e+03 4.21549183e+03 5.87053481e+03 9.00538092e+03
 5.32534418e+03 1.02417954e+04 4.92618675e+03 6.50334536e+03
 4.14734300e+03 3.83580550e+03 9.62845593e+03 7.51584224e+03
 4.30311175e+03]
