[2.48252110e+03 8.43593344e+03 3.00745828e+03 2.48588872e+03
 2.85955049e+03 2.58968366e+03 1.42199063e+04 1.46610347e+04
 1.42199063e+04 1.51966326e+04 3.48449141e+03 2.62222281e+03
 2.68488372e+03 2.71893856e+03 2.51052293e+03 2.21356471e+03
 2.62086062e+03 2.71757637e+03 1.14587731e+04 1.01483428e+04
 1.07422593e+04 1.34639222e+04 1.60302951e+04 1.79373662e+04
 2.06018171e+04 1.76102617e+04 3.35440596e+03 2.71279636e+03
 2.21754471e+01 2.66401037e+03 2.67879401e+03 3.03360116e+03
 2.88132976e+03 2.58417877e+03 2.43782081e+03 3.02325262e+03
 8.77852031e+03 7.66087778e+03 7.67861814e+03 9.28116378e+03
 1.33703162e+04 2.64686136e+04 2.64094791e+04 1.99933831e+04
 2.02654019e+04 1.58302602e+04 2.90943519e+03 2.97608892e+03
 2.50618014e+03 3.16438570e+03 2.71947207e+03 2.69614327e+03
 2.76113065e+03 2.42952836e+03 3.04607533e+03 3.06940414e+03
 2.19790665e+03 2.85277952e+03 4.36915182e+03 6.18213320e+03
 5.86886068e+03 6.28877916e+03 8.23173531e+03 1.23942606e+04
 2.83278341e+04 1.35706989e+05 3.29935950e+04 1.82964481e+04
 1.83897633e+04 1.22570772e+04 2.54597456e+03 2.67455913e+03
 2.56180035e+03 3.48563106e+03 2.95942342e+03 3.27989574e+03
 3.32935134e+03 3.61421563e+03 3.72697441e+03 3.04250883e+03
 2.35408681e+03 2.88227267e+03 6.31844813e+03 5.07810155e+03
 4.71410829e+03 5.26801107e+03 7.17501921e+03 1.09989266e+04
 2.50205798e+04 2.39349304e+05 3.08919493e+04 1.73767215e+04
 1.63005675e+04 1.02721043e+04 2.52216847e+03 3.32212898e+03
 5.03669402e+03 1.25140319e+04 1.05319641e+04 1.00198875e+04
 1.08325862e+04 1.42871927e+04 5.69908170e+03 4.32335344e+03
 8.76899383e+03 1.05319641e+04 9.55112082e+03 5.57679474e+03
 4.40233043e+03 4.93478822e+03 5.86467862e+03 9.22502227e+03
 1.88882395e+04 4.31265333e+04 2.41109116e+04 1.40171424e+04
 1.24630790e+04 6.39785217e+03 4.83293678e+03 7.20832148e+03
 1.62467349e+04 1.68816648e+04 1.70684089e+04 7.96276756e+03
 1.24632999e+04 1.37256899e+04 1.27919695e+04 8.47071146e+03
 4.94871811e+03 7.84325135e+03 2.67940406e+04 1.93466867e+04
 7.60048404e+03 4.29337620e+03 3.52426799e+03 8.61595905e+03
 6.50334536e+03 1.22083759e+04 1.05630684e+04 1.15950364e+04
 1.02515309e+04 2.97907736e+03 5.69529496e+03 2.02694087e+04
 4.85803793e+03]
