[2.22610448e+03 5.38695719e+03 1.98378072e+03 2.13039107e+03
 2.86992999e+03 4.17385387e+03 1.60778356e+04 1.16924996e+04
 8.70839515e+03 6.48949064e+03 2.19040742e+03 2.17133671e+03
 1.78447371e+03 1.79673345e+03 2.16997452e+03 2.42061815e+03
 4.15332850e+03 1.02110037e+04 2.60451430e+04 1.87165410e+04
 1.17475582e+04 8.70441755e+03 7.36946775e+03 7.27683858e+03
 8.65265419e+03 5.97258708e+03 1.90265336e+03 1.56854329e+03
 1.33052682e+01 1.52123567e+03 2.04753295e+03 2.10518911e+03
 1.98692006e+03 2.35503248e+03 4.10097934e+03 9.91981666e+03
 6.17364446e+04 7.55266160e+04 1.71371855e+04 9.18359181e+03
 6.63489376e+03 5.48324888e+03 5.00721595e+03 5.23340551e+03
 6.63193704e+03 4.86405574e+03 1.64801341e+03 1.63301632e+03
 1.59469042e+03 1.74132862e+03 1.67467490e+03 1.67634124e+03
 1.51303961e+03 1.58302602e+03 1.99794547e+03 2.47785231e+03
 3.41600352e+03 6.49707206e+03 2.67548061e+04 2.22036896e+05
 2.61149303e+04 1.16344081e+04 9.08823570e+03 5.17732826e+03
 4.06254467e+03 3.60430030e+03 3.72261066e+03 3.96922945e+03
 5.29230594e+03 3.97623066e+03 1.47773348e+03 1.60829628e+03
 1.59049226e+03 1.76457599e+03 1.78040179e+03 1.68742525e+03
 1.60829628e+03 1.97426776e+03 1.84766141e+03 2.27495784e+03
 2.84666464e+03 4.82291062e+03 2.02016256e+04 3.83142465e+04
 1.46428156e+04 8.39953999e+03 5.91686861e+03 5.09392734e+03
 3.37287228e+03 2.97722744e+03 2.86644688e+03 3.37287228e+03
 4.24922560e+03 3.95649257e+03 1.70182681e+03 2.03047300e+03
 2.74126594e+03 5.95894148e+03 5.38826901e+03 4.98064583e+03
 5.16152862e+03 5.10293278e+03 2.70050362e+03 2.45847735e+03
 3.91063496e+03 5.81372572e+03 1.07408710e+04 1.71711268e+04
 1.02440802e+04 6.18822952e+03 4.32590108e+03 3.52594058e+03
 3.21512789e+03 2.58076431e+03 2.70305126e+03 3.23805670e+03
 4.01763605e+03 7.33157257e+03 6.21484297e+03 5.13546219e+03
 6.51363350e+03 7.39133068e+03 6.49122421e+03 3.09248196e+03
 4.34740218e+03 5.31473651e+03 7.83951647e+03 7.39133068e+03
 4.59390436e+03 3.27549116e+03 2.66670546e+03 5.34835044e+03
 6.73025663e+03 4.13760745e+03 2.97907736e+03 5.09169105e+03
 3.05696174e+03 5.39349301e+03 2.42415119e+03 6.65911411e+03
 3.35876370e+03 2.57991994e+03 3.19325940e+03 4.45888050e+03
 4.69253363e+03]
