[2.70576940e+03 6.43009630e+03 2.51702720e+03 2.73629401e+03
 3.33960207e+03 5.59195219e+03 1.94148428e+04 1.40745934e+04
 1.05014527e+04 8.57092257e+03 2.60723868e+03 2.11684896e+03
 2.59634113e+03 2.82791406e+03 2.40154744e+03 2.44241325e+03
 4.18738334e+03 7.47027008e+03 3.15593029e+04 2.74945170e+04
 1.63953630e+04 1.13062075e+04 9.09945371e+03 8.72621265e+03
 1.02110037e+04 7.54260873e+03 2.29589795e+03 1.96178788e+03
 1.62619945e+01 2.68914255e+03 2.08301366e+03 2.43782081e+03
 2.28407105e+03 2.55904659e+03 3.66190549e+03 7.38590224e+03
 3.28314886e+04 1.89892788e+05 4.75559854e+04 1.39439211e+04
 8.73121269e+03 6.90099913e+03 6.14999065e+03 6.21208191e+03
 7.77619011e+03 5.88552411e+03 1.97128398e+03 1.94462249e+03
 1.83631018e+03 2.53284163e+03 2.08959435e+03 1.99794547e+03
 1.88796682e+03 1.83797653e+03 2.30788530e+03 2.84111512e+03
 3.04107630e+03 4.91571238e+03 1.56569605e+04 4.99236417e+04
 5.89485563e+04 2.09692626e+04 1.47504698e+04 6.94865106e+03
 5.16399751e+03 4.45080263e+03 4.52912076e+03 4.69408874e+03
 6.20546200e+03 4.99501613e+03 1.70127282e+03 1.86348721e+03
 1.95646374e+03 2.36793438e+03 2.13252570e+03 2.10285233e+03
 1.94459440e+03 2.35606503e+03 2.30858765e+03 2.54795278e+03
 2.81501305e+03 3.88523235e+03 1.56517099e+04 1.95765068e+04
 3.04567399e+04 1.20276032e+04 8.30062878e+03 7.62407610e+03
 4.38770130e+03 3.70917039e+03 3.55091246e+03 3.99205646e+03
 4.90203959e+03 4.45073568e+03 1.96678188e+03 2.44064384e+03
 3.50046413e+03 7.51555253e+03 6.45318459e+03 5.94365561e+03
 6.24682535e+03 6.35127880e+03 3.15398442e+03 2.68267011e+03
 4.07623188e+03 5.52838949e+03 8.95751955e+03 1.27280340e+04
 2.90941050e+04 8.58556339e+03 5.94365561e+03 4.67492844e+03
 4.25966231e+03 3.27627137e+03 3.21512789e+03 3.52594058e+03
 4.52971268e+03 7.74987931e+03 6.78627986e+03 6.15881975e+03
 8.97118559e+03 9.67334333e+03 8.98239023e+03 3.75729088e+03
 4.64992759e+03 5.28485746e+03 7.50711200e+03 1.55072284e+04
 6.45387540e+03 4.17559762e+03 3.32777950e+03 5.58738287e+03
 6.81989379e+03 4.83856683e+03 4.22522737e+03 7.20430474e+03
 4.30311175e+03 7.35033794e+03 3.52426799e+03 7.83711529e+03
 3.51453245e+03 3.36849924e+03 3.97210315e+03 4.92618675e+03
 5.55899731e+03]
