[2.99535434e+03 9.74634451e+03 3.25786356e+03 2.71553502e+03
 3.10087372e+03 3.33960207e+03 1.88335912e+04 1.86727090e+04
 1.62075793e+04 1.48043208e+04 3.56077425e+03 2.73119831e+03
 2.96958220e+03 3.22158803e+03 2.91645665e+03 2.40018525e+03
 2.84017380e+03 3.37415372e+03 1.59758074e+04 1.46245112e+04
 1.62863875e+04 2.14409284e+04 2.18441377e+04 1.86838484e+04
 1.93758428e+04 1.47540641e+04 3.34257905e+03 2.65218347e+03
 2.21754471e+01 3.21100474e+03 2.79706306e+03 3.06908187e+03
 2.73792853e+03 2.63148639e+03 2.65218347e+03 3.30857670e+03
 1.22290199e+04 1.10374592e+04 1.21876257e+04 2.07976126e+04
 5.01933853e+04 6.56629771e+04 2.13712175e+04 1.54755053e+04
 1.65576671e+04 1.32174341e+04 2.88277370e+03 2.85611221e+03
 2.47951865e+03 3.17605010e+03 3.00275041e+03 2.87110930e+03
 2.78779214e+03 2.33454680e+03 2.83111706e+03 3.12272712e+03
 2.18290957e+03 2.49118305e+03 5.68223024e+03 8.64498842e+03
 8.63499036e+03 1.05912773e+04 1.85630630e+04 8.06243484e+04
 1.11658324e+05 2.44085949e+04 1.43172206e+04 1.19076884e+04
 1.35607008e+04 8.81496708e+03 2.80116548e+03 2.61125596e+03
 2.54597456e+03 3.43617545e+03 3.00690080e+03 3.48760928e+03
 3.31352555e+03 3.53508666e+03 3.05833463e+03 2.94557585e+03
 2.01976692e+03 2.56377858e+03 7.84168077e+03 6.59144307e+03
 6.74970100e+03 8.29271589e+03 1.29138476e+04 2.47752800e+04
 1.23726055e+05 1.80888822e+04 1.12086184e+04 9.61021321e+03
 9.99794516e+03 6.88883187e+03 2.52216847e+03 3.30174782e+03
 5.38572137e+03 1.29216551e+04 1.00402686e+04 9.67340778e+03
 1.01574603e+04 1.30337514e+04 5.14369510e+03 3.54377409e+03
 6.04046612e+03 7.20983514e+03 7.25569274e+03 5.76022517e+03
 5.69653405e+03 6.76144963e+03 9.36769039e+03 1.56221587e+04
 2.02843489e+04 1.46285772e+04 9.13840234e+03 7.72445941e+03
 8.01489093e+03 5.80027112e+03 6.03183377e+03 7.80963741e+03
 1.57387910e+04 1.66426324e+04 1.65604650e+04 6.42773122e+03
 7.38759579e+03 7.77228860e+03 7.32783769e+03 7.74987931e+03
 7.17470754e+03 1.30085926e+04 1.29675089e+04 8.77323687e+03
 5.58738287e+03 3.82606995e+03 5.63688168e+03 8.77172780e+03
 5.71476606e+03 1.08746059e+04 5.94841918e+03 7.82737974e+03
 7.20430474e+03 2.66753986e+03 7.10694927e+03 1.26075333e+04
 4.06945862e+03]
