[1.63162615e+03 4.66428495e+03 2.20304752e+03 1.90204221e+03
 2.27570398e+03 1.60752407e+03 7.40317383e+03 7.70677402e+03
 7.95588186e+03 9.42910458e+03 2.53095584e+03 1.78856029e+03
 1.72181280e+03 2.01740882e+03 1.76540300e+03 1.75314325e+03
 2.09505386e+03 1.85122120e+03 6.30150792e+03 5.53459288e+03
 5.41471984e+03 6.14076906e+03 7.69639423e+03 1.01265477e+04
 1.39379656e+04 1.41804592e+04 2.66401037e+03 1.80803812e+03
 1.47836314e+01 1.90265336e+03 1.91743699e+03 1.91448026e+03
 1.77403577e+03 2.04753295e+03 2.06970839e+03 3.37953813e+03
 5.55568867e+03 4.62579826e+03 4.11724134e+03 4.28429637e+03
 5.06635047e+03 6.84186460e+03 9.42308664e+03 1.29268073e+04
 1.71726662e+04 1.77298914e+04 2.46618791e+03 2.22456815e+03
 1.80964869e+03 2.19790665e+03 1.84797459e+03 1.85130727e+03
 1.92962540e+03 1.73133056e+03 2.14625002e+03 2.35954194e+03
 2.11792218e+03 3.49765433e+03 3.92757088e+03 4.32749324e+03
 3.57763881e+03 3.31269024e+03 3.63429448e+03 4.29416637e+03
 5.78054449e+03 8.66165185e+03 1.43438821e+04 2.00161143e+04
 2.13425234e+04 1.73846344e+04 2.24330625e+03 1.97228954e+03
 1.78040179e+03 2.51234475e+03 2.03757094e+03 2.24528448e+03
 2.16813373e+03 2.59543016e+03 2.69038493e+03 3.26406995e+03
 2.91194604e+03 3.58256404e+03 5.72695909e+03 4.23537803e+03
 3.26604817e+03 3.00690080e+03 3.15131117e+03 3.90303637e+03
 5.69728572e+03 9.57064873e+03 2.15230794e+04 4.11312378e+04
 2.49572766e+04 1.56221587e+04 2.09161648e+03 2.37950036e+03
 3.33741485e+03 6.40987463e+03 5.49272246e+03 5.90289329e+03
 6.51178043e+03 8.48365760e+03 4.60868967e+03 4.81504891e+03
 1.24172214e+04 1.53877753e+04 1.37114250e+04 6.19077717e+03
 3.76796684e+03 3.06991213e+03 2.76929003e+03 3.56925054e+03
 5.49017481e+03 9.75238477e+03 2.54560681e+04 8.71090752e+04
 2.51809224e+04 5.52762476e+03 3.11862613e+03 4.44450910e+03
 9.69948750e+03 1.07228451e+04 1.15370492e+04 7.66024215e+03
 2.07883510e+04 2.07883510e+04 2.28798846e+04 1.19254769e+04
 3.08874708e+03 3.42488642e+03 5.94593150e+03 1.78153852e+04
 1.75240644e+04 3.03749065e+03 1.72319181e+03 2.19049806e+03
 3.68003674e+03 6.96091607e+03 1.29872196e+04 1.22959958e+04
 1.47980314e+04 3.52426799e+03 2.95960627e+03 4.30311175e+03
 6.18207231e+03]
