[ 438.84237384 1396.04189233  373.66177044  552.70803544  374.95920714
  197.21037884  290.62582145  490.4310737   800.5184457   930.37827632
  623.88470067  119.87304292   87.18039485   76.2828455    65.38529614
   98.07794421   65.38529614  392.31177684   98.07794421  228.84853649
 1225.97430262 1300.89495445 2111.40018784  591.1920526   907.22098394
  366.63405821  662.3066858    70.96143062   94.61524083  189.23048166
  201.05738676  177.40357655   82.78833573   70.96143062  795.35936822
  903.27987729  390.28786842  780.57573684  972.76294477  570.64817125
  925.45532436 1732.64159768 1544.88947916 1732.64159768  153.74976635
 1138.11239195  253.28416336   93.31521808  173.29969072  173.29969072
  146.63819984  159.96894528  146.63819984  173.29969072  186.63043616
   79.98447264  533.2298176   399.9223632   533.2298176  1323.07648493
  666.53727201   66.6537272    93.31521808   79.98447264  563.22399484
  186.63043616 1016.46933981 1299.74768041  508.2346699   411.4706356
   79.12896838  158.25793677  142.43214309   79.12896838   47.47738103
   47.47738103   47.47738103   79.12896838  126.60634942  174.08373045
   94.95476206  524.22941555 2015.8104696   890.20089433   79.12896838
   47.47738103   47.47738103   63.30317471  110.78055574   79.12896838
   79.12896838 1016.80724374  271.01671672  652.19710059   81.52463757
  142.66811575   61.14347818  101.90579697  122.28695636  122.28695636
  101.90579697  142.66811575   40.76231879  142.66811575  101.90579697
  346.47970969 1266.17952731   81.52463757   81.52463757   40.76231879
   40.76231879   61.14347818  122.28695636   40.76231879   40.76231879
   81.52463757 1880.16195403  119.51621102   89.63715827   89.63715827
   89.63715827   59.75810551   59.75810551  119.51621102   89.63715827
   89.63715827   59.75810551   29.87905276    0.           29.87905276
   59.75810551   29.87905276   59.75810551   77.88437555    0.
   77.88437555    0.            0.            0.            0.
    0.            0.            0.            0.           77.88437555]
