[ 215.5940732   781.05689515  342.52328957  250.40528366  343.82072627
  228.34885971  352.90278319  542.32854182  769.37996483  711.06509552
  284.69847694  272.43873392  261.54118456  228.84853649  197.51808209
  196.15588842  130.77059228  305.13138199  174.36078971  326.9264807
 2738.00927585 4356.2953553  2165.88793463 1512.03497323  698.80535249
  354.80715311  295.67262759  226.18956011  356.28551625  898.84478787
  756.92192663  582.47507635  260.19191228  201.05738676  379.93932645
  545.5159979   319.3264378   520.38382456 2043.09785665 1058.50800677
 2244.15524341 2791.14960445 3018.8175277  4038.88809289  260.19191228
  683.20070381  266.6149088   321.60423374  829.83890365  948.14926943
  829.83890365  853.16770817  654.87286975  679.86801745  653.20652657
  226.62267248  439.91459952  319.93789056  399.9223632  5658.90143933
  826.50621729  161.63528846  293.27639968  293.27639968 5250.64736022
  829.83890365 2732.80281522 4084.20713421  388.25796094  363.99325457
  205.7353178   775.46389017  870.41865223  601.38015972  363.99325457
  379.81904825  332.34166722  381.79727246  569.72857237  650.83576496
  411.4706356   348.16746089  872.39687644 2894.14201867  269.03849251
  174.08373045  221.56111148  237.38690515  569.72857237  284.86428619
  237.38690515 3018.77014388  555.8810029   550.29130362  346.47970969
  754.10289755  366.86086908  611.4347818   471.31431097  448.38550665
  468.76666605  509.52898483  264.95507211  552.83894854  387.24202847
  387.24202847 2575.66901833  224.19275333  203.81159393  142.66811575
  142.66811575  163.04927515  346.47970969  122.28695636  203.81159393
  224.19275333 2700.50361962  268.9114748   328.66958031  328.66958031
  239.03242204  209.15336929  239.03242204  298.79052755  507.94389684
  179.27431653  179.27431653  119.51621102  119.51621102  119.51621102
  179.27431653  119.51621102  209.15336929  155.76875111   77.88437555
  155.76875111   77.88437555   77.88437555  155.76875111   77.88437555
    0.            0.           77.88437555   77.88437555  155.76875111]
