[ 348.26734901 1083.35964693  810.89793932  271.16427091  302.30275178
  363.28227682  498.21569392  782.35433186  873.17490106 1050.25131924
  535.34211214  196.15588842  163.46324035  152.56569099  185.25833906
  141.66814164  130.77059228  370.51667812  174.36078971  337.82403005
 1883.91384502 2570.45945449 2878.31522381  712.42728919  840.47349413
  425.76858373  366.63405821  261.67027542  545.5159979   342.980248
  366.63405821  308.97789583  153.74976635  130.09595614  712.57103249
  771.70555801  425.76858373  449.42239394 1602.54564154 1164.95015271
 1649.85326195 1590.71873644 1510.88712699 1839.08374361  354.80715311
  963.14635805  199.9611816   306.60714512  989.80784893  653.20652657
  294.94274286  386.59161776  321.60423374  373.26087232  359.93012688
  146.63819984  626.54503569  519.89907216  439.91459952 3639.29350515
 1041.46448751  161.63528846  306.60714512  253.28416336 1366.40140761
  401.58870638 2171.24516356 1714.66713223  548.22690622  458.94801663
  174.08373045  727.98650914  585.55436605  490.59960399  189.90952412
  348.16746089  142.43214309  205.7353178   411.4706356   334.31989143
  793.26790806  460.92624084  854.59285856 1798.20580654  284.86428619
  174.08373045  253.21269883  269.03849251  569.72857237  332.34166722
  221.56111148 3525.19554154  445.10044716  815.24637573  203.81159393
  529.91014423 1327.32300549 2881.38640923  389.7896734   326.09855029
  224.19275333  285.33623151  183.43043454  326.09855029  856.00869452
  428.00434726 3291.55724202  264.95507211  244.57391272  142.66811575
  163.04927515  163.04927515  471.31431097  142.66811575  244.57391272
  346.47970969 2106.90235228  298.79052755  448.18579133 2278.27777259
 1523.83169052  179.27431653  239.03242204  268.9114748   717.09726613
  209.15336929  239.03242204  149.39526378  119.51621102  119.51621102
  239.03242204  119.51621102  239.03242204  389.42187777  155.76875111
  155.76875111    0.            0.          155.76875111   77.88437555
    0.            0.           77.88437555   77.88437555  155.76875111]
