[ 244.93527842  687.64145254  301.00531508  302.30275178  291.92325816
  145.31291073  249.10784696  426.85667526  622.7696174   525.80675646
  239.74608585  446.79952362  152.56569099  119.87304292  141.66814164
  294.23383263  371.87887179  523.08236912  228.84853649  326.9264807
 2266.69026617 2156.35257894 1389.43754297  602.08960195  698.80535249
  283.84572249  378.46096332  141.92286124  141.92286124  295.67262759
  307.49953269  273.49718052  130.09595614  130.09595614  474.55456728
  724.3979376   295.67262759  354.80715311 1079.20509071  511.51364573
 1079.20509071 1102.85890091 1141.2963425  1672.02870902  153.74976635
  763.18517645  386.59161776  146.63819984  253.28416336  253.28416336
  226.62267248  239.95341792  226.62267248  279.94565424  293.27639968
  119.97670896  813.17547185  333.268636    279.94565424 1524.70400971
  479.90683584   66.6537272   119.97670896  119.97670896  763.18517645
  201.62752478 1419.72438937 1982.94838422  414.91945182  284.86428619
  189.90952412  221.56111148  221.56111148  126.60634942   79.12896838
   79.12896838   79.12896838  142.43214309  221.56111148  284.86428619
  476.75203452  363.99325457  696.33492179 1685.44702659  110.78055574
   79.12896838   79.12896838   94.95476206  411.4706356    94.95476206
  110.78055574 1586.53581611  286.84251039  570.67246301  142.66811575
  183.43043454   81.52463757  163.04927515  163.04927515  163.04927515
  142.66811575  183.43043454   81.52463757  224.19275333  163.04927515
  305.7173909  1408.84764306  101.90579697  101.90579697   61.14347818
   61.14347818   61.14347818  366.86086908   40.76231879   61.14347818
  101.90579697 1615.20688192  119.51621102  119.51621102  119.51621102
  119.51621102   89.63715827  119.51621102  149.39526378  149.39526378
  119.51621102   59.75810551   29.87905276   29.87905276   29.87905276
   59.75810551   29.87905276   89.63715827   77.88437555    0.
   77.88437555    0.            0.            0.            0.
    0.            0.            0.            0.           77.88437555]
