[ 418.43110064 1240.34948799  342.52328957  500.81056732  364.57971352
  197.21037884  301.00531508  531.94904819  893.93388831  886.78807889
  328.28867437  972.60628008  305.13138199  130.77059228  217.95098713
  589.82985893  656.57734874  610.26276397  305.13138199  283.33628327
 1751.78105907 2560.9240988  1705.46647431  623.88470067  896.32343458
  437.59548883  733.26811642  272.01881738  130.09595614  236.53810207
  248.36500718  224.71119697  118.26905104  248.36500718  462.72766218
  889.97460905  378.46096332  461.24929904 1756.29540789 1830.21356478
 1840.56210675 1163.47178957 1212.25777312 1708.98778747  165.57667145
 1031.46642843  839.83696273  133.3074544   213.29192704  213.29192704
  173.29969072  186.63043616  173.29969072  213.29192704  239.95341792
  119.97670896 1066.45963521  399.9223632   306.60714512 2234.5662044
  559.89130848  106.64596352  133.3074544   119.97670896  749.85443101
  214.95827022 1179.77097145 3789.26439135  494.90392446  395.64484192
  474.77381031  205.7353178   189.90952412  110.78055574   63.30317471
   63.30317471   63.30317471   94.95476206  174.08373045  237.38690515
  698.313146    381.79727246 1046.48060689 1066.26284898  110.78055574
   79.12896838   79.12896838   94.95476206  174.08373045  110.78055574
  110.78055574 3287.80863639  381.79727246  692.95941937  142.66811575
  163.04927515   81.52463757  142.66811575  142.66811575  142.66811575
  122.28695636  163.04927515   61.14347818  183.43043454  163.04927515
  366.86086908 1391.01412859  122.28695636  101.90579697   61.14347818
   61.14347818   81.52463757  163.04927515   61.14347818   81.52463757
  122.28695636 1900.54311343  149.39526378  149.39526378  119.51621102
  119.51621102   89.63715827   89.63715827  149.39526378  149.39526378
  119.51621102   89.63715827   59.75810551   29.87905276   29.87905276
   59.75810551   29.87905276   89.63715827   77.88437555    0.
   77.88437555    0.            0.           77.88437555    0.
    0.            0.            0.            0.           77.88437555]
