[ 357.19728104 1333.76493059  332.14379595  594.22600993  323.06173903
  207.58987247  301.00531508  428.15411196  873.17490106  864.99298018
  524.44456279  348.72157941   76.2828455    76.2828455    65.38529614
   87.18039485   65.38529614  785.98574735  479.49217169  305.13138199
 3066.29795022 1683.6713756  1860.75655264  668.83709176  918.11853329
  366.63405821  839.71026236   70.96143062   82.78833573  165.57667145
  165.57667145  153.74976635   70.96143062   70.96143062  854.49389374
  842.66698863  378.46096332  780.57573684  984.58984988  594.30198146
  984.58984988 1055.5512805  1117.64253229 1482.79822737  153.74976635
 1004.80493755  533.2298176    93.31521808  146.63819984  146.63819984
  133.3074544   133.3074544   119.97670896  159.96894528  159.96894528
   79.98447264  799.84472641  399.9223632   479.90683584 1429.72244845
  666.53727201   66.6537272    93.31521808   79.98447264  616.5469766
  174.9660339  1366.40140761 1594.69042327  454.91168814  379.81904825
   94.95476206  142.43214309  126.60634942   79.12896838   47.47738103
   47.47738103   47.47738103   63.30317471  110.78055574  158.25793677
  237.38690515  508.40362187 1713.14216553 1145.39181737   79.12896838
   47.47738103   47.47738103   63.30317471  126.60634942   79.12896838
   94.95476206 1364.97470464  350.1456851   652.19710059   81.52463757
  122.28695636   61.14347818  101.90579697  101.90579697  101.90579697
   81.52463757  122.28695636   40.76231879  122.28695636  101.90579697
  326.09855029 1411.39528799   81.52463757   81.52463757   40.76231879
   40.76231879   61.14347818  101.90579697   40.76231879   40.76231879
   81.52463757 1574.44456313  119.51621102  119.51621102   59.75810551
   89.63715827   59.75810551   59.75810551  119.51621102   89.63715827
  119.51621102   59.75810551   29.87905276    0.           29.87905276
   59.75810551   29.87905276   59.75810551   77.88437555    0.
   77.88437555    0.            0.            0.            0.
    0.            0.            0.            0.           77.88437555]
