[ 336.78600783 1292.2469561   311.3848087   573.46702269  343.82072627
  186.83088522  290.62582145  469.67208645  893.93388831  854.09543082
  524.44456279  337.82403005   87.18039485   76.2828455    65.38529614
   87.18039485   65.38529614  764.19064863  479.49217169  217.95098713
 1499.7752302  1531.1056846  2165.88793463  647.04199305  907.22098394
  354.80715311  827.88335725   82.78833573   82.78833573  165.57667145
  165.57667145  153.74976635   70.96143062   70.96143062  819.01317843
  830.84008353  378.46096332  768.74883174  984.58984988  594.30198146
  972.76294477 1043.72437539 1105.81562719 1482.79822737  165.57667145
 1004.80493755  519.89907216   93.31521808  146.63819984  146.63819984
  119.97670896  133.3074544   119.97670896  159.96894528  159.96894528
   79.98447264  773.18323553  399.9223632   493.23758128 1604.68848235
 1134.77970559   66.6537272    79.98447264   79.98447264  629.87772205
  199.9611816  1071.45866475 2986.08697858  468.24243358  379.81904825
   94.95476206  142.43214309  126.60634942   79.12896838   31.65158735
   47.47738103   47.47738103   63.30317471  110.78055574  158.25793677
  221.56111148  476.75203452 1665.6647845   969.32986271   79.12896838
   47.47738103   47.47738103   63.30317471  110.78055574   79.12896838
   94.95476206 1475.75526038  302.66830407  631.81594119   81.52463757
  122.28695636   40.76231879  101.90579697  101.90579697  101.90579697
   81.52463757  122.28695636   40.76231879  122.28695636  101.90579697
  326.09855029 1309.48949102   81.52463757   81.52463757   40.76231879
   40.76231879   61.14347818  101.90579697   40.76231879   40.76231879
  101.90579697 1612.659237    119.51621102   89.63715827   59.75810551
   89.63715827   59.75810551   59.75810551  119.51621102   89.63715827
  119.51621102   59.75810551   29.87905276    0.           29.87905276
   59.75810551   29.87905276   59.75810551   77.88437555    0.
   77.88437555    0.            0.            0.            0.
    0.            0.            0.            0.           77.88437555]
