[ 326.58037123 1250.72898161  301.00531508  552.70803544  323.06173903
  176.4513916   280.24632783  448.91309921  842.03642019  841.8356878
  480.85436536  468.59462233   87.18039485   76.2828455    76.2828455
  108.97549357  350.08377308  753.29309928  446.79952362  217.95098713
 1161.95120015 1280.4620494  1694.56892495  580.29450324  851.37104349
  354.80715311  804.22954705   70.96143062   82.78833573  165.57667145
  165.57667145  153.74976635   82.78833573   70.96143062  759.87865291
  819.01317843  366.63405821  721.44121132  984.58984988  641.60960187
 1482.79822737 1887.86972717 1141.2963425  1364.52917633  141.92286124
  963.14635805  559.89130848   93.31521808  146.63819984  159.96894528
  133.3074544   133.3074544   133.3074544   159.96894528  159.96894528
   79.98447264  853.16770817  373.26087232  453.24534496 2072.93091594
  626.54503569   66.6537272    93.31521808   93.31521808  656.53921293
  199.9611816  1098.12015563 1353.07066217  454.91168814  379.81904825
   94.95476206  142.43214309  126.60634942   79.12896838   31.65158735
   47.47738103   47.47738103   79.12896838  126.60634942  158.25793677
  284.86428619  460.92624084 1523.23264141 1177.04340472   79.12896838
   63.30317471   47.47738103   63.30317471  110.78055574   79.12896838
   94.95476206 1459.9294667   255.19092304  611.4347818    81.52463757
  122.28695636   61.14347818  101.90579697  101.90579697  101.90579697
   81.52463757  122.28695636   40.76231879  122.28695636  101.90579697
  326.09855029 1615.20688192   81.52463757   81.52463757   40.76231879
   40.76231879   61.14347818  122.28695636   40.76231879   40.76231879
  101.90579697 2555.28785894  119.51621102  119.51621102   59.75810551
   89.63715827   59.75810551   59.75810551  119.51621102   89.63715827
  119.51621102   59.75810551   29.87905276    0.           29.87905276
   59.75810551   29.87905276   59.75810551   77.88437555    0.
   77.88437555    0.            0.            0.            0.
    0.            0.            0.            0.           77.88437555]
