[ 438.84237384 1406.42138596  384.04126406  542.32854182  364.57971352
  197.21037884  290.62582145  428.15411196  914.69287555  930.37827632
  623.88470067  108.97549357   76.2828455    65.38529614   65.38529614
   87.18039485   65.38529614  370.51667812   98.07794421  217.95098713
 1236.87185198 1313.15469747 1652.3409212   612.98715131  929.01608265
  378.46096332  650.4797807    70.96143062   82.78833573  153.74976635
  153.74976635  141.92286124   70.96143062   59.13452552  783.53246311
  891.45297219  378.46096332  780.57573684 1210.77940998  771.70555801
  960.93603967 1020.07056519 2389.03483093 1555.23802113  153.74976635
 1138.11239195  239.95341792   79.98447264  133.3074544   146.63819984
  119.97670896  133.3074544   119.97670896  146.63819984  146.63819984
   66.6537272   506.56832672  386.59161776  533.2298176  1309.74573949
  653.20652657   66.6537272    79.98447264   79.98447264  589.88548572
  186.63043616  964.81270123 1286.41693497  481.57317902  395.64484192
   79.12896838  126.60634942  126.60634942   63.30317471   31.65158735
   47.47738103   47.47738103   63.30317471  110.78055574  142.43214309
   94.95476206  492.57782819 1984.15888225  890.20089433   79.12896838
   47.47738103   47.47738103   63.30317471  110.78055574   63.30317471
   79.12896838 1016.80724374  253.21269883  631.81594119   81.52463757
  122.28695636   40.76231879   81.52463757  101.90579697  101.90579697
   81.52463757  122.28695636   40.76231879  122.28695636   81.52463757
  326.09855029 1245.79836792   61.14347818   61.14347818   40.76231879
   40.76231879   61.14347818  142.66811575   40.76231879   40.76231879
   81.52463757 1778.25615707  119.51621102   89.63715827   59.75810551
   89.63715827   59.75810551   29.87905276   89.63715827   89.63715827
  119.51621102   59.75810551   29.87905276    0.           29.87905276
   59.75810551   29.87905276   59.75810551    0.            0.
   77.88437555    0.            0.            0.            0.
    0.            0.            0.            0.           77.88437555]
