[ 193.90709542  625.3644908   321.76430232  198.50781555  271.16427091
  197.21037884  311.3848087   521.56955457  624.0670541   569.39695388
  241.10827951  217.95098713  207.05343778  185.25833906  164.82543402
  163.46324035   98.07794421  250.6436352   152.56569099  381.41422748
 3164.37589443 1991.52714492 2789.77263529 1249.131595    655.21515507
  307.49953269  248.36500718  189.23048166  249.84337031  592.82361832
  591.34525518  474.55456728  212.88429187  153.74976635  308.97789583
  427.24694687  272.01881738  413.94167863 4501.61575506 1367.48590261
 6531.40834347 4417.3490562  4111.32788665 4834.2474611   248.36500718
  709.86219469  213.29192704  266.6149088   641.54212431  881.49554223
  803.17741277  666.53727201  654.87286975  533.2298176   519.89907216
  173.29969072  346.59938144  346.59938144  359.93012688 2341.21216792
  719.86025377  173.29969072  293.27639968  293.27639968 4407.47771114
  614.88063342 1379.73215305 4472.46509516  388.25796094  395.64484192
  174.08373045  617.2059534   854.59285856  633.03174708  350.1456851
  395.64484192  269.03849251  332.34166722  474.77381031  460.92624084
  316.51587354  284.86428619  761.6163207  2259.13204738  237.38690515
  158.25793677  221.56111148  237.38690515  538.07698502  269.03849251
  221.56111148 2828.86061975  492.57782819  652.19710059  244.57391272
  794.86521634  448.38550665  878.93749884  838.17518005  754.10289755
  713.34057877  529.91014423  244.57391272  471.31431097  305.7173909
  346.47970969 2004.99655532  203.81159393  203.81159393  122.28695636
  142.66811575  163.04927515  224.19275333  122.28695636  203.81159393
  224.19275333 2723.43242393  268.9114748   328.66958031  418.30673857
  239.03242204  209.15336929  239.03242204  268.9114748   448.18579133
  149.39526378  149.39526378  119.51621102  119.51621102  119.51621102
  179.27431653  119.51621102  209.15336929  155.76875111   77.88437555
  155.76875111   77.88437555    0.          155.76875111   77.88437555
    0.            0.           77.88437555   77.88437555  155.76875111]
