[ 287.0335294  1219.59050074  487.8362003   323.06173903  489.133637
  269.86683421  373.66177044  646.12347805  926.36980588 1061.1488686
  328.28867437  414.10687555  709.70290185  664.75051075  448.16171729
  261.54118456  185.25833906  621.16031333  228.84853649  348.72157941
 3010.44800976 3240.65873992 3720.15091161  942.63801935  961.70873072
  484.90310925  366.63405821  677.09031718  997.89511812 2230.84997517
 2337.2921211  2173.19381279  614.99906539  319.3264378   486.38147239
  830.84008353  473.07620414  721.44121132 4310.90691027 2318.07340031
 5163.92244087 3290.83634508 3221.3532776  3692.9511186   283.84572249
 1084.78941019  373.26087232  923.15412173 1954.62055016  801.51106959
  561.55765166  599.8835448   561.55765166 1028.13374207 2059.6001705
  414.91945182  733.19099921  479.90683584  506.56832672 5029.02371728
 2339.54582474  293.27639968  386.59161776  386.59161776 4139.19645915
  923.15412173 5178.99460348 2799.45654242  561.55765166  553.90277869
  443.12222295 1236.39013101  553.90277869  474.77381031  363.99325457
  348.16746089  363.99325457  381.79727246  585.55436605 2112.74345587
  777.44211438  492.57782819 1157.26116263 3228.4619101   350.1456851
  332.34166722  300.69007986  316.51587354  395.64484192  363.99325457
  300.69007986 3908.97103821  684.46557653  835.62753513  957.91449149
  509.52898483  264.95507211  428.00434726  389.7896734   387.24202847
  387.24202847  468.76666605  366.86086908  593.60126733  672.57825998
  489.14782544 2494.14438076  305.7173909   285.33623151  183.43043454
  163.04927515  183.43043454  389.7896734   183.43043454  244.57391272
  285.33623151 2231.73695357  328.66958031  418.30673857  328.66958031
  268.9114748   268.9114748   298.79052755  328.66958031  418.30673857
  209.15336929  239.03242204  179.27431653  149.39526378  149.39526378
  179.27431653  149.39526378  239.03242204  155.76875111   77.88437555
  233.65312666   77.88437555   77.88437555  155.76875111  155.76875111
    0.           77.88437555   77.88437555   77.88437555  155.76875111]
