[ 236.0053464   989.94420432  186.83088522  447.61566251  166.07189797
  166.07189797  207.58987247  302.30275178  695.42607276  459.05926665
  360.98132244  217.95098713   65.38529614   54.48774678   54.48774678
   76.2828455    54.48774678  501.2872704   425.00442491  196.15588842
 1149.69145712 1269.56450004 1717.72621734  634.78225002  655.21515507
  260.19191228  638.6528756    59.13452552   70.96143062  141.92286124
  141.92286124  130.09595614   70.96143062   59.13452552  557.34290301
  617.95579166  295.67262759  567.69144497  937.28222946  546.99436104
 1459.14441716 1031.89747029 1082.16181698 1364.52917633  118.26905104
  749.85443101  399.9223632    79.98447264  119.97670896  133.3074544
  106.64596352  119.97670896  106.64596352  133.3074544   146.63819984
   66.6537272   573.22205392  346.59938144  453.24534496 1403.06095757
  988.14150575   53.32298176   79.98447264   79.98447264  589.88548572
  173.29969072 1029.80008525 1273.08618953  348.26572462  300.69007986
   79.12896838  126.60634942  110.78055574   63.30317471   31.65158735
   31.65158735   31.65158735   63.30317471   94.95476206  126.60634942
  174.08373045  460.92624084 1713.14216553 1161.21761105   63.30317471
   47.47738103   47.47738103   63.30317471   79.12896838   63.30317471
   79.12896838 1000.98145007  350.1456851   591.05362241   81.52463757
  101.90579697   40.76231879   81.52463757   81.52463757  101.90579697
   61.14347818  101.90579697   40.76231879  101.90579697   81.52463757
  305.7173909  1350.25180981   61.14347818   61.14347818   40.76231879
   40.76231879   40.76231879   61.14347818   20.38115939   20.38115939
   81.52463757 1554.06340374  119.51621102   89.63715827   59.75810551
   89.63715827   29.87905276   59.75810551   89.63715827   89.63715827
   89.63715827   59.75810551   29.87905276    0.            0.
   59.75810551   29.87905276   59.75810551    0.            0.
   77.88437555    0.            0.            0.            0.
    0.            0.            0.            0.            0.        ]
