[ 214.31836862  739.53892066  311.3848087   250.40528366  291.92325816
  228.34885971  321.76430232  480.05158008  696.72350946  634.78225002
  262.90337823  283.33628327  283.33628327  261.54118456  241.10827951
  217.95098713  141.66814164  305.13138199  174.36078971  316.02893134
 3109.88814764 2758.44218089 3348.27203982 1116.99880905  687.90780314
  342.980248    307.49953269  249.84337031  344.45861114  768.74883174
  782.05409998  700.74412739  319.3264378   236.53810207  368.11242135
  545.5159979   319.3264378   626.82597049 4072.89044506 1983.96333113
 3716.60492881 6877.34531775 3208.04800936 3409.10539612  236.53810207
  656.53921293  279.94565424  321.60423374  641.54212431  586.55279936
  494.90392446  533.2298176   494.90392446  679.86801745  759.85249009
  266.6149088   426.58385408  333.268636    413.25310864 4080.87444785
 1496.37617565  213.29192704  279.94565424  279.94565424 3522.64948255
  789.84666733 5277.3088511  3027.74555808  388.25796094  363.99325457
  237.38690515  538.07698502  474.77381031  316.51587354  174.08373045
  205.7353178   189.90952412  332.34166722  522.25119134  761.6163207
  363.99325457  363.99325457 1093.95798792 2733.90585769  253.21269883
  189.90952412  205.7353178   221.56111148  348.16746089  253.21269883
  221.56111148 2524.21409147  381.79727246  468.76666605  346.47970969
  428.00434726  224.19275333  387.24202847  349.02735461  366.86086908
  366.86086908  428.00434726  224.19275333  491.69547036  326.09855029
  387.24202847 2185.87934493  224.19275333  203.81159393  122.28695636
  122.28695636  142.66811575  203.81159393  122.28695636  163.04927515
  203.81159393 2700.50361962  268.9114748   328.66958031  268.9114748
  239.03242204  239.03242204  268.9114748   298.79052755  358.54863306
  149.39526378  149.39526378  119.51621102   89.63715827   89.63715827
  149.39526378  119.51621102  179.27431653  155.76875111   77.88437555
  155.76875111   77.88437555   77.88437555  155.76875111   77.88437555
   77.88437555    0.           77.88437555   77.88437555  155.76875111]
