[ 112.26200261  406.09768801  124.55392348  114.17442986  114.17442986
   83.03594899  166.07189797  312.6822454   674.66708551  295.5960263
  130.77059228   98.07794421   54.48774678   43.59019743   43.59019743
   65.38529614   43.59019743  174.36078971   76.2828455   119.87304292
 1051.61351291 1213.71455959 1640.08117817  569.39695388  621.16031333
  201.05738676  165.57667145   47.30762041   59.13452552  130.09595614
  130.09595614  118.26905104   59.13452552   47.30762041  165.57667145
  308.97789583  153.74976635  532.21072966  900.32315101  439.07385197
  949.10913457 1008.24366008 1592.19709957 2421.55881997  106.44214593
  361.59647006  106.64596352   66.6537272   106.64596352  119.97670896
   93.31521808  106.64596352   93.31521808  119.97670896  119.97670896
   53.32298176  146.63819984  173.29969072  453.24534496 1309.74573949
  413.25310864   39.99223632   66.6537272    66.6537272   563.22399484
  173.29969072 1003.13859437 1326.40917129  294.94274286  221.56111148
   63.30317471  110.78055574  110.78055574   47.47738103   15.82579368
   31.65158735   31.65158735   47.47738103   79.12896838  110.78055574
   79.12896838  205.7353178  1173.0869563   906.02668801   63.30317471
   31.65158735   31.65158735   47.47738103   79.12896838   47.47738103
   63.30317471  935.70005115  253.21269883  285.33623151   61.14347818
  101.90579697   40.76231879   61.14347818   81.52463757   81.52463757
   61.14347818   81.52463757   20.38115939   81.52463757   61.14347818
  163.04927515 1225.41720852   61.14347818   40.76231879   40.76231879
   20.38115939   40.76231879   40.76231879   20.38115939   20.38115939
   61.14347818 1574.44456313   89.63715827   59.75810551   59.75810551
   59.75810551   29.87905276   59.75810551   89.63715827   59.75810551
   59.75810551   29.87905276    0.            0.            0.
   29.87905276    0.           29.87905276    0.            0.
    0.            0.            0.            0.            0.
    0.            0.            0.            0.            0.        ]
