[ 234.72964182  865.39028084  363.28227682  271.16427091  364.57971352
  238.72835334  342.52328957  490.4310737   738.24148396  754.65529295
  284.69847694  326.9264807   392.31177684  359.61912877  284.69847694
  239.74608585  163.46324035  370.51667812  196.15588842  403.20932619
 4707.74132206 2178.14767765 2767.97753658  953.5355687   742.39554992
  390.28786842  331.1533429   379.93932645  557.34290301 1221.12795195
 1268.43557236 1151.64488446  425.76858373  260.19191228  403.59313666
  641.60960187  354.80715311  662.3066858  2992.20699122 1936.65571072
 3287.87961881 3017.33916456 2637.39983811 3480.06682674  248.36500718
  789.84666733  306.60714512  494.90392446 1083.12306701  961.48001487
  654.87286975  666.53727201  668.20361519 1054.79523295  934.81852399
  294.94274286  506.56832672  399.9223632   453.24534496 4239.17704995
 1041.46448751  213.29192704  306.60714512  293.27639968 1902.96391158
  534.89616078 5797.20792327 3695.94917327  388.25796094  395.64484192
  284.86428619  902.07023959  585.55436605  348.16746089  205.7353178
  221.56111148  221.56111148  334.31989143  633.03174708 1080.11041845
  476.75203452  397.62306613 1188.91274998 3004.92257441  284.86428619
  205.7353178   221.56111148  237.38690515  332.34166722  284.86428619
  253.21269883 2524.21409147  508.40362187  570.67246301  529.91014423
  489.14782544  244.57391272  387.24202847  349.02735461  346.47970969
  346.47970969  428.00434726  244.57391272  634.36358612  428.00434726
  407.62318787 3148.88912627  244.57391272  224.19275333  142.66811575
  122.28695636  142.66811575  244.57391272  142.66811575  203.81159393
  224.19275333 2252.11811296  268.9114748   328.66958031  298.79052755
  239.03242204  209.15336929  239.03242204  298.79052755  388.42768582
  179.27431653  179.27431653  119.51621102  119.51621102  119.51621102
  149.39526378  119.51621102  179.27431653  155.76875111   77.88437555
  155.76875111   77.88437555   77.88437555  155.76875111   77.88437555
    0.            0.           77.88437555   77.88437555  155.76875111]
