[ 346.99164444 1219.59050074  301.00531508  563.08752906  323.06173903
  197.21037884  290.62582145  426.85667526  842.03642019  863.63078651
  469.956816    513.54701343   87.18039485   76.2828455    76.2828455
  141.66814164  524.44456279  764.19064863  446.79952362  217.95098713
 1249.131595   1269.56450004 1705.46647431  591.1920526   896.32343458
  366.63405821  804.22954705   82.78833573   82.78833573  165.57667145
  165.57667145  153.74976635   82.78833573   70.96143062  759.87865291
  842.66698863  378.46096332  733.26811642  996.41675498  606.12888656
 1020.07056519 1091.03199581 1129.4694374  1364.52917633  141.92286124
  963.14635805  599.8835448    93.31521808  146.63819984  159.96894528
  133.3074544   133.3074544   119.97670896  159.96894528  173.29969072
   79.98447264  893.15994449  386.59161776  466.5760904  1698.00370043
  679.86801745   66.6537272    79.98447264   79.98447264  656.53921293
  188.29677934 1754.65936855 1486.37811657  454.91168814  332.34166722
   94.95476206  142.43214309  142.43214309   79.12896838   31.65158735
   47.47738103   47.47738103   79.12896838  126.60634942  158.25793677
  332.34166722  476.75203452 1554.88422876  985.15565639   79.12896838
   63.30317471   47.47738103   63.30317471  110.78055574   79.12896838
   94.95476206 1315.5190994   284.86428619  631.81594119  101.90579697
  122.28695636   61.14347818  101.90579697  101.90579697  101.90579697
   81.52463757  122.28695636   40.76231879  122.28695636  101.90579697
  326.09855029 1676.3503601    81.52463757   81.52463757   61.14347818
   40.76231879   61.14347818  122.28695636   40.76231879   40.76231879
  101.90579697 2354.02390993  119.51621102  119.51621102   89.63715827
   89.63715827   59.75810551   59.75810551  119.51621102   89.63715827
  119.51621102   59.75810551   29.87905276    0.           29.87905276
   59.75810551   29.87905276   89.63715827   77.88437555    0.
   77.88437555    0.            0.            0.            0.
    0.            0.            0.            0.           77.88437555]
