[ 336.78600783 1313.00594335  332.14379595  604.60550356  343.82072627
  207.58987247  280.24632783  395.71819439  862.79540744  810.5052334
  557.13721086  228.84853649   76.2828455    65.38529614   65.38529614
   87.18039485   65.38529614  533.97991847  512.18481976  217.95098713
 1160.58900648 1279.09985573 1772.21396412  623.88470067  950.81118136
  354.80715311  792.40264194   70.96143062   82.78833573  153.74976635
  153.74976635  141.92286124   70.96143062   59.13452552  842.66698863
  842.66698863  378.46096332  756.92192663 1161.99342643  617.95579166
  960.93603967 1138.33961622 1093.98872208 1459.14441716  165.57667145
 1098.12015563  453.24534496   79.98447264  133.3074544   146.63819984
  119.97670896  119.97670896  119.97670896  146.63819984  159.96894528
   79.98447264  719.86025377  386.59161776  479.90683584 1684.67295499
  854.83405135   66.6537272    79.98447264   79.98447264  589.88548572
  186.63043616 1029.80008525 1286.41693497  454.91168814  395.64484192
   79.12896838  126.60634942  126.60634942   63.30317471   31.65158735
   47.47738103   47.47738103   63.30317471  110.78055574  142.43214309
  174.08373045  476.75203452 1730.94618342 1048.4588311    79.12896838
   47.47738103   47.47738103   63.30317471  110.78055574   63.30317471
   79.12896838 1016.80724374  239.36512936  631.81594119   81.52463757
  122.28695636   40.76231879   81.52463757   81.52463757  101.90579697
   81.52463757  101.90579697   40.76231879  122.28695636   81.52463757
  326.09855029 1368.08532428   81.52463757   61.14347818   40.76231879
   40.76231879   40.76231879  101.90579697   40.76231879   40.76231879
   81.52463757 1655.96920071  119.51621102   89.63715827   59.75810551
   59.75810551   59.75810551   59.75810551   89.63715827   89.63715827
  119.51621102   59.75810551   29.87905276    0.           29.87905276
   59.75810551   29.87905276   59.75810551   77.88437555    0.
   77.88437555    0.            0.            0.            0.
    0.            0.            0.            0.           77.88437555]
