[ 214.31836862  791.43638878  301.00531508  219.26680279  260.78477729
  176.4513916   238.72835334  448.91309921  665.58502859  580.29450324
  219.3131808   294.23383263  261.54118456  239.74608585  250.6436352
  207.05343778  141.66814164  326.9264807   141.66814164  207.05343778
 1588.31781873 1674.13601991 1893.44920071  854.09543082  666.11270442
  295.67262759  272.01881738  260.19191228  260.19191228  508.55691946
  532.21072966  474.55456728  236.53810207  212.88429187  297.15099073
  533.6890928   260.19191228  567.69144497 1614.37254664  783.53246311
 1614.37254664 1388.18298654 1367.48590261 1862.73755382  165.57667145
  603.21623116  266.6149088   253.28416336  414.91945182  413.25310864
  334.93497918  373.26087232  334.93497918  453.24534496  519.89907216
  226.62267248  386.59161776  306.60714512  359.93012688 1724.66519131
  706.52950833  106.64596352  159.96894528  159.96894528 1568.02893239
  388.25796094 3455.99575535 1621.35191415  321.60423374  300.69007986
  221.56111148  363.99325457  348.16746089  221.56111148  126.60634942
  142.43214309  142.43214309  221.56111148  363.99325457  460.92624084
  332.34166722  348.16746089  999.00322586 1161.21761105  158.25793677
  110.78055574  110.78055574  126.60634942  284.86428619  142.43214309
  142.43214309 1317.49732361  271.01671672  448.38550665  244.57391272
  305.7173909   142.66811575  264.95507211  244.57391272  244.57391272
  224.19275333  285.33623151  142.66811575  366.86086908  244.57391272
  305.7173909  1857.23314972  142.66811575  122.28695636   81.52463757
   81.52463757   81.52463757  285.33623151   61.14347818  101.90579697
  122.28695636 2208.80814925  179.27431653  179.27431653  179.27431653
  149.39526378  119.51621102  149.39526378  179.27431653  239.03242204
  119.51621102  119.51621102   59.75810551   29.87905276   59.75810551
   89.63715827   59.75810551   89.63715827   77.88437555    0.
   77.88437555    0.            0.           77.88437555    0.
    0.            0.            0.            0.           77.88437555]
