[ 246.210983   1000.32369795  435.93873218  312.6822454   416.47718164
  259.48734058  373.66177044  604.60550356  790.13895207  843.19788147
  328.28867437  348.72157941  425.00442491  381.41422748  284.69847694
  250.6436352   163.46324035  392.31177684  207.05343778  316.02893134
 3075.8333059  3030.88091481 2584.08139119 1227.33649629  818.67839542
  413.94167863  354.80715311  391.76623156  617.95579166 1457.66605402
 1482.79822737 1318.69991905  425.76858373  272.01881738  450.90075708
  677.09031718  390.28786842  685.96049601 2850.28412997 2304.76813207
 5258.5376817  5320.62893349 2579.74367573 4786.93984069  283.84572249
  789.84666733  319.93789056  561.55765166 1284.75059179 1283.08424861
 1016.46933981  974.81076031 1029.80008525 1148.11045103  961.48001487
  308.2734883   559.89130848  426.58385408  479.90683584 4654.09650178
 1376.39946669  201.62752478  346.59938144  346.59938144 3147.72226705
  723.19294013 4724.08291534 3241.03748513  441.5809427   458.94801663
  300.69007986 1093.95798792  822.9412712   443.12222295  253.21269883
  300.69007986  269.03849251  413.44885981  949.54762062 1064.28462477
  524.22941555  413.44885981 1141.43536895 1972.28953699  332.34166722
  237.38690515  269.03849251  284.86428619  569.72857237  332.34166722
  269.03849251 3240.33125535  524.22941555  672.57825998  631.81594119
  611.4347818   346.47970969  509.52898483  430.55199218  428.00434726
  448.38550665  509.52898483  326.09855029  940.08097702  509.52898483
  448.38550665 1862.32843956  285.33623151  264.95507211  163.04927515
  163.04927515  183.43043454  410.17083279  163.04927515  244.57391272
  264.95507211 2743.81358333  298.79052755  388.42768582  328.66958031
  268.9114748   268.9114748   298.79052755  328.66958031  507.94389684
  209.15336929  209.15336929  149.39526378  119.51621102  119.51621102
  209.15336929  119.51621102  239.03242204  155.76875111   77.88437555
  155.76875111   77.88437555   77.88437555  155.76875111  155.76875111
   77.88437555   77.88437555   77.88437555   77.88437555  155.76875111]
