[ 377.60855424 1198.83151349  342.52328957  499.51313062  333.44123265
  197.21037884  280.24632783  469.67208645  852.41591381  843.19788147
  284.69847694  982.14163576  348.72157941  141.66814164  241.10827951
  611.62495764  612.98715131  566.67256654  239.74608585  337.82403005
 2135.9196739  1531.1056846  1705.46647431  634.78225002  840.47349413
  425.76858373  685.96049601  297.15099073  118.26905104  224.71119697
  236.53810207  224.71119697  106.44214593  307.49953269  391.76623156
  866.32079884  378.46096332  591.34525518 1067.3781856   641.60960187
 1116.16416915 1210.77940998 2210.15289124 1530.10584778  153.74976635
  949.81561261  773.18323553  133.3074544   199.9611816   199.9611816
  173.29969072  186.63043616  173.29969072  226.62267248  239.95341792
  106.64596352  988.14150575  399.9223632   399.9223632  1458.05028251
  988.14150575   79.98447264  119.97670896  119.97670896  818.17450139
  214.95827022 1996.27912966 1834.64384119  468.24243358  379.81904825
  490.59960399  189.90952412  174.08373045  110.78055574   63.30317471
   63.30317471   63.30317471  110.78055574  174.08373045  237.38690515
  682.48735232  397.62306613 1206.71676787 1082.08864266  110.78055574
   79.12896838   79.12896838   94.95476206  253.21269883  110.78055574
  110.78055574 1602.36160979  350.1456851   672.57825998  122.28695636
  163.04927515   81.52463757  142.66811575  142.66811575  142.66811575
  122.28695636  163.04927515   61.14347818  183.43043454  142.66811575
  366.86086908 1431.77644738  101.90579697  101.90579697   61.14347818
   61.14347818   81.52463757  305.7173909    61.14347818   81.52463757
  122.28695636 2863.55289476  179.27431653  149.39526378  119.51621102
  119.51621102   89.63715827   89.63715827  149.39526378  149.39526378
  119.51621102   89.63715827   59.75810551   29.87905276   29.87905276
   59.75810551   29.87905276   89.63715827   77.88437555    0.
   77.88437555    0.            0.           77.88437555    0.
    0.            0.            0.            0.           77.88437555]
