[ 236.0053464   770.67740153  373.66177044  250.40528366  343.82072627
  217.96936609  311.3848087   855.01078722  686.34401584  645.67979938
  284.69847694  272.43873392  250.6436352   228.84853649  239.74608585
  196.15588842  141.66814164  305.13138199  174.36078971  370.51667812
 3744.67039766 3404.12198027 4496.60130327  843.19788147  677.01025378
  342.980248    307.49953269  214.362655    320.80480094  758.40028977
  768.74883174  606.12888656  283.84572249  212.88429187  379.93932645
  523.34055084  307.49953269  520.38382456 1661.68016706 1283.21920374
 1781.42758123 3574.68206757 2532.43605531 3789.04472257  248.36500718
  616.5469766   266.6149088   294.94274286  696.53144925  773.18323553
  681.53436063  706.52950833  628.21137887  706.52950833  693.19876289
  226.62267248  426.58385408  333.268636    386.59161776 2662.81640166
  786.51398097  148.30454302  266.6149088   253.28416336 1541.36744151
  428.25019726 3482.65724623 3990.89191613  388.25796094  348.16746089
  221.56111148  633.03174708  680.50912811  474.77381031  239.36512936
  284.86428619  269.03849251  381.79727246  569.72857237  666.66155864
  350.1456851   363.99325457  935.70005115 2607.29950828  221.56111148
  174.08373045  189.90952412  205.7353178   316.51587354  237.38690515
  221.56111148 3671.58413305  508.40362187  529.91014423  346.47970969
  611.4347818   285.33623151  489.14782544  410.17083279  407.62318787
  407.62318787  468.76666605  244.57391272  552.83894854  346.47970969
  387.24202847 3515.74999535  203.81159393  183.43043454  122.28695636
  122.28695636  142.66811575  224.19275333  122.28695636  183.43043454
  224.19275333 2883.93405416  239.03242204  298.79052755  298.79052755
  239.03242204  209.15336929  239.03242204  268.9114748   448.18579133
  179.27431653  149.39526378  119.51621102   89.63715827   89.63715827
  149.39526378  119.51621102  179.27431653  155.76875111   77.88437555
  155.76875111   77.88437555    0.          155.76875111   77.88437555
    0.            0.            0.           77.88437555  155.76875111]
