[ 336.78600783 1250.72898161  301.00531508  573.46702269  323.06173903
  186.83088522  280.24632783  448.91309921  862.79540744  843.19788147
  491.75191472  414.10687555   76.2828455    76.2828455    65.38529614
   98.07794421  185.25833906  764.19064863  457.69707298  217.95098713
 1194.64384822 1924.77965511 1727.26157302  591.1920526   851.37104349
  354.80715311  816.05645215   70.96143062   82.78833573  165.57667145
  165.57667145  153.74976635   70.96143062   70.96143062  807.18627332
  842.66698863  378.46096332  733.26811642  984.58984988  594.30198146
  996.41675498 1055.5512805  2031.27095155 1376.35608143  153.74976635
  989.80784893  533.2298176    93.31521808  146.63819984  146.63819984
  133.3074544   133.3074544   119.97670896  159.96894528  159.96894528
   79.98447264  839.83696273  399.9223632   479.90683584 3251.03554421
  653.20652657   66.6537272    79.98447264   79.98447264  629.87772205
  186.63043616 1004.80493755 1353.07066217  454.91168814  379.81904825
   94.95476206  142.43214309  126.60634942   79.12896838   47.47738103
   47.47738103   31.65158735   63.30317471  126.60634942  158.25793677
  269.03849251  492.57782819 1618.18740347  971.30808692   94.95476206
   63.30317471   47.47738103   63.30317471  110.78055574   79.12896838
   79.12896838 1048.4588311   302.66830407  631.81594119   81.52463757
  122.28695636   61.14347818  101.90579697  101.90579697  101.90579697
   81.52463757  122.28695636   40.76231879  122.28695636  101.90579697
  326.09855029 1350.25180981   81.52463757   81.52463757   61.14347818
   40.76231879   61.14347818  122.28695636   40.76231879   40.76231879
   81.52463757 1594.82572253  119.51621102  119.51621102   59.75810551
   89.63715827   59.75810551   29.87905276  119.51621102   89.63715827
  119.51621102   59.75810551   29.87905276    0.           29.87905276
   59.75810551   29.87905276   89.63715827   77.88437555    0.
   77.88437555    0.            0.            0.            0.
    0.            0.            0.            0.           77.88437555]
