[ 326.58037123 1229.96999436  301.00531508  552.70803544  312.6822454
  176.4513916   280.24632783  428.15411196  852.41591381  809.14303973
  469.956816    435.90197426   87.18039485   76.2828455    65.38529614
  108.97549357  262.90337823  764.19064863  457.69707298  239.74608585
 1347.20953921 1280.4620494  1705.46647431  591.1920526   862.26859284
  354.80715311  816.05645215   82.78833573   82.78833573  165.57667145
  165.57667145  153.74976635   82.78833573   70.96143062  759.87865291
  830.84008353  378.46096332  733.26811642  972.76294477  594.30198146
  996.41675498 1661.68016706 1664.63689333 1364.52917633  141.92286124
  963.14635805  546.56056304   93.31521808  146.63819984  159.96894528
  133.3074544   133.3074544   133.3074544   159.96894528  173.29969072
   79.98447264  839.83696273  373.26087232  466.5760904  3277.69703509
  639.87578113   66.6537272    93.31521808   79.98447264  629.87772205
  199.9611816  1056.46157613 1459.71662569  441.5809427   363.99325457
   94.95476206  142.43214309  142.43214309   79.12896838   31.65158735
   47.47738103   47.47738103   79.12896838  126.60634942  158.25793677
  284.86428619  476.75203452 1586.53581611 1859.53075704   79.12896838
   63.30317471   47.47738103   63.30317471  126.60634942   79.12896838
   79.12896838 1080.11041845  318.49409775  631.81594119   81.52463757
  122.28695636   61.14347818  101.90579697  101.90579697  101.90579697
   81.52463757  122.28695636   40.76231879  122.28695636  101.90579697
  326.09855029 1492.91992556   81.52463757   81.52463757   61.14347818
   40.76231879   61.14347818  122.28695636   40.76231879   40.76231879
   81.52463757 2045.7588741   149.39526378  119.51621102   89.63715827
   89.63715827   59.75810551   59.75810551  119.51621102   89.63715827
  119.51621102   89.63715827   29.87905276    0.           29.87905276
   59.75810551   29.87905276   59.75810551   77.88437555    0.
   77.88437555    0.            0.            0.            0.
    0.            0.            0.            0.           77.88437555]
