[ 408.22546404 1250.72898161  373.66177044  552.70803544  374.95920714
  197.21037884  280.24632783  438.53360558  862.79540744  886.78807889
  415.46906922  830.93813844  163.46324035  130.77059228  130.77059228
  446.79952362  656.57734874  775.08819799  392.31177684  272.43873392
 2868.77986813 1772.21396412 2066.44779675  623.88470067  873.1661422
  413.94167863  792.40264194  153.74976635  153.74976635  319.3264378
  342.980248    297.15099073  141.92286124  130.09595614  653.43650697
  878.14770394  390.28786842  614.99906539 1685.33397727  712.57103249
 1067.3781856  1127.99107426 1141.2963425  1400.00989164  165.57667145
 1029.80008525  853.16770817  159.96894528  293.27639968  293.27639968
  266.6149088   279.94565424  241.6197611   306.60714512  333.268636
  133.3074544  1039.79814433  426.58385408  346.59938144 2529.50894726
  519.89907216   93.31521808  133.3074544   133.3074544  1648.01340503
  201.62752478 1149.77679421 1673.00855273  481.57317902  395.64484192
  332.34166722  253.21269883  253.21269883  158.25793677   79.12896838
   94.95476206   94.95476206  158.25793677  253.21269883  316.51587354
  555.8810029   492.57782819 1190.89097419 2288.80541053  126.60634942
   94.95476206   94.95476206  110.78055574  253.21269883  126.60634942
  110.78055574 2253.19737476  302.66830407  692.95941937  163.04927515
  224.19275333  101.90579697  183.43043454  183.43043454  183.43043454
  163.04927515  224.19275333  101.90579697  244.57391272  163.04927515
  366.86086908 1982.067751    122.28695636  101.90579697   61.14347818
   61.14347818   81.52463757  183.43043454   61.14347818   81.52463757
  122.28695636 1615.20688192  149.39526378  149.39526378  149.39526378
  119.51621102   89.63715827  119.51621102  149.39526378  179.27431653
  149.39526378   89.63715827   59.75810551   29.87905276   29.87905276
   89.63715827   59.75810551   89.63715827   77.88437555    0.
   77.88437555    0.            0.           77.88437555    0.
    0.            0.            0.            0.           77.88437555]
