[ 234.72964182  666.8824653   508.59518754  219.26680279  447.61566251
  301.00531508  425.55923856  511.19006095  727.86199033  602.08960195
  371.87887179  174.36078971  141.66814164  130.77059228  152.56569099
  119.87304292   98.07794421  316.02893134  152.56569099  272.43873392
 1785.83590081 2100.50263849 3086.73085526  712.42728919  622.522507
  319.3264378   295.67262759  202.5357499   368.11242135  366.63405821
  366.63405821  297.15099073  153.74976635  118.26905104  580.99671322
  629.78269677  342.980248    437.59548883 2088.92711393  761.35701605
 1970.65806289 1578.89183133 1521.23566895 1757.77377103  260.19191228
  561.55765166  173.29969072  239.95341792  696.53144925  493.23758128
  308.2734883   359.93012688  281.61199742  359.93012688  346.59938144
  133.3074544   546.56056304  519.89907216  386.59161776 2461.18887688
 1081.45672383  148.30454302  253.28416336  226.62267248 1259.75544409
  348.26572462 1366.40140761 1634.68265959  401.58870638  300.69007986
  142.43214309  601.38015972  490.59960399  411.4706356   174.08373045
  237.38690515  142.43214309  205.7353178   363.99325457  318.49409775
  666.66155864  429.27465349  838.76706488 1782.38001287  221.56111148
  158.25793677  205.7353178   221.56111148  411.4706356   269.03849251
  189.90952412 2178.02485479  413.44885981  428.00434726  183.43043454
  529.91014423  856.00869452 1877.61430911  410.17083279  366.86086908
  285.33623151  305.7173909   163.04927515  326.09855029  713.34057877
  387.24202847 3538.67879967  203.81159393  203.81159393  122.28695636
  142.66811575  142.66811575  428.00434726  122.28695636  203.81159393
  264.95507211 2310.71394622  298.79052755  358.54863306 1437.92941385
  776.85537164  179.27431653  209.15336929  268.9114748   657.33916062
  179.27431653  179.27431653  119.51621102  119.51621102   89.63715827
  209.15336929  119.51621102  209.15336929  233.65312666   77.88437555
  155.76875111   77.88437555    0.           77.88437555   77.88437555
    0.            0.            0.           77.88437555   77.88437555]
