[ 204.11273202  666.8824653   269.86683421  240.02579004  250.40528366
  197.21037884  301.00531508  531.94904819  634.44654772  558.49940453
  241.10827951  250.6436352   207.05343778  185.25833906  175.72298338
  185.25833906  130.77059228  272.43873392  163.46324035  359.61912877
 3415.01952963 2154.99038527 2735.28488851  931.74046999  655.21515507
  319.3264378   295.67262759  189.23048166  224.71119697  484.90310925
  508.55691946  462.72766218  224.71119697  189.23048166  308.97789583
  498.20837749  272.01881738  603.17216028 3515.54754205 1818.38665968
 3633.81659309 3289.35798194 3517.02590519 3491.89373184  224.71119697
  614.88063342  253.28416336  226.62267248  401.58870638  413.25310864
  361.59647006  399.9223632   361.59647006  466.5760904   506.56832672
  199.9611816   333.268636    306.60714512  386.59161776 4080.87444785
  826.50621729  134.97379758  226.62267248  226.62267248 2317.8833634
 1124.78164651 5383.95481462 3039.40996034  321.60423374  332.34166722
  189.90952412  363.99325457  363.99325457  237.38690515  126.60634942
  158.25793677  142.43214309  253.21269883  379.81904825  476.75203452
  269.03849251  316.51587354 1078.13219424 2019.76691802  205.7353178
  126.60634942  158.25793677  174.08373045  253.21269883  205.7353178
  189.90952412 2555.86567883  429.27465349  428.00434726  244.57391272
  326.09855029  163.04927515  305.7173909   305.7173909   305.7173909
  285.33623151  346.47970969  163.04927515  407.62318787  244.57391272
  346.47970969 3026.60216991  183.43043454  163.04927515  101.90579697
  101.90579697  122.28695636  244.57391272  101.90579697  142.66811575
  183.43043454 2761.6470978   239.03242204  298.79052755  239.03242204
  209.15336929  209.15336929  239.03242204  239.03242204  268.9114748
  149.39526378  119.51621102   89.63715827   59.75810551   89.63715827
  119.51621102   89.63715827  149.39526378   77.88437555    0.
  155.76875111    0.            0.           77.88437555   77.88437555
    0.            0.            0.           77.88437555   77.88437555]
