[ 326.58037123 1250.72898161  311.3848087   573.46702269  323.06173903
  186.83088522  301.00531508  480.05158008  873.17490106  832.30033211
  513.54701343  305.13138199   87.18039485   76.2828455    65.38529614
   87.18039485   65.38529614  731.49800056  490.38972105  217.95098713
 1369.00463792 1422.13019104 1728.62376669  899.04782192  907.22098394
  354.80715311  816.05645215   82.78833573   82.78833573  165.57667145
  177.40357655  153.74976635   82.78833573   70.96143062  807.18627332
  819.01317843  378.46096332  745.09502153 1091.03199581  677.09031718
  972.76294477 1031.89747029 1093.98872208 1364.52917633  153.74976635
 1004.80493755  506.56832672   93.31521808  146.63819984  146.63819984
  133.3074544   133.3074544   119.97670896  159.96894528  159.96894528
   79.98447264  759.85249009  386.59161776  466.5760904  1498.04251883
  733.19099921   79.98447264   93.31521808   79.98447264  616.5469766
  186.63043616 1004.80493755 3374.34493953  454.91168814  379.81904825
   94.95476206  142.43214309  126.60634942   79.12896838   31.65158735
   47.47738103   47.47738103   63.30317471  110.78055574  158.25793677
  221.56111148  460.92624084 1634.01319714  923.83070589   79.12896838
   63.30317471   47.47738103   63.30317471  110.78055574   79.12896838
   94.95476206 1270.01994257  286.84251039  631.81594119   81.52463757
  122.28695636   40.76231879  101.90579697  101.90579697  101.90579697
   81.52463757  122.28695636   40.76231879  122.28695636  101.90579697
  326.09855029 1347.70416488   61.14347818   81.52463757   40.76231879
   40.76231879   61.14347818  101.90579697   40.76231879   40.76231879
  101.90579697 1574.44456313  119.51621102   89.63715827   59.75810551
   89.63715827   59.75810551   59.75810551  119.51621102   89.63715827
  119.51621102   59.75810551   29.87905276    0.           29.87905276
   59.75810551   29.87905276   59.75810551   77.88437555    0.
   77.88437555    0.            0.            0.            0.
    0.            0.            0.            0.           77.88437555]
