[ 132.67327581  406.09768801  217.96936609  166.07189797  186.83088522
  124.55392348  228.34885971  374.95920714  624.0670541   371.87887179
  174.36078971  174.36078971  141.66814164  130.77059228  130.77059228
  130.77059228   76.2828455   185.25833906  108.97549357  228.84853649
 3284.24893735 2439.68886221 2897.38593519  788.71013468  533.97991847
  224.71119697  201.05738676  141.92286124  177.40357655  378.46096332
  402.11477352  344.45861114  165.57667145  118.26905104  189.23048166
  273.49718052  201.05738676  354.80715311 1697.16088237 2282.592685
 2088.92711393 3265.70417174 1711.94451375 3848.17924809  189.23048166
  374.9272155   173.29969072  173.29969072  346.59938144  359.93012688
  308.2734883   346.59938144  308.2734883   399.9223632   399.9223632
  133.3074544   199.9611816   226.62267248  266.6149088  3331.02001685
  706.52950833  106.64596352  186.63043616  173.29969072 1286.41693497
  696.53144925 2961.09183088 3535.98022799  321.60423374  253.21269883
  142.43214309  316.51587354  332.34166722  221.56111148  126.60634942
  142.43214309  126.60634942  221.56111148  316.51587354  318.49409775
  174.08373045  205.7353178   648.85754075 2385.7383968   158.25793677
  110.78055574  126.60634942  142.43214309  174.08373045  158.25793677
  142.43214309 1954.4855191   413.44885981  366.86086908  183.43043454
  285.33623151  142.66811575  285.33623151  285.33623151  264.95507211
  244.57391272  305.7173909   142.66811575  305.7173909   183.43043454
  264.95507211 3474.98767656  163.04927515  122.28695636   81.52463757
   81.52463757  101.90579697  122.28695636   81.52463757  101.90579697
  163.04927515 2598.59782265  209.15336929  209.15336929  209.15336929
  179.27431653  149.39526378  179.27431653  209.15336929  209.15336929
  119.51621102  119.51621102   59.75810551   59.75810551   59.75810551
   89.63715827   59.75810551  119.51621102   77.88437555    0.
   77.88437555    0.            0.           77.88437555    0.
    0.            0.            0.            0.           77.88437555]
