[ 338.06171241 1166.39559592  696.72350946  198.50781555  646.12347805
  404.80025131  550.11316204  792.73382548  862.79540744 1093.84151667
  448.16171729  228.84853649  228.84853649  174.36078971  163.46324035
  141.66814164  141.66814164  371.87887179  228.84853649  316.02893134
 1729.98596036 2659.00204301 2080.06973344 2026.94418033  950.81118136
  461.24929904  295.67262759  190.7088448   403.59313666  520.38382456
  402.11477352  356.28551625  177.40357655  141.92286124  663.78504894
  795.35936822  508.55691946  508.55691946 1519.75730581  773.18392115
 1697.16088237 1876.04282206 1570.02165251 3242.05036153  402.11477352
 1003.13859437  213.29192704  428.25019726  789.84666733 1216.43052141
 1029.80008525  653.20652657  401.58870638  373.26087232  453.24534496
  159.96894528  639.87578113  559.89130848  506.56832672 6047.15940027
  786.51398097  253.28416336  479.90683584  399.9223632  1528.03669607
  534.89616078 1781.32085943 2156.24807494  603.21623116  490.59960399
  174.08373045  870.41865223 1093.95798792 2316.50054946 1335.30134149
  854.59285856  348.16746089  237.38690515  348.16746089  334.31989143
  906.02668801  492.57782819  904.0484638  4846.64931356  397.62306613
  269.03849251  365.97147878  427.29642928  585.55436605  506.42539766
  316.51587354 1713.14216553  621.16240182  856.00869452  224.19275333
 1243.25072299 1510.75344003 3148.88912627 3110.67445241 2759.09945287
 2861.00524984  672.57825998  203.81159393  326.09855029  937.53333209
  529.91014423 2718.33713408  366.86086908  366.86086908  183.43043454
  264.95507211  244.57391272  326.09855029  183.43043454  387.24202847
  407.62318787 2723.43242393  388.42768582  597.58105511 2338.0358781
  358.54863306  298.79052755  268.9114748   328.66958031  448.18579133
  209.15336929  298.79052755  209.15336929  179.27431653  179.27431653
  358.54863306  179.27431653  298.79052755  389.42187777  155.76875111
  233.65312666   77.88437555   77.88437555  155.76875111  155.76875111
   77.88437555   77.88437555   77.88437555  155.76875111  155.76875111]
