[ 346.99164444 1323.38543697  342.52328957  614.98499718  343.82072627
  186.83088522  301.00531508  469.67208645  883.55439468  864.99298018
  578.93230957  174.36078971   87.18039485   76.2828455    76.2828455
   98.07794421   65.38529614  316.02893134  523.08236912  217.95098713
 1171.48655584 1291.35959876 1904.34675007  612.98715131  896.32343458
  354.80715311  733.26811642   82.78833573   94.61524083  177.40357655
  177.40357655  165.57667145   82.78833573   70.96143062  830.84008353
  854.49389374  366.63405821  756.92192663 1173.82033153  688.91722229
 1198.95250488 1281.7408406  1235.91158333 1756.29540789  165.57667145
 1138.11239195  386.59161776   93.31521808  159.96894528  159.96894528
  133.3074544   146.63819984  133.3074544   173.29969072  173.29969072
   79.98447264  653.20652657  399.9223632   493.23758128 1323.07648493
  653.20652657   66.6537272    93.31521808   79.98447264  603.21623116
  186.63043616 1029.80008525 1299.74768041  468.24243358  395.64484192
   79.12896838  158.25793677  142.43214309   79.12896838   31.65158735
   47.47738103   47.47738103   79.12896838  126.60634942  158.25793677
  142.43214309  492.57782819 1778.42356445  923.83070589   79.12896838
   63.30317471   47.47738103   63.30317471  110.78055574   79.12896838
   79.12896838 1032.63303742  284.86428619  652.19710059  101.90579697
  142.66811575   61.14347818  101.90579697  101.90579697  101.90579697
   81.52463757  122.28695636   40.76231879  122.28695636  101.90579697
  326.09855029 1286.5606867    61.14347818   81.52463757   40.76231879
   40.76231879   61.14347818  101.90579697   40.76231879   40.76231879
   81.52463757 1757.87499767  119.51621102   89.63715827   59.75810551
   89.63715827   59.75810551   59.75810551  119.51621102   89.63715827
  119.51621102   59.75810551   29.87905276    0.           29.87905276
   59.75810551   29.87905276   59.75810551   77.88437555    0.
   77.88437555    0.            0.            0.            0.
    0.            0.            0.            0.           77.88437555]
