[ 276.8278928  1083.35964693  435.93873218  302.30275178  426.85667526
  269.86683421  352.90278319  708.40043979  852.41591381  919.48072696
  295.5960263   370.51667812  577.5701159   533.97991847  371.87887179
  250.6436352   174.36078971  533.97991847  217.95098713  446.79952362
 3153.47834507 3413.65733596 2845.62257574 1204.17920391  840.47349413
  437.59548883  342.980248    569.16980811  819.01317843 1815.42993341
 1898.21826913 1745.94686592  555.86453987  295.67262759  450.90075708
  759.87865291  437.59548883  709.61430622 4359.69289382 2151.01836572
 4179.33259099 2946.37773394 3898.44359478 4084.71735016  283.84572249
  936.48486717  333.268636    736.52368557 1593.02408009  988.14150575
  614.88063342  639.87578113  628.21137887 1201.43343279 1509.70692109
  361.59647006  626.54503569  466.5760904   506.56832672 4895.71626288
 2017.941591    279.94565424  359.93012688  359.93012688 3081.06853984
  883.16188541 5072.34863996 3026.0792149   468.24243358  458.94801663
  363.99325457 1204.73854366  585.55436605  395.64484192  237.38690515
  253.21269883  253.21269883  350.1456851   617.2059534  1699.29459606
  650.83576496  460.92624084 1236.39013101 4037.55561183  348.16746089
  284.86428619  284.86428619  284.86428619  363.99325457  348.16746089
  284.86428619 2844.68641343  492.57782819  652.19710059  754.10289755
  509.52898483  264.95507211  448.38550665  389.7896734   387.24202847
  387.24202847  468.76666605  285.33623151  613.98242672  570.67246301
  468.76666605 1964.23423653  305.7173909   264.95507211  183.43043454
  142.66811575  163.04927515  224.19275333  163.04927515  224.19275333
  264.95507211 2313.26159114  298.79052755  388.42768582  298.79052755
  268.9114748   239.03242204  298.79052755  328.66958031  418.30673857
  209.15336929  209.15336929  179.27431653  119.51621102  119.51621102
  179.27431653  149.39526378  239.03242204  155.76875111   77.88437555
  155.76875111   77.88437555   77.88437555  155.76875111  155.76875111
   77.88437555   77.88437555   77.88437555   77.88437555  155.76875111]
