[ 163.29018562  635.74398443  228.34885971  166.07189797  198.50781555
  145.31291073  228.34885971  364.57971352  570.87214928  504.01165774
  185.25833906  174.36078971  152.56569099  141.66814164  152.56569099
  141.66814164   87.18039485  217.95098713  108.97549357  261.54118456
 1423.49238471 1750.41886541 1761.31641476  634.78225002  610.26276397
  295.67262759  201.05738676  153.74976635  189.23048166  390.28786842
  402.11477352  356.28551625  165.57667145  130.09595614  224.71119697
  391.76623156  201.05738676  484.90310925 2433.38572507  535.16745594
 1161.99342643 1352.70227123 1497.58185875 1459.14441716  141.92286124
  683.20070381  186.63043616  173.29969072  333.268636    333.268636
  293.27639968  306.60714512  268.28125198  359.93012688  386.59161776
  146.63819984  226.62267248  239.95341792  319.93789056 1498.04251883
  519.89907216   79.98447264  133.3074544   133.3074544   844.83599227
  228.28901566 1206.43246233 1982.94838422  266.6149088   269.03849251
  142.43214309  284.86428619  269.03849251  174.08373045   94.95476206
  110.78055574  110.78055574  174.08373045  284.86428619  334.31989143
  189.90952412  253.21269883  856.57108276 1669.62123292  126.60634942
   79.12896838   79.12896838   94.95476206  142.43214309  110.78055574
  110.78055574 2302.65298     286.84251039  407.62318787  183.43043454
  244.57391272  101.90579697  203.81159393  183.43043454  183.43043454
  183.43043454  224.19275333  101.90579697  285.33623151  163.04927515
  224.19275333 1574.44456313  122.28695636  101.90579697   61.14347818
   61.14347818   61.14347818  285.33623151   40.76231879   81.52463757
  101.90579697 1943.85307714  119.51621102  119.51621102  119.51621102
  119.51621102   89.63715827  119.51621102  149.39526378  179.27431653
  119.51621102   89.63715827   59.75810551   29.87905276   29.87905276
   89.63715827   29.87905276   89.63715827   77.88437555    0.
   77.88437555    0.            0.            0.            0.
    0.            0.            0.            0.           77.88437555]
