[ 236.0053464   834.25179997  363.28227682  271.16427091  333.44123265
  197.21037884  290.62582145  614.98499718  769.37996483  656.57734874
  262.90337823  381.41422748  392.31177684  348.72157941  339.18622372
  239.74608585  141.66814164  381.41422748  163.46324035  294.23383263
 2834.72502639 1706.82866798 1806.26880586  734.2223879   720.60045121
  342.980248    307.49953269  356.28551625  391.76623156  662.3066858
  662.3066858   582.47507635  366.63405821  272.01881738  320.80480094
  616.47742853  307.49953269  614.99906539 2801.49814642  879.62606708
 1425.14206499 3230.22345643 3327.79542353 1567.06492623  189.23048166
  683.20070381  319.93789056  388.25796094  521.56541534  533.2298176
  454.91168814  493.23758128  441.5809427   599.8835448   626.54503569
  346.59938144  479.90683584  359.93012688  399.9223632  2727.80378568
 1081.45672383  148.30454302  226.62267248  213.29192704 2692.8105789
  763.18517645 2706.14132434 1861.30533207  348.26572462  348.16746089
  284.86428619  458.94801663  443.12222295  300.69007986  174.08373045
  189.90952412  174.08373045  300.69007986  458.94801663  587.53259026
  458.94801663  379.81904825 1014.82901953 3163.18051118  221.56111148
  158.25793677  158.25793677  174.08373045  443.12222295  205.7353178
  174.08373045 1459.9294667   350.1456851   529.91014423  366.86086908
  387.24202847  203.81159393  366.86086908  346.47970969  326.09855029
  326.09855029  387.24202847  203.81159393  430.55199218  366.86086908
  346.47970969 1780.80380199  183.43043454  163.04927515  101.90579697
  101.90579697  122.28695636  305.7173909   101.90579697  122.28695636
  163.04927515 2147.66467107  209.15336929  268.9114748   268.9114748
  209.15336929  179.27431653  239.03242204  239.03242204  298.79052755
  149.39526378  119.51621102   89.63715827   59.75810551   89.63715827
  119.51621102   59.75810551  149.39526378   77.88437555    0.
  155.76875111    0.            0.           77.88437555   77.88437555
    0.            0.            0.            0.           77.88437555]
