[ 348.26734901 1176.77508954  810.89793932  271.16427091  718.77993341
  435.93873218  581.25164291  677.26195892  905.61081863 1104.73906603
  568.03476021  250.6436352   207.05343778  207.05343778  230.21073016
  174.36078971  152.56569099  414.10687555  228.84853649  348.72157941
 3481.76701944 3250.19409561 2198.5805827   864.99298018  918.11853329
  473.07620414  390.28786842  283.84572249  379.93932645  579.51835008
  579.51835008  439.07385197  212.88429187  165.57667145  724.3979376
  830.84008353  484.90310925  520.38382456 4476.48358172 1924.82880561
 7445.03676273 2031.27095155 1652.80998823 2137.71309748  390.28786842
 1029.80008525  226.62267248  306.60714512  574.8883971   559.89130848
  428.25019726  439.91459952  388.25796094  479.90683584  466.5760904
  186.63043616  653.20652657  573.22205392  493.23758128 3960.89773889
  841.50330591  254.95050654  439.91459952  413.25310864 5705.55904837
  494.90392446 1408.05998711 1887.96682296  616.5469766   506.42539766
  189.90952412 1315.5190994   727.98650914 1109.7837816   379.81904825
  316.51587354  221.56111148  284.86428619  506.42539766  460.92624084
  824.91949541  492.57782819  904.0484638  4179.98775492  350.1456851
  253.21269883  363.99325457  395.64484192  696.33492179  443.12222295
  284.86428619 2476.73671044  668.63978285  856.00869452  305.7173909
 1469.99112124 1408.84764306 3169.27028566 2188.42698986  428.00434726
 1633.04039639  366.86086908  244.57391272  450.93315158  937.53333209
  489.14782544 3928.46847306  305.7173909   305.7173909   183.43043454
  244.57391272  224.19275333  532.45778915  183.43043454  326.09855029
  366.86086908 2106.90235228  358.54863306  537.8229496  2338.0358781
  418.30673857  239.03242204  358.54863306  806.73442439  866.4925299
  209.15336929  268.9114748   209.15336929  179.27431653  179.27431653
  328.66958031  149.39526378  298.79052755  389.42187777  155.76875111
  233.65312666   77.88437555   77.88437555  233.65312666  155.76875111
   77.88437555   77.88437555   77.88437555   77.88437555  155.76875111]
