[ 173.49582222  583.84651631  301.00531508  229.64629642  260.78477729
  186.83088522  301.00531508  490.4310737   613.68756048  514.9092071
  261.54118456  217.95098713  185.25833906  174.36078971  174.36078971
  163.46324035   98.07794421  239.74608585  141.66814164  250.6436352
 3252.91848295 2385.20111543 3852.28369756  864.99298018  622.522507
  295.67262759  272.01881738  177.40357655  212.88429187  461.24929904
  496.73001435  439.07385197  212.88429187  165.57667145  308.97789583
  427.24694687  260.19191228  484.90310925 3147.4351207  1367.48590261
 1745.94686592 3063.16842184 3113.43276853 3883.6599634   212.88429187
  508.2346699   226.62267248  213.29192704  388.25796094  426.58385408
  361.59647006  399.9223632   374.9272155   479.90683584  519.89907216
  186.63043616  319.93789056  266.6149088   359.93012688 3357.68150773
  893.15994449  148.30454302  199.9611816   199.9611816  1876.3024207
  348.26572462 5142.33505352 4379.14987708  321.60423374  300.69007986
  174.08373045  363.99325457  363.99325457  237.38690515  126.60634942
  158.25793677  158.25793677  269.03849251  411.4706356   492.57782819
  253.21269883  284.86428619  840.74528909 1954.4855191   189.90952412
  126.60634942  142.43214309  158.25793677  221.56111148  189.90952412
  189.90952412 3734.88730776  524.22941555  407.62318787  224.19275333
  326.09855029  163.04927515  305.7173909   305.7173909   305.7173909
  285.33623151  346.47970969  183.43043454  428.00434726  244.57391272
  326.09855029 2433.00090258  183.43043454  142.66811575  101.90579697
  101.90579697  122.28695636  224.19275333  101.90579697  142.66811575
  183.43043454 2723.43242393  239.03242204  239.03242204  239.03242204
  179.27431653  179.27431653  209.15336929  239.03242204  298.79052755
  149.39526378  119.51621102   89.63715827   59.75810551   59.75810551
  119.51621102   89.63715827  149.39526378   77.88437555    0.
  155.76875111    0.            0.           77.88437555   77.88437555
   77.88437555    0.            0.            0.           77.88437555]
