[ 377.60855424 1250.72898161  363.28227682  552.70803544  364.57971352
  176.4513916   269.86683421  459.29259283  707.10300309  886.78807889
  448.16171729  743.75774359  141.66814164  130.77059228  130.77059228
  348.72157941  678.37244745  689.26999681  414.10687555  250.6436352
 1412.59483535 1367.64244425 1672.77382624  634.78225002  829.57594477
  366.63405821  804.22954705  141.92286124  153.74976635  319.3264378
  331.1533429   285.32408562  141.92286124  130.09595614  700.74412739
  866.32079884  402.11477352  591.34525518 1102.85890091  606.12888656
 1043.72437539 1092.51035895 1164.95015271 2671.40219028  177.40357655
 1031.46642843  799.84472641  159.96894528  279.94565424  279.94565424
  239.95341792  253.28416336  239.95341792  293.27639968  333.268636
  119.97670896 1001.47225119  399.9223632   426.58385408 3104.39734436
  639.87578113   93.31521808  119.97670896  119.97670896  844.83599227
  228.28901566 2009.6098751  1473.04737113  508.2346699   427.29642928
  237.38690515  253.21269883  237.38690515  142.43214309   79.12896838
   94.95476206   94.95476206  142.43214309  237.38690515  332.34166722
  506.42539766  492.57782819 1444.10367302  971.30808692  126.60634942
   79.12896838   94.95476206   94.95476206  189.90952412  110.78055574
  110.78055574 2765.55744505  286.84251039  692.95941937  163.04927515
  224.19275333  101.90579697  183.43043454  183.43043454  183.43043454
  163.04927515  203.81159393  101.90579697  244.57391272  163.04927515
  366.86086908 1615.20688192  101.90579697  101.90579697   61.14347818
   61.14347818   81.52463757  142.66811575   61.14347818   81.52463757
  122.28695636 1635.58804131  149.39526378  149.39526378  119.51621102
  119.51621102   89.63715827  119.51621102  149.39526378  179.27431653
  119.51621102   89.63715827   59.75810551   29.87905276   29.87905276
   89.63715827   29.87905276   89.63715827   77.88437555    0.
   77.88437555    0.            0.           77.88437555    0.
    0.            0.            0.            0.           77.88437555]
