[ 408.22546404 1250.72898161  352.90278319  573.46702269  354.2002199
  186.83088522  301.00531508  438.53360558  769.37996483  854.09543082
  415.46906922  787.34794102  152.56569099  130.77059228  141.66814164
  392.31177684  689.26999681  700.16754616  414.10687555  305.13138199
 1205.54139757 1926.14184878 1683.6713756   734.2223879   731.49800056
  366.63405821  780.57573684  141.92286124  153.74976635  307.49953269
  307.49953269  261.67027542  130.09595614  118.26905104  675.61195404
  878.14770394  390.28786842  674.13359091 1269.9139355   606.12888656
 1079.20509071 1116.16416915 1688.29070354 1744.46850278  153.74976635
  923.15412173  759.85249009  146.63819984  266.6149088   266.6149088
  226.62267248  226.62267248  213.29192704  266.6149088   279.94565424
  119.97670896 1014.80299663  426.58385408  453.24534496 1471.38102795
  666.53727201   93.31521808  119.97670896  119.97670896 1727.99787767
  308.2734883  1353.07066217 1473.04737113  428.25019726  316.51587354
  253.21269883  237.38690515  221.56111148  126.60634942   79.12896838
   79.12896838   79.12896838  126.60634942  205.7353178   269.03849251
  476.75203452  508.40362187 1428.27787934 2114.72168008  110.78055574
   79.12896838   79.12896838   94.95476206  237.38690515  110.78055574
  110.78055574 2907.98958814  255.19092304  570.67246301  142.66811575
  203.81159393   81.52463757  163.04927515  163.04927515  163.04927515
  142.66811575  183.43043454   81.52463757  203.81159393  163.04927515
  366.86086908 1350.25180981  101.90579697  101.90579697   61.14347818
   61.14347818   81.52463757  305.7173909    61.14347818   81.52463757
  122.28695636 1635.58804131  149.39526378  149.39526378  119.51621102
  119.51621102   89.63715827  119.51621102  149.39526378  149.39526378
  119.51621102   89.63715827   59.75810551   29.87905276   29.87905276
   89.63715827   29.87905276   89.63715827   77.88437555    0.
   77.88437555    0.            0.           77.88437555    0.
    0.            0.            0.            0.           77.88437555]
