[ 276.8278928  1072.98015331  738.24148396  302.30275178  604.60550356
  321.76430232  446.3182258   552.70803544  821.27743294 1050.25131924
  535.34211214  196.15588842  152.56569099  141.66814164  141.66814164
  130.77059228  119.87304292  326.9264807   152.56569099  261.54118456
 1992.88933859 4508.8610463  2298.02072057 1270.92669371  840.47349413
  425.76858373  390.28786842  189.23048166  201.05738676  567.69144497
  402.11477352  403.59313666  177.40357655  130.09595614  604.65052342
  665.26341208  354.80715311  461.24929904 1744.46850278  808.66463646
 1734.11996082 1649.85326195 1570.02165251 3383.97322277  307.49953269
  776.51592189  186.63043616  213.29192704  749.85443101  426.58385408
  348.26572462  373.26087232  294.94274286  373.26087232  413.25310864
  159.96894528  546.56056304  493.23758128  399.9223632  2394.53514968
  853.16770817  133.3074544   226.62267248  199.9611816  1313.07842585
  348.26572462 1394.72924167 1581.35967783  508.2346699   522.25119134
  158.25793677  506.42539766  569.72857237  316.51587354  158.25793677
  158.25793677  158.25793677  221.56111148  316.51587354  381.79727246
  587.53259026  413.44885981  840.74528909 1940.63794964  189.90952412
  142.43214309  174.08373045  189.90952412  443.12222295  221.56111148
  174.08373045 1776.44534024  571.70679658  794.86521634  203.81159393
  815.24637573  264.95507211  448.38550665  366.86086908  326.09855029
  264.95507211  305.7173909   163.04927515  346.47970969  631.81594119
  366.86086908 2269.95162743  203.81159393  163.04927515  101.90579697
  122.28695636  122.28695636  407.62318787  101.90579697  163.04927515
  203.81159393 2086.52119289  268.9114748   328.66958031 1139.1388863
  239.03242204  209.15336929  239.03242204  209.15336929  358.54863306
  268.9114748   179.27431653   89.63715827   89.63715827   89.63715827
  298.79052755   89.63715827  179.27431653  233.65312666   77.88437555
  155.76875111    0.            0.           77.88437555   77.88437555
    0.            0.            0.            0.           77.88437555]
