[ 163.29018562  573.46702269  238.72835334  155.69240435  207.58987247
  134.9334171   197.21037884  385.33870077  674.66708551  415.46906922
  174.36078971  207.05343778  185.25833906  163.46324035  174.36078971
  152.56569099   98.07794421  250.6436352    98.07794421  207.05343778
 2901.4725162  3130.32105269 1749.05667174  723.32483854  599.36521461
  236.53810207  189.23048166  177.40357655  177.40357655  366.63405821
  366.63405821  332.63170604  153.74976635  153.74976635  224.71119697
  486.38147239  224.71119697  532.21072966 1067.3781856   511.51364573
 1139.81797936 1187.12559978 1247.73848843 1565.58656309  130.09595614
  441.5809427   186.63043616  173.29969072  306.60714512  293.27639968
  253.28416336  266.6149088   253.28416336  319.93789056  359.93012688
  146.63819984  253.28416336  293.27639968  346.59938144 4387.48159298
  519.89907216   79.98447264  119.97670896  119.97670896  831.50524683
  214.95827022 1126.44798969 1486.37811657  253.28416336  221.56111148
  174.08373045  253.21269883  237.38690515  142.43214309   79.12896838
   94.95476206   94.95476206  142.43214309  237.38690515  318.49409775
  221.56111148  348.16746089 1046.48060689 1924.81215596  110.78055574
   79.12896838   79.12896838   94.95476206  269.03849251  110.78055574
   94.95476206 1238.36835522  253.21269883  346.47970969  163.04927515
  203.81159393   81.52463757  163.04927515  163.04927515  163.04927515
  142.66811575  183.43043454   81.52463757  244.57391272  163.04927515
  264.95507211 1796.08967154  101.90579697  101.90579697   61.14347818
   40.76231879   61.14347818  203.81159393   40.76231879   61.14347818
  101.90579697 2043.21122918  119.51621102  119.51621102  119.51621102
   89.63715827   89.63715827   89.63715827  119.51621102  149.39526378
   89.63715827   89.63715827   59.75810551   29.87905276   29.87905276
   59.75810551   29.87905276   59.75810551   77.88437555    0.
   77.88437555    0.            0.            0.            0.
    0.            0.            0.            0.           77.88437555]
