[ 326.58037123 1333.76493059  541.03110511  374.95920714  530.65161149
  301.00531508  404.80025131  552.70803544  967.88778037 1093.84151667
  328.28867437  655.21515507  982.14163576  884.06369155  852.73323715
  283.33628327  175.72298338  678.37244745  207.05343778  283.33628327
 2736.64708218 2232.63542444 2198.5805827  1051.61351291  918.11853329
  496.73001435  378.46096332  937.28222946 1342.35372926 1756.29540789
 1172.3419684  1793.25448634 1091.03199581  413.94167863  462.72766218
  938.7605926   473.07620414  756.92192663 2766.01743111  808.66463646
 2053.44639862 3159.2620258  1902.65335854 2136.23473434  260.19191228
 1058.12791931  573.22205392 1218.09686459  628.21137887  599.8835448
  534.89616078  573.22205392  574.8883971   666.53727201 1014.80299663
  723.19294013  906.49068993  533.2298176   506.56832672 3490.98896213
 1389.73021213  214.95827022  306.60714512  306.60714512 2197.90665444
  869.83113997 3336.01904639 3964.23042525  521.56541534  522.25119134
  648.85754075  522.25119134  522.25119134  332.34166722  189.90952412
  221.56111148  205.7353178   318.49409775  617.2059534  1254.1941489
  953.50406904  555.8810029  1254.1941489  1859.53075704  316.51587354
  237.38690515  237.38690515  253.21269883  458.94801663  300.69007986
  253.21269883 1778.42356445  540.05520923  835.62753513 1059.82028845
  428.00434726  224.19275333  387.24202847  349.02735461  366.86086908
  366.86086908  428.00434726  224.19275333  532.45778915  794.86521634
  489.14782544 2494.14438076  264.95507211  224.19275333  142.66811575
  122.28695636  142.66811575  366.86086908  142.66811575  203.81159393
  244.57391272 2598.59782265  298.79052755  358.54863306  298.79052755
  268.9114748   239.03242204  268.9114748   298.79052755  358.54863306
  209.15336929  179.27431653  119.51621102  119.51621102  119.51621102
  149.39526378  119.51621102  209.15336929  155.76875111   77.88437555
  155.76875111   77.88437555   77.88437555  155.76875111   77.88437555
    0.            0.           77.88437555   77.88437555  155.76875111]
