[ 297.23916601 1124.87762143  727.86199033  260.78477729  635.74398443
  373.66177044  539.73366841  666.8824653   821.27743294 1050.25131924
  502.64946407  228.84853649  185.25833906  174.36078971  207.05343778
  152.56569099  141.66814164  337.82403005  207.05343778  326.9264807
 3962.6213848  5568.64772123 3741.94601033 1292.72179243  907.22098394
  449.42239394  366.63405821  273.49718052  308.97789583  461.24929904
  473.07620414  368.11242135  177.40357655  141.92286124  663.78504894
  677.09031718  425.76858373  496.73001435 1768.12231299 1389.66134968
 6900.99912796 4749.98076224 1640.98308313 2303.28976893  354.80715311
  963.14635805  213.29192704  266.6149088   548.22690622  466.5760904
  361.59647006  373.26087232  334.93497918  413.25310864  399.9223632
  159.96894528  599.8835448   373.26087232  453.24534496 2929.43131046
  826.50621729  201.62752478  413.25310864  386.59161776 4929.04312648
  481.57317902 1421.39073255 1781.32085943  588.21914254  474.77381031
  174.08373045 1649.83899082  696.33492179  919.87425747  223.53933569
  269.03849251  189.90952412  253.21269883  332.34166722  381.79727246
  793.26790806  429.27465349  854.59285856 3418.37143422  348.16746089
  221.56111148  332.34166722  363.99325457  617.2059534   411.4706356
  269.03849251 1810.0751518   571.70679658  815.24637573  244.57391272
 1449.60996185 1327.32300549 2922.14872802  736.26938308 1120.96376663
 1900.54311343  366.86086908  203.81159393  407.62318787  856.00869452
  448.38550665 2453.38206197  285.33623151  285.33623151  163.04927515
  224.19275333  203.81159393  634.36358612  183.43043454  305.7173909
  366.86086908 2435.5485475   358.54863306  478.06484408 2188.64061432
  328.66958031  268.9114748   268.9114748   597.58105511  866.4925299
  209.15336929  239.03242204  179.27431653  149.39526378  149.39526378
  298.79052755  149.39526378  268.9114748   389.42187777  155.76875111
  233.65312666   77.88437555   77.88437555  155.76875111  155.76875111
   77.88437555   77.88437555   77.88437555   77.88437555  155.76875111]
