[ 163.29018562  530.65161149  155.69240435  155.69240435  155.69240435
  103.79493623  166.07189797  281.54376453  435.93873218  360.98132244
  174.36078971   98.07794421   65.38529614   54.48774678   54.48774678
   65.38529614   54.48774678  294.23383263   87.18039485  141.66814164
 1160.58900648 1289.99740509 1420.76799737  777.81258533  468.59462233
  177.40357655  189.23048166   59.13452552   70.96143062  153.74976635
  153.74976635  141.92286124   59.13452552   47.30762041  236.53810207
  557.34290301  236.53810207  378.46096332  876.66934081  427.24694687
  901.80151415  972.76294477 1058.50800677 1352.70227123  106.44214593
  374.9272155   106.64596352   79.98447264  133.3074544   133.3074544
  106.64596352  119.97670896  106.64596352  133.3074544   146.63819984
   53.32298176  186.63043616  199.9611816   506.56832672 1283.08424861
  426.58385408   39.99223632   66.6537272    66.6537272   549.8932494
  159.96894528  989.80784893 1353.07066217  199.9611816   158.25793677
   63.30317471  126.60634942  110.78055574   63.30317471   31.65158735
   31.65158735   15.82579368   47.47738103   94.95476206  126.60634942
   94.95476206  316.51587354 1301.67152993  874.37510065   63.30317471
   31.65158735   31.65158735   47.47738103   63.30317471   47.47738103
   63.30317471  935.70005115  237.38690515  244.57391272   61.14347818
  101.90579697   40.76231879   81.52463757   81.52463757   81.52463757
   61.14347818  101.90579697   20.38115939  101.90579697   81.52463757
  183.43043454 1411.39528799   40.76231879   61.14347818   20.38115939
   20.38115939   40.76231879   40.76231879   20.38115939   20.38115939
   61.14347818 1798.63731646   89.63715827   59.75810551   59.75810551
   59.75810551   29.87905276   29.87905276   89.63715827   89.63715827
   59.75810551   29.87905276   29.87905276    0.            0.
   29.87905276    0.           29.87905276    0.            0.
    0.            0.            0.            0.            0.
    0.            0.            0.            0.            0.        ]
