[ 327.85607581 1062.60065969  707.10300309  573.46702269  718.77993341
  456.69771943  477.45670667  688.93888925  570.87214928 1115.63661538
  721.96264488  426.36661858  283.33628327  250.6436352   230.21073016
  228.84853649  163.46324035  425.00442491  228.84853649  523.08236912
 5046.92754578 4661.42673729 4957.02276359 1840.3236476   753.29309928
  532.21072966  662.3066858   226.18956011  285.32408562  626.82597049
  674.13359091  582.47507635  295.67262759  260.19191228 1020.07056519
  925.45532436  425.76858373  674.13359091 6747.24936161 3125.25967363
 6912.82603306 6637.85048941 4812.07201403 4763.28603048  331.1533429
  976.47710349  399.9223632   306.60714512  534.89616078  586.55279936
  508.2346699   546.56056304  534.89616078  653.20652657  719.86025377
  266.6149088   973.14441713  613.21429024  546.56056304 7681.84205986
 3411.00448949  268.28125198  333.268636    359.93012688 3227.70673969
  869.83113997 3359.34785091 4270.83757037  481.57317902  585.55436605
  221.56111148  506.42539766  585.55436605  379.81904825  174.08373045
  221.56111148  189.90952412  365.97147878  585.55436605  824.91949541
  840.74528909  492.57782819 1078.13219424 7596.38096493  348.16746089
  221.56111148  253.21269883  269.03849251  379.81904825  269.03849251
  253.21269883 2860.51220711  571.70679658  387.24202847  305.7173909
  468.76666605  264.95507211  448.38550665  410.17083279  428.00434726
  428.00434726  509.52898483  264.95507211  613.98242672  611.4347818
  468.76666605 4007.44546571  346.47970969  264.95507211  183.43043454
  163.04927515  203.81159393  287.88387643  142.66811575  203.81159393
  244.57391272 1202.48840421  418.30673857  507.94389684  358.54863306
  298.79052755  298.79052755  328.66958031  328.66958031  746.97631888
  298.79052755  268.9114748   179.27431653  149.39526378  149.39526378
  179.27431653  149.39526378  239.03242204  233.65312666   77.88437555
  233.65312666    0.           77.88437555  233.65312666  155.76875111
   77.88437555   77.88437555   77.88437555   77.88437555  233.65312666]
