[ 256.4166196   822.57486965  498.21569392  489.133637    490.4310737
  363.28227682  404.80025131  896.52876171  518.97468117  799.60768404
  513.54701343  459.05926665  316.02893134  261.54118456  230.21073016
  261.54118456  152.56569099  533.97991847  228.84853649  555.77501719
 6644.78072019 6851.83415797 6772.82692513 2037.84172969  709.70290185
  413.94167863  567.69144497  368.11242135  285.32408562  614.99906539
  638.6528756   570.64817125  283.84572249  283.84572249  724.3979376
  759.87865291  402.11477352  651.95814384 8447.36697026 4205.94312747
 8787.39049199 6889.17222286 6309.65387278 3883.6599634   283.84572249
  668.20361519  466.5760904   401.58870638  534.89616078  599.8835448
  481.57317902  533.2298176   508.2346699   626.54503569  679.86801745
  266.6149088   759.85249009  426.58385408  533.2298176  9928.07266652
 4252.50779539  321.60423374  373.26087232  386.59161776 3455.99575535
  963.14635805 3147.72226705 3669.28768239  428.25019726  427.29642928
  253.21269883  490.59960399  506.42539766  316.51587354  174.08373045
  205.7353178   174.08373045  363.99325457  569.72857237  682.48735232
  635.00997129  427.29642928  999.00322586 9329.30537256  350.1456851
  237.38690515  253.21269883  284.86428619  553.90277869  284.86428619
  253.21269883 2795.23080819  492.57782819  326.09855029  305.7173909
  468.76666605  244.57391272  428.00434726  389.7896734   407.62318787
  428.00434726  489.14782544  264.95507211  552.83894854  509.52898483
  428.00434726 4868.54945008  366.86086908  285.33623151  183.43043454
  183.43043454  203.81159393  389.7896734   163.04927515  203.81159393
  224.19275333 1182.10724481  418.30673857  537.8229496   328.66958031
  328.66958031  298.79052755  358.54863306  328.66958031  507.94389684
  209.15336929  268.9114748   179.27431653  149.39526378  149.39526378
  179.27431653  149.39526378  239.03242204  233.65312666  155.76875111
  233.65312666  155.76875111  155.76875111  233.65312666  155.76875111
   77.88437555   77.88437555  155.76875111   77.88437555  233.65312666]
