[ 183.70145882  551.41059874  259.48734058  219.26680279  250.40528366
  207.58987247  238.72835334  552.70803544  394.42075769  514.9092071
  230.21073016  239.74608585  207.05343778  185.25833906  174.36078971
  163.46324035   98.07794421  207.05343778  152.56569099  348.72157941
 4072.95907203 3500.83773081 4661.42673729 1544.7276213   546.2396615
  378.46096332  272.01881738  189.23048166  212.88429187  437.59548883
  461.24929904  403.59313666  201.05738676  177.40357655  320.80480094
  450.90075708  272.01881738  520.38382456 6117.46666485 2483.65007176
 4820.94219286 4402.56542482 3601.29260405 4217.77003258  201.05738676
  481.57317902  239.95341792  226.62267248  374.9272155   413.25310864
  334.93497918  386.59161776  348.26572462  453.24534496  493.23758128
  186.63043616  333.268636    333.268636    399.9223632  7198.60253766
 2914.43422184  226.62267248  239.95341792  239.95341792 1876.3024207
  603.21623116 2329.54776566 3789.26439135  348.26572462  284.86428619
  158.25793677  363.99325457  363.99325457  221.56111148  110.78055574
  142.43214309  126.60634942  253.21269883  395.64484192  460.92624084
  269.03849251  284.86428619  824.91949541 6642.8768959   253.21269883
  158.25793677  158.25793677  174.08373045  253.21269883  189.90952412
  174.08373045 3145.37649329  350.1456851   224.19275333  203.81159393
  346.47970969  183.43043454  305.7173909   305.7173909   305.7173909
  285.33623151  346.47970969  163.04927515  407.62318787  244.57391272
  305.7173909  4173.04238578  244.57391272  183.43043454  122.28695636
  122.28695636  122.28695636  163.04927515  101.90579697  142.66811575
  183.43043454 1080.20144785  298.79052755  388.42768582  239.03242204
  239.03242204  209.15336929  239.03242204  239.03242204  298.79052755
  119.51621102  149.39526378  119.51621102   89.63715827   89.63715827
  119.51621102   89.63715827  149.39526378  155.76875111   77.88437555
  155.76875111   77.88437555   77.88437555  155.76875111   77.88437555
    0.            0.            0.           77.88437555  155.76875111]
