[ 256.4166196   896.52876171  487.8362003   208.88730917  499.51313062
  394.42075769  363.28227682  666.8824653   477.45670667  919.48072696
  339.18622372  185.25833906  163.46324035  141.66814164  141.66814164
  130.77059228   98.07794421  316.02893134  141.66814164  305.13138199
 2879.67741748 2911.00787188 4255.49302376 1445.28748342  644.31760571
  638.6528756   272.01881738  153.74976635  165.57667145  354.80715311
  378.46096332  344.45861114  165.57667145  141.92286124  498.20837749
  665.26341208  331.1533429   484.90310925 2791.14960445 1913.00190051
 6602.36977409 4228.11857454 2816.2817778  2897.59175039  236.53810207
  803.17741277  186.63043616  173.29969072  333.268636    346.59938144
  306.60714512  319.93789056  294.94274286  386.59161776  399.9223632
  146.63819984  599.8835448   453.24534496  386.59161776 3799.26245043
 1563.02990285  159.96894528  213.29192704  239.95341792 2411.19858148
  534.89616078 1526.37035289 2637.82125396  414.91945182  490.59960399
  142.43214309  300.69007986  300.69007986  189.90952412  110.78055574
  126.60634942   94.95476206  221.56111148  332.34166722  381.79727246
  682.48735232  429.27465349  886.24444591 2957.44519338  205.7353178
  126.60634942  158.25793677  174.08373045  316.51587354  174.08373045
  158.25793677 1539.05843508  476.75203452  326.09855029  163.04927515
  285.33623151  142.66811575  326.09855029  264.95507211  326.09855029
  285.33623151  326.09855029  142.66811575  366.86086908  631.81594119
  346.47970969 3169.27028566  203.81159393  183.43043454  101.90579697
  101.90579697  122.28695636  224.19275333   81.52463757  122.28695636
  183.43043454  978.29565088  268.9114748   298.79052755  209.15336929
  239.03242204  209.15336929  298.79052755  209.15336929  627.46010786
  209.15336929  179.27431653   89.63715827   59.75810551   89.63715827
  119.51621102   89.63715827  149.39526378  155.76875111   77.88437555
  155.76875111    0.            0.           77.88437555   77.88437555
    0.            0.            0.            0.           77.88437555]
