[ 183.70145882  561.79009236  280.24632783  219.26680279  260.78477729
  217.96936609  249.10784696  521.56955457  404.80025131  493.11410839
  230.21073016  217.95098713  196.15588842  174.36078971  163.46324035
  152.56569099   87.18039485  239.74608585  152.56569099  348.72157941
 4707.74132206 4398.52335906 3444.98779036 2146.81722325  535.34211214
  378.46096332  272.01881738  165.57667145  212.88429187  437.59548883
  449.42239394  403.59313666  201.05738676  165.57667145  332.63170604
  474.55456728  272.01881738  508.55691946 4168.98404903 1948.48261582
 4072.89044506 3907.31377361 3815.65525905 3574.68206757  201.05738676
  521.56541534  226.62267248  213.29192704  361.59647006  399.9223632
  334.93497918  373.26087232  348.26572462  439.91459952  493.23758128
  186.63043616  346.59938144  359.93012688  399.9223632  7881.80324146
 2191.24128172  186.63043616  226.62267248  239.95341792 2906.10250594
  576.55474028 2289.55552934 3520.98313937  308.2734883   300.69007986
  158.25793677  348.16746089  348.16746089  221.56111148  110.78055574
  142.43214309  126.60634942  253.21269883  395.64484192  476.75203452
  300.69007986  284.86428619  856.57108276 6261.07962344  253.21269883
  142.43214309  158.25793677  174.08373045  221.56111148  174.08373045
  174.08373045 2842.70818922  429.27465349  224.19275333  203.81159393
  326.09855029  163.04927515  285.33623151  305.7173909   285.33623151
  264.95507211  346.47970969  163.04927515  428.00434726  244.57391272
  305.7173909  4356.47282032  244.57391272  183.43043454  122.28695636
  101.90579697  122.28695636  224.19275333  101.90579697  122.28695636
  163.04927515  957.91449149  298.79052755  358.54863306  209.15336929
  209.15336929  179.27431653  239.03242204  239.03242204  328.66958031
  149.39526378  179.27431653  119.51621102   89.63715827   89.63715827
  119.51621102   89.63715827  149.39526378  155.76875111   77.88437555
  155.76875111   77.88437555    0.          155.76875111   77.88437555
    0.            0.           77.88437555   77.88437555  155.76875111]
