[ 193.90709542  563.08752906  301.00531508  229.64629642  260.78477729
  217.96936609  269.86683421  625.3644908   415.17974493  514.9092071
  252.00582887  217.95098713  196.15588842  174.36078971  163.46324035
  163.46324035   98.07794421  239.74608585  152.56569099  305.13138199
 4542.91588804 3676.56071419 3883.61415196 2036.47953602  622.522507
  413.94167863  272.01881738  165.57667145  201.05738676  437.59548883
  449.42239394  403.59313666  201.05738676  165.57667145  332.63170604
  462.72766218  283.84572249  532.21072966 5498.03251004 1735.59832396
 4061.06353995 3907.31377361 3351.44923374 4395.17360913  212.88429187
  521.56541534  226.62267248  213.29192704  374.9272155   413.25310864
  334.93497918  373.26087232  348.26572462  453.24534496  466.5760904
  173.29969072  333.268636    346.59938144  386.59161776 7011.9721015
 2004.61084556  186.63043616  226.62267248  239.95341792 3216.04233743
  534.89616078 2746.13356066 4284.16831581  321.60423374  316.51587354
  158.25793677  348.16746089  363.99325457  221.56111148  110.78055574
  142.43214309  110.78055574  253.21269883  379.81904825  429.27465349
  269.03849251  300.69007986  888.22267012 4814.99772621  237.38690515
  142.43214309  158.25793677  174.08373045  395.64484192  189.90952412
  174.08373045 2383.76017259  381.79727246  244.57391272  203.81159393
  326.09855029  163.04927515  305.7173909   305.7173909   285.33623151
  264.95507211  346.47970969  163.04927515  387.24202847  244.57391272
  326.09855029 4295.32934214  224.19275333  183.43043454  122.28695636
  101.90579697  122.28695636  326.09855029  101.90579697  142.66811575
  183.43043454 1225.41720852  268.9114748   358.54863306  209.15336929
  209.15336929  179.27431653  209.15336929  239.03242204  268.9114748
  149.39526378  179.27431653  119.51621102   89.63715827   89.63715827
  119.51621102   89.63715827  149.39526378  155.76875111    0.
  155.76875111   77.88437555    0.           77.88437555   77.88437555
    0.            0.            0.           77.88437555  155.76875111]
