[  225.7997098    677.26195892   446.3182258    385.33870077
   437.23616888   290.62582145   352.90278319   813.49281273
   487.8362003    612.98715131   426.36661858   337.82403005
   250.6436352    228.84853649   197.51808209   217.95098713
   130.77059228   316.02893134   207.05343778   501.2872704
  5999.10092081  5677.62321479  5811.11819441  2059.6368284
   644.31760571   342.980248     461.24929904   249.84337031
   260.19191228   544.03763477   567.69144497   498.20837749
   248.36500718   212.88429187   545.5159979    606.12888656
   354.80715311   591.34525518  8080.73291205  3636.77331936
  6090.85612836  7211.45538693  6250.51934726  3919.14067871
   248.36500718   521.56541534   333.268636     279.94565424
   468.24243358   506.56832672   414.91945182   466.5760904
   428.25019726   533.2298176    586.55279936   226.62267248
   559.89130848   359.93012688   466.5760904  10354.6565206
  3529.31485527   268.28125198   306.60714512   319.93789056
  4005.88900475  1111.45090107  2999.41772402  3480.99090305
   348.26572462   348.16746089   189.90952412   427.29642928
   443.12222295   284.86428619   142.43214309   174.08373045
   158.25793677   316.51587354   474.77381031   571.70679658
   429.27465349   363.99325457   872.39687644  4720.04296415
   332.34166722   205.7353178    221.56111148   237.38690515
   348.16746089   253.21269883   221.56111148  2383.76017259
   429.27465349   264.95507211   244.57391272   407.62318787
   224.19275333   366.86086908   366.86086908   366.86086908
   346.47970969   428.00434726   203.81159393   471.31431097
   387.24202847   366.86086908  4234.18586396   305.7173909
   244.57391272   163.04927515   163.04927515   163.04927515
   387.24202847   142.66811575   183.43043454   203.81159393
  1080.20144785   328.66958031   418.30673857   298.79052755
   268.9114748    239.03242204   298.79052755   298.79052755
   418.30673857   209.15336929   209.15336929   149.39526378
   119.51621102   119.51621102   149.39526378   119.51621102
   179.27431653   155.76875111    77.88437555   233.65312666
   155.76875111    77.88437555   155.76875111   155.76875111
    77.88437555    77.88437555    77.88437555    77.88437555
   155.76875111]
