[ 256.4166196   822.57486965  539.73366841  500.81056732  561.79009236
  352.90278319  384.04126406  823.87230635  508.59518754  821.40278275
  568.03476021  381.41422748  250.6436352   217.95098713  186.62053273
  228.84853649  141.66814164  348.72157941  196.15588842  490.38972105
 5560.47455921 5525.0575238  5800.22064506 2025.58198666  720.60045121
  413.94167863  614.99906539  297.15099073  260.19191228  520.38382456
  544.03763477  486.38147239  236.53810207  201.05738676  748.0517478
  712.57103249  366.63405821  579.51835008 7175.97467162 3231.70181956
 5141.7469938  5379.76345901 6215.03863195 3895.4868685   272.01881738
  641.54212431  399.9223632   279.94565424  441.5809427   493.23758128
  401.58870638  453.24534496  428.25019726  519.89907216  573.22205392
  226.62267248  786.51398097  373.26087232  453.24534496 9328.18912171
 3382.67665543  266.6149088   281.61199742  319.93789056 4139.19645915
 1124.78164651 3039.40996034 3401.00643041  388.25796094  443.12222295
  205.7353178   427.29642928  427.29642928  269.03849251  142.43214309
  174.08373045  158.25793677  300.69007986  458.94801663  555.8810029
  650.83576496  395.64484192  824.91949541 7422.29723449  300.69007986
  189.90952412  221.56111148  237.38690515  395.64484192  253.21269883
  221.56111148 2367.93437891  508.40362187  326.09855029  244.57391272
  407.62318787  203.81159393  366.86086908  366.86086908  346.47970969
  326.09855029  407.62318787  203.81159393  491.69547036  529.91014423
  387.24202847 3742.4903936   305.7173909   244.57391272  142.66811575
  142.66811575  183.43043454  366.86086908  142.66811575  183.43043454
  203.81159393 1080.20144785  328.66958031  388.42768582  298.79052755
  268.9114748   239.03242204  268.9114748   298.79052755  507.94389684
  209.15336929  209.15336929  149.39526378  119.51621102  119.51621102
  149.39526378  119.51621102  209.15336929  155.76875111   77.88437555
  233.65312666  155.76875111   77.88437555  155.76875111   77.88437555
   77.88437555   77.88437555   77.88437555   77.88437555  155.76875111]
