[ 214.31836862  770.67740153  342.52328957  240.02579004  302.30275178
  249.10784696  280.24632783  614.98499718  498.21569392  919.48072696
  284.69847694  239.74608585  207.05343778  185.25833906  164.82543402
  174.36078971  108.97549357  261.54118456  163.46324035  403.20932619
 4883.46430543 4224.16256936 4037.54203662 1992.88933859  720.60045121
  626.82597049  295.67262759  189.23048166  212.88429187  449.42239394
  473.07620414  427.24694687  212.88429187  189.23048166  368.11242135
  486.38147239  295.67262759  579.51835008 6294.8702414  2115.53765041
 3704.77802371 3647.12186133 3351.44923374 5249.66750287  248.36500718
  896.49263085  239.95341792  226.62267248  388.25796094  426.58385408
  348.26572462  399.9223632   374.9272155   479.90683584  533.2298176
  199.9611816   373.26087232  386.59161776  413.25310864 6557.06041335
 3021.08018536  201.62752478  253.28416336  253.28416336 3309.35755551
  723.19294013 1767.99011399 4685.7570222   441.5809427   569.72857237
  174.08373045  363.99325457  379.81904825  237.38690515  126.60634942
  158.25793677  126.60634942  269.03849251  443.12222295  508.40362187
  316.51587354  332.34166722  904.0484638  6213.60224241  269.03849251
  174.08373045  174.08373045  189.90952412  348.16746089  189.90952412
  189.90952412 3337.26424163  540.05520923  387.24202847  203.81159393
  346.47970969  183.43043454  326.09855029  326.09855029  326.09855029
  305.7173909   387.24202847  183.43043454  468.76666605  285.33623151
  346.47970969 4397.23513911  264.95507211  203.81159393  122.28695636
  122.28695636  142.66811575  244.57391272  101.90579697  142.66811575
  183.43043454 1391.01412859  328.66958031  388.42768582  239.03242204
  239.03242204  209.15336929  268.9114748   268.9114748   358.54863306
  179.27431653  179.27431653  119.51621102   89.63715827   89.63715827
  119.51621102   89.63715827  119.51621102  155.76875111   77.88437555
  155.76875111    0.           77.88437555  155.76875111   77.88437555
    0.            0.           77.88437555   77.88437555  155.76875111]
