[ 297.23916601 1041.84167244  665.58502859  333.44123265  614.98499718
  425.55923856  498.21569392  813.49281273  550.11316204 1061.1488686
  589.82985893  239.74608585  207.05343778  185.25833906  174.36078971
  174.36078971  130.77059228  381.41422748  185.25833906  348.72157941
 4192.83211496 4115.18707579 5011.51051037 1796.73345017  775.08819799
  675.61195404  425.76858373  177.40357655  212.88429187  449.42239394
  461.24929904  450.90075708  224.71119697  189.23048166  700.74412739
  807.18627332  402.11477352  614.99906539 3883.6599634  2282.592685
 3525.89608402 2970.03154415 2733.49344207 4168.98404903  283.84572249
  949.81561261  266.6149088   226.62267248  388.25796094  426.58385408
  348.26572462  386.59161776  361.59647006  466.5760904   519.89907216
  199.9611816   693.19876289  546.56056304  493.23758128 8068.43367762
 2432.86104282  199.9611816   253.28416336  266.6149088  4259.17316811
  508.2346699  1741.32862311 4605.77254956  481.57317902  569.72857237
  174.08373045  379.81904825  379.81904825  253.21269883  126.60634942
  158.25793677  142.43214309  269.03849251  427.29642928  603.35838393
  587.53259026  508.40362187 1014.82901953 5372.85695332  253.21269883
  158.25793677  174.08373045  205.7353178   379.81904825  189.90952412
  189.90952412 2540.03988515  635.00997129  387.24202847  224.19275333
  346.47970969  183.43043454  305.7173909   305.7173909   305.7173909
  285.33623151  366.86086908  183.43043454  448.38550665  672.57825998
  428.00434726 4071.13658882  305.7173909   203.81159393  142.66811575
  122.28695636  142.66811575  326.09855029  101.90579697  163.04927515
  203.81159393 1411.39528799  328.66958031  388.42768582  239.03242204
  239.03242204  209.15336929  239.03242204  268.9114748   657.33916062
  448.18579133  239.03242204  119.51621102   89.63715827   89.63715827
  149.39526378  119.51621102  209.15336929  155.76875111   77.88437555
  155.76875111   77.88437555   77.88437555  155.76875111   77.88437555
   77.88437555    0.           77.88437555   77.88437555  155.76875111]
