[  214.31836862   583.84651631   321.76430232   281.54376453
   302.30275178   249.10784696   311.3848087    782.35433186
   477.45670667   558.49940453   295.5960263    316.02893134
   294.23383263   239.74608585   197.51808209   207.05343778
   119.87304292   415.46906922   196.15588842   490.38972105
  5560.47455921  6906.32190475  5395.64912519  1949.29914116
   622.522507     307.49953269   342.980248     238.01646521
   272.01881738   532.21072966   555.86453987   498.20837749
   260.19191228   236.53810207   415.42004176   533.6890928
   342.980248     555.86453987  8506.50149578  3790.52308571
  7977.24749239  8148.73761639  5727.17879643  3182.91583601
   236.53810207   494.90392446   293.27639968   293.27639968
   468.24243358   493.23758128   414.91945182   466.5760904
   441.5809427    546.56056304   626.54503569   253.28416336
   439.91459952   319.93789056   453.24534496 11131.17244249
  2192.9076249    268.28125198   319.93789056   333.268636
  3884.24595261  1043.13083069  2556.17043814  3642.62619151
   348.26572462   348.16746089   205.7353178    458.94801663
   443.12222295   284.86428619   142.43214309   189.90952412
   142.43214309   316.51587354   490.59960399   635.00997129
   379.81904825   286.84251039   840.74528909  7788.26871327
   332.34166722   205.7353178    221.56111148   253.21269883
   332.34166722   253.21269883   221.56111148  2731.92763348
   445.10044716   244.57391272   285.33623151   407.62318787
   224.19275333   387.24202847   387.24202847   366.86086908
   346.47970969   428.00434726   224.19275333   491.69547036
   326.09855029   346.47970969  4417.6162985    305.7173909
   244.57391272   163.04927515   163.04927515   183.43043454
   285.33623151   142.66811575   183.43043454   203.81159393
  1225.41720852   358.54863306   418.30673857   298.79052755
   268.9114748    239.03242204   298.79052755   298.79052755
   388.42768582   179.27431653   239.03242204   149.39526378
   119.51621102   119.51621102   149.39526378   119.51621102
   119.51621102   155.76875111    77.88437555   233.65312666
    77.88437555    77.88437555   155.76875111   155.76875111
    77.88437555    77.88437555    77.88437555    77.88437555
   155.76875111]
