[ 276.8278928   958.80572345  560.49265566  229.64629642  541.03110511
  404.80025131  384.04126406  761.59534461  518.97468117  995.76357246
  382.77642115  196.15588842  174.36078971  152.56569099  152.56569099
  141.66814164  108.97549357  337.82403005  152.56569099  316.02893134
 3503.56211815 3502.19992448 3642.50587245 1501.13742387  731.49800056
  675.61195404  283.84572249  153.74976635  177.40357655  390.28786842
  402.11477352  368.11242135  177.40357655  153.74976635  557.34290301
  724.3979376   342.980248    508.55691946 2909.41865549 1688.29070354
 3466.7615585  4263.59928985 3660.42712957 3135.6082156   260.19191228
  883.16188541  199.9611816   186.63043616  346.59938144  359.93012688
  294.94274286  333.268636    308.2734883   413.25310864  439.91459952
  159.96894528  639.87578113  493.23758128  413.25310864 3559.30903251
 1696.33735725  148.30454302  213.29192704  239.95341792 2652.81834258
  521.56541534 1286.41693497 2892.7717605   481.57317902  553.90277869
  142.43214309  316.51587354  332.34166722  205.7353178   110.78055574
  126.60634942  126.60634942  221.56111148  348.16746089  413.44885981
  761.6163207   460.92624084  872.39687644 3275.93929113  205.7353178
  142.43214309  158.25793677  174.08373045  332.34166722  174.08373045
  174.08373045 1760.61954656  429.27465349  366.86086908  183.43043454
  305.7173909   163.04927515  264.95507211  285.33623151  264.95507211
  244.57391272  326.09855029  163.04927515  387.24202847  692.95941937
  366.86086908 2779.48061226  224.19275333  183.43043454  101.90579697
  101.90579697  122.28695636  285.33623151  101.90579697  142.66811575
  224.19275333 1059.82028845  268.9114748   298.79052755  209.15336929
  328.66958031  209.15336929  388.42768582  239.03242204  448.18579133
  268.9114748   179.27431653   89.63715827   89.63715827   89.63715827
  119.51621102   89.63715827  179.27431653  155.76875111   77.88437555
  155.76875111    0.            0.          155.76875111   77.88437555
    0.            0.            0.           77.88437555   77.88437555]
