[ 193.90709542  572.16958598  280.24632783  219.26680279  240.02579004
  207.58987247  259.48734058  668.179902    446.3182258   480.85436536
  219.3131808   250.6436352   228.84853649  196.15588842  185.25833906
  174.36078971  108.97549357  250.6436352   185.25833906  392.31177684
 5846.53522982 5140.91890898 5176.33594439 1883.91384502  578.93230957
  283.84572249  272.01881738  189.23048166  236.53810207  473.07620414
  484.90310925  427.24694687  201.05738676  165.57667145  285.32408562
  462.72766218  307.49953269  579.51835008 6723.59555141 3196.22110425
 8814.00102847 5499.51087318 3944.27285206 2944.8993708   212.88429187
  494.90392446  239.95341792  239.95341792  414.91945182  439.91459952
  361.59647006  399.9223632   361.59647006  466.5760904   479.90683584
  173.29969072  306.60714512  346.59938144  426.58385408 9541.48104876
 3584.30418021  241.6197611   254.95050654  293.27639968 2719.47206978
  589.88548572 1887.96682296 3387.67568497  334.93497918  300.69007986
  174.08373045  395.64484192  395.64484192  253.21269883  126.60634942
  158.25793677  126.60634942  253.21269883  379.81904825  429.27465349
  269.03849251  300.69007986  888.22267012 8249.19495411  300.69007986
  174.08373045  189.90952412  205.7353178   300.69007986  205.7353178
  174.08373045 3687.40992673  413.44885981  224.19275333  224.19275333
  366.86086908  203.81159393  326.09855029  326.09855029  305.7173909
  285.33623151  366.86086908  163.04927515  387.24202847  224.19275333
  326.09855029 4871.097095    285.33623151  224.19275333  142.66811575
  142.66811575  142.66811575  326.09855029  122.28695636  142.66811575
  183.43043454 1248.34601284  328.66958031  388.42768582  239.03242204
  239.03242204  209.15336929  239.03242204  239.03242204  268.9114748
  149.39526378  179.27431653  149.39526378  119.51621102   89.63715827
  149.39526378   89.63715827  149.39526378  155.76875111   77.88437555
  233.65312666   77.88437555   77.88437555  155.76875111   77.88437555
   77.88437555    0.           77.88437555   77.88437555  155.76875111]
