[ 244.93527842  832.95436327  435.93873218  188.12832192  426.85667526
  332.14379595  332.14379595  699.31838287  487.8362003   832.30033211
  284.69847694  174.36078971  163.46324035  141.66814164  141.66814164
  130.77059228   98.07794421  283.33628327  141.66814164  305.13138199
 2387.92550277 2428.79131285 2682.1593354  1225.97430262  644.31760571
  626.82597049  236.53810207  141.92286124  177.40357655  378.46096332
  402.11477352  344.45861114  177.40357655  141.92286124  403.59313666
  594.30198146  307.49953269  437.59548883 2576.78694945 1164.95015271
 3860.00615319 3098.64913715 3018.8175277  2767.49579425  212.88429187
  736.52368557  173.29969072  186.63043616  346.59938144  346.59938144
  306.60714512  319.93789056  308.2734883   386.59161776  426.58385408
  146.63819984  519.89907216  413.25310864  359.93012688 3277.69703509
 1323.07648493  146.63819984  213.29192704  226.62267248 3067.7377944
  561.55765166 2277.89112708 2571.16752676  428.25019726  458.94801663
  142.43214309  300.69007986  316.51587354  205.7353178   110.78055574
  126.60634942  126.60634942  221.56111148  348.16746089  397.62306613
  555.8810029   411.4706356   791.28968385 2989.09678073  205.7353178
  126.60634942  158.25793677  174.08373045  506.42539766  189.90952412
  174.08373045 1446.08189723  381.79727246  305.7173909   183.43043454
  428.00434726  183.43043454  387.24202847  326.09855029  428.00434726
  326.09855029  387.24202847  224.19275333  366.86086908  570.67246301
  326.09855029 3434.22535777  203.81159393  163.04927515  101.90579697
  101.90579697  122.28695636  366.86086908  101.90579697  142.66811575
  224.19275333 1080.20144785  239.03242204  298.79052755  478.06484408
  179.27431653  149.39526378  239.03242204  268.9114748   657.33916062
  149.39526378  179.27431653   89.63715827   89.63715827   89.63715827
  119.51621102   89.63715827  149.39526378  233.65312666   77.88437555
  155.76875111   77.88437555    0.          233.65312666   77.88437555
    0.            0.            0.            0.          155.76875111]
