[  204.11273202   583.84651631   321.76430232   281.54376453
   312.6822454    249.10784696   301.00531508   740.83635736
   446.3182258    569.39695388   295.5960263    316.02893134
   294.23383263   228.84853649   186.62053273   196.15588842
   119.87304292   404.57151986   196.15588842   457.69707298
  5485.55390738  6347.82250022  5055.1007078   1862.11874631
   600.72740828   307.49953269   354.80715311   226.18956011
   260.19191228   508.55691946   544.03763477   474.55456728
   248.36500718   248.36500718   427.24694687   533.6890928
   331.1533429    555.86453987  7959.50713473  3873.31142143
  8456.23714909  7066.57579941  5727.17879643  3348.49250746
   236.53810207   494.90392446   306.60714512   306.60714512
   454.91168814   479.90683584   401.58870638   453.24534496
   414.91945182   519.89907216   613.21429024   253.28416336
   453.24534496   306.60714512   439.91459952 10487.963975
  3490.98896213   293.27639968   319.93789056   333.268636
  3602.63395519  1029.80008525  2782.79311062  3589.30320975
   334.93497918   348.16746089   221.56111148   427.29642928
   427.29642928   269.03849251   142.43214309   174.08373045
   142.43214309   300.69007986   474.77381031   682.48735232
   379.81904825   286.84251039   824.91949541  7230.40948615
   316.51587354   205.7353178    221.56111148   237.38690515
   348.16746089   237.38690515   205.7353178   2557.84390304
   476.75203452   244.57391272   285.33623151   407.62318787
   224.19275333   366.86086908   366.86086908   346.47970969
   326.09855029   428.00434726   203.81159393   471.31431097
   326.09855029   346.47970969  4234.18586396   305.7173909
   244.57391272   163.04927515   142.66811575   163.04927515
   285.33623151   122.28695636   163.04927515   203.81159393
  1225.41720852   328.66958031   418.30673857   268.9114748
   268.9114748    239.03242204   298.79052755   298.79052755
   418.30673857   179.27431653   209.15336929   149.39526378
   119.51621102   119.51621102   149.39526378   119.51621102
   179.27431653   155.76875111    77.88437555   233.65312666
   155.76875111    77.88437555   155.76875111    77.88437555
    77.88437555    77.88437555    77.88437555    77.88437555
   155.76875111]
