[ 214.31836862  614.98499718  332.14379595  271.16427091  291.92325816
  238.72835334  311.3848087   761.59534461  477.45670667  547.60185517
  284.69847694  294.23383263  250.6436352   217.95098713  207.05343778
  196.15588842  119.87304292  283.33628327  196.15588842  512.18481976
 6154.39099915 5822.01574377 6159.83977382 2059.6368284   600.72740828
  307.49953269  319.3264378   214.362655    248.36500718  508.55691946
  532.21072966  474.55456728  236.53810207  189.23048166  391.76623156
  510.03528259  331.1533429   579.51835008 7447.993489   4111.32788665
 8574.50620012 7578.08944514 6215.03863195 4003.40737757  236.53810207
  508.2346699   266.6149088   266.6149088   428.25019726  466.5760904
  401.58870638  439.91459952  414.91945182  519.89907216  559.89130848
  213.29192704  399.9223632   319.93789056  439.91459952 9524.81761696
 3717.61163461  268.28125198  319.93789056  333.268636   4434.13920202
 1029.80008525 2919.43325138 3535.98022799  334.93497918  316.51587354
  189.90952412  411.4706356   411.4706356   269.03849251  142.43214309
  174.08373045  158.25793677  300.69007986  458.94801663  524.22941555
  332.34166722  332.34166722  840.74528909 9186.87322947  332.34166722
  205.7353178   221.56111148  237.38690515  363.99325457  237.38690515
  205.7353178  2619.16885353  445.10044716  244.57391272  244.57391272
  387.24202847  203.81159393  366.86086908  366.86086908  346.47970969
  326.09855029  407.62318787  203.81159393  468.76666605  285.33623151
  346.47970969 3803.63387178  305.7173909   244.57391272  163.04927515
  163.04927515  183.43043454  326.09855029  142.66811575  163.04927515
  183.43043454 1100.58260724  328.66958031  388.42768582  268.9114748
  268.9114748   239.03242204  268.9114748   298.79052755  358.54863306
  179.27431653  209.15336929  149.39526378  119.51621102  119.51621102
  149.39526378  119.51621102  179.27431653  155.76875111   77.88437555
  233.65312666  155.76875111   77.88437555  155.76875111  155.76875111
   77.88437555   77.88437555   77.88437555   77.88437555  155.76875111]
