[ 173.49582222  521.56955457  249.10784696  188.12832192  238.72835334
  197.21037884  238.72835334  500.81056732  384.04126406  460.42146032
  217.95098713  207.05343778  185.25833906  163.46324035  152.56569099
  141.66814164   87.18039485  228.84853649  152.56569099  348.72157941
 4839.874108   4715.91448407 4092.02978341 1621.0104668   535.34211214
  378.46096332  236.53810207  165.57667145  189.23048166  402.11477352
  425.76858373  368.11242135  189.23048166  153.74976635  273.49718052
  415.42004176  260.19191228  520.38382456 5106.26627849 2875.41630332
 5496.55414691 3017.33916456 3077.95205322 3562.85516246  201.05738676
  494.90392446  199.9611816   199.9611816   348.26572462  386.59161776
  308.2734883   346.59938144  321.60423374  426.58385408  439.91459952
  159.96894528  293.27639968  319.93789056  373.26087232 5725.55516653
 2392.8688065   199.9611816   226.62267248  239.95341792 2451.1908178
  494.90392446 2396.20149286 4699.08776764  294.94274286  284.86428619
  142.43214309  332.34166722  348.16746089  205.7353178   110.78055574
  142.43214309   94.95476206  237.38690515  348.16746089  413.44885981
  237.38690515  284.86428619  872.39687644 5054.36285557  237.38690515
  142.43214309  158.25793677  174.08373045  300.69007986  174.08373045
  158.25793677 2939.64117549  476.75203452  224.19275333  183.43043454
  326.09855029  163.04927515  285.33623151  285.33623151  264.95507211
  264.95507211  326.09855029  163.04927515  366.86086908  203.81159393
  305.7173909  4499.14093608  224.19275333  183.43043454  122.28695636
  101.90579697  122.28695636  203.81159393  101.90579697  122.28695636
  163.04927515 1717.11267889  268.9114748   358.54863306  209.15336929
  209.15336929  179.27431653  209.15336929  209.15336929  268.9114748
  149.39526378  149.39526378  119.51621102   89.63715827   89.63715827
  119.51621102   89.63715827  149.39526378  155.76875111    0.
  155.76875111   77.88437555    0.           77.88437555   77.88437555
    0.            0.            0.           77.88437555  155.76875111]
