[  327.85607581   989.94420432   603.30806685   625.3644908
   677.26195892   456.69771943   498.21569392   948.42622983
   582.54907961  1050.25131924   667.47489809   687.90780314
   414.10687555   305.13138199   273.80092758   316.02893134
   185.25833906   666.11270442   272.43873392   599.36521461
  7598.3162889   6808.24396054  6851.83415797  2278.9500092
   818.67839542   508.55691946   780.57573684   415.42004176
   320.80480094   675.61195404   709.61430622   617.95579166
   354.80715311   449.42239394  1008.24366008   997.89511812
   484.90310925   756.92192663  9168.80818158  4265.07765299
  8618.85709426  7042.9219892   5524.64304653  3836.35234299
   331.1533429    776.51592189   666.53727201   574.8883971
   601.54988798   613.21429024   534.89616078   586.55279936
   561.55765166   693.19876289   773.18323553   348.26572462
  1014.80299663   519.89907216   588.21914254 13084.12664946
  4414.14308386   348.26572462   399.9223632    413.25310864
  3669.28768239  1204.76611915  3052.74070578  4124.19937053
   521.56541534   506.42539766   363.99325457   553.90277869
   601.38015972   363.99325457   189.90952412   237.38690515
   205.7353178    381.79727246   633.03174708   809.09370173
   888.22267012   492.57782819  1173.0869563  10619.10755723
   397.62306613   269.03849251   300.69007986   316.51587354
   443.12222295   316.51587354   269.03849251  2729.94940927
   603.35838393   387.24202847   428.00434726   509.52898483
   285.33623151   468.76666605   450.93315158   448.38550665
   448.38550665   550.29130362   285.33623151   695.5070643
   672.57825998   489.14782544  5502.9130362    428.00434726
   326.09855029   203.81159393   203.81159393   224.19275333
   387.24202847   163.04927515   224.19275333   264.95507211
  1286.5606867    478.06484408   567.70200235   358.54863306
   358.54863306   328.66958031   388.42768582   388.42768582
   746.97631888   268.9114748    298.79052755   209.15336929
   179.27431653   149.39526378   209.15336929   149.39526378
   268.9114748    233.65312666   155.76875111   311.53750222
   155.76875111   155.76875111   233.65312666   155.76875111
    77.88437555    77.88437555   155.76875111   155.76875111
   233.65312666]
