[ 307.44480261 1093.73914056  665.58502859  333.44123265  646.12347805
  456.69771943  456.69771943  771.97483823  581.25164291 1116.99880905
  569.39695388  239.74608585  217.95098713  185.25833906  185.25833906
  174.36078971  141.66814164  392.31177684  185.25833906  359.61912877
 3985.77867718 3852.28369756 4508.8610463  1764.0408021   807.78084606
  734.74647956  425.76858373  177.40357655  224.71119697  461.24929904
  484.90310925  439.07385197  224.71119697  189.23048166  736.2248427
  854.49389374  402.11477352  626.82597049 4523.79120213 2032.74931468
 4417.3490562  3301.18488705 3018.8175277  4145.33023882  307.49953269
  991.47419211  266.6149088   226.62267248  388.25796094  439.91459952
  361.59647006  426.58385408  374.9272155   466.5760904   519.89907216
  199.9611816   719.86025377  573.22205392  493.23758128 6462.07885209
 2017.941591    199.9611816   253.28416336  266.6149088  2599.49536082
  494.90392446 2679.47983346 4230.84533405  508.2346699   617.2059534
  174.08373045  379.81904825  379.81904825  237.38690515  126.60634942
  158.25793677  142.43214309  284.86428619  427.29642928  571.70679658
  729.96473335  540.05520923 1030.65481321 4245.26915384  253.21269883
  158.25793677  174.08373045  205.7353178   284.86428619  205.7353178
  205.7353178  2555.86567883  635.00997129  407.62318787  224.19275333
  366.86086908  183.43043454  305.7173909   305.7173909   305.7173909
  285.33623151  366.86086908  183.43043454  468.76666605  733.72173816
  428.00434726 3885.15850935  285.33623151  203.81159393  122.28695636
  122.28695636  142.66811575  285.33623151  101.90579697  163.04927515
  203.81159393 1472.53876617  328.66958031  388.42768582  239.03242204
  239.03242204  209.15336929  239.03242204  268.9114748   567.70200235
  448.18579133  239.03242204  119.51621102   89.63715827   89.63715827
  149.39526378  119.51621102  209.15336929  155.76875111   77.88437555
  155.76875111   77.88437555   77.88437555  155.76875111   77.88437555
    0.            0.           77.88437555   77.88437555  155.76875111]
