[ 317.65043921 1114.4981278   707.10300309  312.6822454   666.8824653
  487.8362003   477.45670667  740.83635736  572.16958598 1149.69145712
  602.08960195  228.84853649  207.05343778  174.36078971  174.36078971
  163.46324035  141.66814164  392.31177684  174.36078971  326.9264807
 3590.742513   3721.51310528 4365.83071099 1764.0408021   829.57594477
  746.57338467  390.28786842  177.40357655  190.7088448   461.24929904
  461.24929904  415.42004176  212.88429187  177.40357655  724.3979376
  842.66698863  402.11477352  603.17216028 4072.89044506 2007.61714134
 3490.41536871 3789.04472257 4359.69289382 3789.04472257  307.49953269
  949.81561261  253.28416336  226.62267248  374.9272155   453.24534496
  334.93497918  386.59161776  348.26572462  439.91459952  493.23758128
  186.63043616  733.19099921  586.55279936  479.90683584 5672.23218477
 2099.59240682  186.63043616  239.95341792  253.28416336 2759.4643061
  816.50815821 1461.38296887 3829.25662767  508.2346699   633.03174708
  174.08373045  363.99325457  363.99325457  221.56111148  110.78055574
  142.43214309  126.60634942  269.03849251  395.64484192  476.75203452
  856.57108276  540.05520923  999.00322586 4308.57232855  237.38690515
  158.25793677  174.08373045  189.90952412  284.86428619  189.90952412
  189.90952412 2065.26607484  603.35838393  428.00434726  244.57391272
  346.47970969  163.04927515  285.33623151  285.33623151  326.09855029
  264.95507211  346.47970969  183.43043454  428.00434726  794.86521634
  428.00434726 4315.71050154  264.95507211  203.81159393  122.28695636
  122.28695636  142.66811575  224.19275333  101.90579697  142.66811575
  183.43043454 1205.03604913  328.66958031  388.42768582  209.15336929
  209.15336929  179.27431653  239.03242204  239.03242204  627.46010786
  418.30673857  239.03242204  119.51621102   89.63715827   89.63715827
  119.51621102  119.51621102  179.27431653  155.76875111   77.88437555
  155.76875111   77.88437555    0.          155.76875111   77.88437555
    0.            0.           77.88437555   77.88437555  155.76875111]
