[ 246.210983    781.05689515  477.45670667  468.37464975  478.75414338
  342.52328957  394.42075769  844.6312936   550.11316204  711.06509552
  480.85436536  425.00442491  294.23383263  250.6436352   219.3131808
  250.6436352   141.66814164  446.79952362  217.95098713  533.97991847
 5944.61317403 6083.55692833 6740.13427706 2114.12457518  698.80535249
  390.28786842  544.03763477  320.80480094  283.84572249  567.69144497
  603.17216028  533.6890928   260.19191228  236.53810207  665.26341208
  688.91722229  366.63405821  626.82597049 7640.18069694 4705.6298681
 9831.11486738 8018.64166025 6155.90410643 4192.63785923  272.01881738
  614.88063342  399.9223632   321.60423374  494.90392446  533.2298176
  454.91168814  493.23758128  468.24243358  573.22205392  626.54503569
  239.95341792  706.52950833  386.59161776  479.90683584 8025.10875494
 3945.90065027  308.2734883   359.93012688  373.26087232 4380.81622026
 1191.43537371 3066.07145122 3964.23042525  401.58870638  395.64484192
  221.56111148  458.94801663  474.77381031  300.69007986  158.25793677
  205.7353178   174.08373045  332.34166722  522.25119134  666.66155864
  587.53259026  395.64484192  935.70005115 8391.6270972   348.16746089
  221.56111148  253.21269883  269.03849251  395.64484192  269.03849251
  237.38690515 2462.88914097  508.40362187  305.7173909   285.33623151
  428.00434726  244.57391272  407.62318787  369.408514    387.24202847
  387.24202847  468.76666605  224.19275333  512.07662976  468.76666605
  407.62318787 5034.14637015  326.09855029  264.95507211  183.43043454
  183.43043454  203.81159393  387.24202847  142.66811575  203.81159393
  224.19275333 1161.72608542  358.54863306  507.94389684  328.66958031
  298.79052755  268.9114748   328.66958031  328.66958031  448.18579133
  209.15336929  239.03242204  179.27431653  149.39526378  149.39526378
  179.27431653  119.51621102  209.15336929  233.65312666  155.76875111
  233.65312666  155.76875111  155.76875111  233.65312666  155.76875111
   77.88437555   77.88437555   77.88437555   77.88437555  155.76875111]
