[ 256.4166196   927.66724258  456.69771943  188.12832192  447.61566251
  332.14379595  311.3848087   604.60550356  487.8362003   930.37827632
  273.80092758  185.25833906  174.36078971  152.56569099  152.56569099
  141.66814164  108.97549357  305.13138199  152.56569099  337.82403005
 2233.9976181  2210.84032572 2855.15793143  953.5355687   698.80535249
  722.91957446  236.53810207  153.74976635  189.23048166  413.94167863
  437.59548883  391.76623156  189.23048166  153.74976635  403.59313666
  594.30198146  319.3264378   484.90310925 4679.01933162 1283.21920374
 2720.18817383 2885.76484528 2674.35891656 3800.87162768  224.71119697
  843.16964909  186.63043616  199.9611816   361.59647006  413.25310864
  374.9272155   386.59161776  348.26572462  439.91459952  466.5760904
  159.96894528  559.89130848  399.9223632   373.26087232 3559.30903251
 1269.75350317  173.29969072  253.28416336  239.95341792 1433.05513481
  521.56541534 2477.85230868 2744.46721748  494.90392446  506.42539766
  158.25793677  348.16746089  379.81904825  269.03849251  142.43214309
  158.25793677  126.60634942  332.34166722  395.64484192  445.10044716
  635.00997129  395.64484192  791.28968385 3210.65789221  237.38690515
  158.25793677  189.90952412  205.7353178   395.64484192  221.56111148
  189.90952412 2096.9176622   350.1456851   346.47970969  203.81159393
  591.05362241  305.7173909  1041.98677398  346.47970969  285.33623151
  285.33623151  387.24202847  387.24202847  448.38550665  509.52898483
  326.09855029 2720.88477901  224.19275333  203.81159393  122.28695636
  122.28695636  142.66811575  471.31431097  101.90579697  163.04927515
  244.57391272  978.29565088  268.9114748   328.66958031  507.94389684
  209.15336929  149.39526378  209.15336929  328.66958031  687.21821337
  149.39526378  179.27431653  119.51621102   89.63715827   89.63715827
  149.39526378   89.63715827  179.27431653  233.65312666   77.88437555
  155.76875111    0.            0.          155.76875111   77.88437555
    0.            0.            0.           77.88437555   77.88437555]
