[ 183.70145882  511.19006095  259.48734058  219.26680279  240.02579004
  197.21037884  238.72835334  552.70803544  384.04126406  471.31900967
  219.3131808   239.74608585  217.95098713  185.25833906  185.25833906
  174.36078971   98.07794421  239.74608585  163.46324035  326.9264807
 4401.2477464  3424.55488531 4442.11355649 1533.83007194  523.08236912
  378.46096332  272.01881738  201.05738676  224.71119697  473.07620414
  484.90310925  439.07385197  212.88429187  201.05738676  320.80480094
  439.07385197  272.01881738  520.38382456 5818.83731098 2412.68864114
 4905.20889173 4331.6039942  3684.08093978 3944.27285206  201.05738676
  508.2346699   239.95341792  239.95341792  401.58870638  426.58385408
  361.59647006  399.9223632   374.9272155   479.90683584  519.89907216
  186.63043616  333.268636    346.59938144  386.59161776 7601.85758722
 2927.76496728  201.62752478  239.95341792  239.95341792 1849.64092981
  576.55474028 2169.57882038 3842.58737311  308.2734883   300.69007986
  174.08373045  379.81904825  379.81904825  237.38690515  126.60634942
  158.25793677  126.60634942  269.03849251  411.4706356   492.57782819
  284.86428619  284.86428619  824.91949541 6611.22530854  269.03849251
  158.25793677  174.08373045  189.90952412  269.03849251  189.90952412
  174.08373045 3289.7868606   350.1456851   224.19275333  224.19275333
  346.47970969  183.43043454  326.09855029  326.09855029  305.7173909
  285.33623151  366.86086908  183.43043454  428.00434726  224.19275333
  305.7173909  4417.6162985   264.95507211  203.81159393  122.28695636
  122.28695636  142.66811575  183.43043454  101.90579697  142.66811575
  183.43043454 1080.20144785  298.79052755  388.42768582  239.03242204
  239.03242204  209.15336929  239.03242204  239.03242204  298.79052755
  119.51621102  149.39526378  119.51621102   89.63715827   89.63715827
  119.51621102   89.63715827   89.63715827  155.76875111   77.88437555
  155.76875111   77.88437555   77.88437555  155.76875111   77.88437555
    0.            0.           77.88437555    0.          155.76875111]
