[ 287.0335294  1041.84167244  603.30806685  271.16427091  572.16958598
  415.17974493  415.17974493  803.1133191   581.25164291 1115.63661538
  524.44456279  228.84853649  196.15588842  174.36078971  163.46324035
  163.46324035  130.77059228  359.61912877  163.46324035  326.9264807
 3722.87529895 3710.61555593 4957.02276359 1588.31781873  840.47349413
  745.09502153  390.28786842  177.40357655  212.88429187  437.59548883
  449.42239394  391.76623156  201.05738676  177.40357655  616.47742853
  771.70555801  366.63405821  591.34525518 3990.10210933 2139.19146062
 4155.67878078 3860.00615319 3540.6797154  4287.25310006  295.67262759
  978.14344667  239.95341792  213.29192704  361.59647006  426.58385408
  321.60423374  373.26087232  348.26572462  439.91459952  479.90683584
  186.63043616  599.8835448   546.56056304  466.5760904  6838.67241077
 2111.25680908  186.63043616  226.62267248  239.95341792 2586.16461538
  494.90392446 1594.69042327 4004.22266157  494.90392446  585.55436605
  174.08373045  348.16746089  348.16746089  221.56111148  110.78055574
  142.43214309  126.60634942  269.03849251  379.81904825  460.92624084
  540.05520923  460.92624084  983.17743218 4547.93745791  237.38690515
  158.25793677  158.25793677  189.90952412  253.21269883  189.90952412
  174.08373045 2698.29782192  555.8810029   387.24202847  224.19275333
  326.09855029  163.04927515  285.33623151  285.33623151  285.33623151
  264.95507211  346.47970969  163.04927515  407.62318787  509.52898483
  387.24202847 3311.93840141  244.57391272  183.43043454  122.28695636
  122.28695636  122.28695636  244.57391272  101.90579697  142.66811575
  183.43043454 1350.25180981  298.79052755  328.66958031  209.15336929
  209.15336929  179.27431653  239.03242204  239.03242204  388.42768582
  239.03242204  179.27431653  119.51621102   89.63715827   89.63715827
  119.51621102   89.63715827  179.27431653  155.76875111   77.88437555
  155.76875111   77.88437555   77.88437555  155.76875111   77.88437555
    0.            0.            0.           77.88437555  155.76875111]
