[ 193.90709542  530.65161149  290.62582145  219.26680279  240.02579004
  197.21037884  259.48734058  751.21585099  435.93873218  471.31900967
  241.10827951  239.74608585  207.05343778  185.25833906  174.36078971
  163.46324035   98.07794421  228.84853649  163.46324035  435.90197426
 4630.09628289 5294.84679364 5786.59870836 1960.19669052  568.03476021
  272.01881738  272.01881738  201.05738676  212.88429187  449.42239394
  461.24929904  403.59313666  201.05738676  165.57667145  297.15099073
  427.24694687  283.84572249  496.73001435 6427.92292382 2910.89701863
 6850.73478127 6900.99912796 5916.40927808 3848.17924809  212.88429187
  428.25019726  239.95341792  226.62267248  374.9272155   413.25310864
  348.26572462  386.59161776  361.59647006  453.24534496  479.90683584
  173.29969072  306.60714512  266.6149088   373.26087232 7868.47249602
 3076.0695103   226.62267248  266.6149088   293.27639968 4045.88124107
  963.14635805 2879.44101506 3294.36046689  308.2734883   284.86428619
  158.25793677  363.99325457  363.99325457  237.38690515  110.78055574
  142.43214309  126.60634942  253.21269883  379.81904825  413.44885981
  253.21269883  253.21269883  727.98650914 6073.14832353  269.03849251
  158.25793677  174.08373045  205.7353178   348.16746089  221.56111148
  189.90952412 2272.97961685  397.62306613  224.19275333  224.19275333
  346.47970969  183.43043454  305.7173909   305.7173909   305.7173909
  285.33623151  346.47970969  163.04927515  387.24202847  244.57391272
  305.7173909  3803.63387178  244.57391272  203.81159393  122.28695636
  122.28695636  142.66811575  326.09855029  122.28695636  142.66811575
  163.04927515 1039.43912906  268.9114748   358.54863306  239.03242204
  239.03242204  209.15336929  239.03242204  239.03242204  268.9114748
  149.39526378  149.39526378  119.51621102   89.63715827   89.63715827
  149.39526378   89.63715827   89.63715827  155.76875111   77.88437555
  233.65312666   77.88437555   77.88437555  155.76875111   77.88437555
    0.            0.           77.88437555   77.88437555  155.76875111]
