[ 153.08454902  447.61566251  238.72835334  197.21037884  207.58987247
  166.07189797  238.72835334  751.21585099  404.80025131  393.67397051
  207.05343778  207.05343778  185.25833906  163.46324035  152.56569099
  152.56569099   76.2828455   196.15588842  152.56569099  414.10687555
 5625.85985535 4932.50327754 5702.14270085 1949.29914116  533.97991847
  236.53810207  224.71119697  165.57667145  189.23048166  378.46096332
  390.28786842  344.45861114  177.40357655  141.92286124  248.36500718
  344.45861114  260.19191228  437.59548883 6081.98594954 2684.70745852
 5793.70513763 6818.21079224 5406.37399549 3740.25873902  189.23048166
  348.26572462  199.9611816   199.9611816   308.2734883   359.93012688
  319.93789056  333.268636    294.94274286  386.59161776  413.25310864
  146.63819984  239.95341792  226.62267248  333.268636   7558.53266454
 2272.89209754  199.9611816   239.95341792  253.28416336 2517.844545
 1056.46157613 2879.44101506 3267.69897601  279.94565424  253.21269883
  142.43214309  316.51587354  316.51587354  205.7353178    94.95476206
  126.60634942  110.78055574  221.56111148  332.34166722  350.1456851
  221.56111148  221.56111148  680.50912811 4545.9592337   237.38690515
  142.43214309  158.25793677  189.90952412  443.12222295  189.90952412
  174.08373045 2239.34980529  365.97147878  183.43043454  183.43043454
  305.7173909   163.04927515  285.33623151  285.33623151  264.95507211
  244.57391272  305.7173909   142.66811575  326.09855029  183.43043454
  285.33623151 2945.07753234  224.19275333  183.43043454  122.28695636
  122.28695636  142.66811575  326.09855029  101.90579697  122.28695636
  163.04927515 1039.43912906  268.9114748   298.79052755  209.15336929
  209.15336929  179.27431653  209.15336929  239.03242204  239.03242204
  119.51621102  149.39526378  119.51621102   89.63715827   89.63715827
  119.51621102   89.63715827  119.51621102  155.76875111   77.88437555
  155.76875111   77.88437555   77.88437555   77.88437555   77.88437555
    0.            0.           77.88437555   77.88437555  155.76875111]
