[ 246.210983    760.29790791  435.93873218  426.85667526  447.61566251
  321.76430232  373.66177044  834.25179997  529.35417479  732.86019423
  448.16171729  414.10687555  283.33628327  239.74608585  208.41563145
  239.74608585  141.66814164  479.49217169  217.95098713  533.97991847
 5911.92052596 6347.82250022 6631.1587835  2092.32947647  698.80535249
  378.46096332  508.55691946  297.15099073  283.84572249  567.69144497
  591.34525518  521.8621877   260.19191228  236.53810207  617.95579166
  677.09031718  366.63405821  638.6528756  8459.19387536 4432.13268758
 9050.53913054 7924.02641942 6522.53816465 3966.44829913  272.01881738
  601.54988798  386.59161776  321.60423374  494.90392446  533.2298176
  441.5809427   493.23758128  454.91168814  573.22205392  626.54503569
  253.28416336  666.53727201  386.59161776  479.90683584 8455.02529539
 3919.23915939  308.2734883   359.93012688  373.26087232 3750.93849821
 1098.12015563 2826.1180333  3855.91811855  388.25796094  379.81904825
  221.56111148  458.94801663  474.77381031  300.69007986  158.25793677
  189.90952412  158.25793677  332.34166722  522.25119134  682.48735232
  555.8810029   395.64484192  951.52584483 8648.79624445  348.16746089
  221.56111148  253.21269883  269.03849251  379.81904825  269.03849251
  237.38690515 2336.28279156  460.92624084  326.09855029  285.33623151
  428.00434726  244.57391272  407.62318787  369.408514    387.24202847
  366.86086908  448.38550665  224.19275333  512.07662976  448.38550665
  387.24202847 4850.71593561  346.47970969  285.33623151  163.04927515
  163.04927515  183.43043454  326.09855029  142.66811575  183.43043454
  203.81159393 1141.34492603  388.42768582  478.06484408  298.79052755
  298.79052755  268.9114748   328.66958031  328.66958031  448.18579133
  209.15336929  239.03242204  179.27431653  149.39526378  149.39526378
  179.27431653  119.51621102  209.15336929  233.65312666   77.88437555
  233.65312666  155.76875111   77.88437555  233.65312666  155.76875111
   77.88437555   77.88437555   77.88437555   77.88437555  233.65312666]
