[  244.93527842   708.40043979   384.04126406   333.44123265
   364.57971352   290.62582145   363.28227682   813.49281273
   529.35417479   667.47489809   339.18622372   348.72157941
   305.13138199   261.54118456   230.21073016   228.84853649
   141.66814164   403.20932619   228.84853649   566.67256654
  7347.67265369  6761.92937578  6794.62202385  2114.12457518
   666.11270442   366.63405821   390.28786842   238.01646521
   285.32408562   614.99906539   638.6528756    558.82126615
   295.67262759   260.19191228   498.20837749   617.95579166
   402.11477352   651.95814384  8290.66047764  3991.58047247
  8358.66518198  7459.82039411  5739.00570153  3966.44829913
   272.01881738   588.21914254   333.268636     319.93789056
   534.89616078   573.22205392   494.90392446   533.2298176
   508.2346699    626.54503569   679.86801745   266.6149088
   519.89907216   373.26087232   533.2298176  12604.21981362
  4332.49226803   319.93789056   334.93497918   359.93012688
  4272.50391355  1151.44313739  2866.11026962  3749.27215503
   401.58870638   379.81904825   221.56111148   490.59960399
   506.42539766   332.34166722   174.08373045   221.56111148
   174.08373045   363.99325457   569.72857237   682.48735232
   397.62306613   395.64484192  1062.30640057 10251.15785424
   350.1456851    237.38690515   253.21269883   269.03849251
   522.25119134   284.86428619   237.38690515  2716.10183981
   476.75203452   285.33623151   305.7173909    468.76666605
   244.57391272   428.00434726   410.17083279   428.00434726
   407.62318787   509.52898483   264.95507211   552.83894854
   366.86086908   407.62318787  5829.01158649   366.86086908
   285.33623151   183.43043454   183.43043454   203.81159393
   346.47970969   142.66811575   203.81159393   224.19275333
  1266.17952731   418.30673857   507.94389684   328.66958031
   328.66958031   298.79052755   358.54863306   328.66958031
   448.18579133   209.15336929   239.03242204   179.27431653
   149.39526378   149.39526378   179.27431653   149.39526378
   209.15336929   233.65312666   155.76875111   233.65312666
   155.76875111   155.76875111   233.65312666   155.76875111
    77.88437555    77.88437555    77.88437555    77.88437555
   155.76875111]
