[ 183.70145882  561.79009236  269.86683421  219.26680279  240.02579004
  197.21037884  249.10784696  563.08752906  404.80025131  502.64946407
  219.3131808   217.95098713  207.05343778  174.36078971  174.36078971
  163.46324035   87.18039485  239.74608585  152.56569099  370.51667812
 4959.74715093 3796.43375711 4683.221836   1369.00463792  546.2396615
  390.28786842  260.19191228  177.40357655  212.88429187  437.59548883
  461.24929904  415.42004176  201.05738676  165.57667145  297.15099073
  439.07385197  283.84572249  508.55691946 3954.62139402 1877.5211852
 4619.8848061  4300.5583683  3719.56165509 3883.6599634   201.05738676
  508.2346699   226.62267248  213.29192704  361.59647006  413.25310864
  334.93497918  386.59161776  361.59647006  466.5760904   493.23758128
  173.29969072  319.93789056  346.59938144  386.59161776 7508.54236914
 2286.22284298  186.63043616  226.62267248  239.95341792 2196.24031126
  989.80784893 2182.90956582 4137.53011597  348.26572462  300.69007986
  158.25793677  348.16746089  363.99325457  237.38690515  126.60634942
  158.25793677  126.60634942  269.03849251  395.64484192  445.10044716
  253.21269883  300.69007986  824.91949541 6245.25382976  253.21269883
  158.25793677  158.25793677  174.08373045  332.34166722  189.90952412
  174.08373045 3556.84712889  540.05520923  224.19275333  203.81159393
  346.47970969  183.43043454  326.09855029  326.09855029  305.7173909
  285.33623151  366.86086908  183.43043454  428.00434726  224.19275333
  305.7173909  4257.11466828  244.57391272  203.81159393  122.28695636
  122.28695636  122.28695636  224.19275333  101.90579697  142.66811575
  163.04927515  998.67681027  298.79052755  388.42768582  239.03242204
  239.03242204  209.15336929  239.03242204  239.03242204  298.79052755
  149.39526378  149.39526378  119.51621102   89.63715827   89.63715827
  119.51621102   89.63715827  149.39526378  155.76875111   77.88437555
  155.76875111   77.88437555   77.88437555  155.76875111   77.88437555
    0.            0.           77.88437555   77.88437555  155.76875111]
