[ 244.93527842  739.53892066  435.93873218  333.44123265  437.23616888
  290.62582145  332.14379595  625.3644908   508.59518754  678.37244745
  360.98132244  316.02893134  272.43873392  250.6436352   230.21073016
  217.95098713  141.66814164  316.02893134  207.05343778  446.79952362
 4905.25940414 4596.04144115 4869.84236873 1764.0408021   687.90780314
  378.46096332  390.28786842  214.362655    273.49718052  626.82597049
  662.3066858   582.47507635  283.84572249  248.36500718  498.20837749
  641.60960187  378.46096332  614.99906539 5808.48876901 3042.47133791
 7007.44127389 6640.80721568 4705.6298681  4999.82413255  272.01881738
  641.54212431  306.60714512  281.61199742  548.22690622  586.55279936
  494.90392446  546.56056304  521.56541534  639.87578113  706.52950833
  253.28416336  519.89907216  519.89907216  519.89907216 6557.06041335
 3517.65045301  254.95050654  319.93789056  319.93789056 3296.02681007
  829.83890365 3520.98313937 3452.66306899  374.9272155   363.99325457
  221.56111148  490.59960399  522.25119134  332.34166722  174.08373045
  221.56111148  174.08373045  350.1456851   585.55436605  682.48735232
  397.62306613  429.27465349 1046.48060689 7994.00403107  332.34166722
  205.7353178   237.38690515  253.21269883  648.85754075  253.21269883
  237.38690515 2892.16379446  492.57782819  264.95507211  285.33623151
  468.76666605  264.95507211  448.38550665  410.17083279  428.00434726
  428.00434726  509.52898483  264.95507211  573.22010794  346.47970969
  428.00434726 4132.280067    326.09855029  244.57391272  163.04927515
  163.04927515  183.43043454  387.24202847  142.66811575  183.43043454
  224.19275333 1182.10724481  358.54863306  478.06484408  328.66958031
  298.79052755  268.9114748   328.66958031  328.66958031  448.18579133
  209.15336929  209.15336929  179.27431653  119.51621102  119.51621102
  179.27431653  119.51621102  179.27431653  155.76875111   77.88437555
  233.65312666  155.76875111   77.88437555  155.76875111  155.76875111
   77.88437555   77.88437555   77.88437555   77.88437555  155.76875111]
