[ 256.4166196   886.14926809  570.87214928  323.06173903  561.79009236
  404.80025131  404.80025131  625.3644908   487.8362003   886.78807889
  524.44456279  217.95098713  196.15588842  174.36078971  163.46324035
  163.46324035  119.87304292  337.82403005  174.36078971  348.72157941
 4324.9649009  4541.55369437 4420.31845777 1698.65550596  677.01025378
  614.99906539  354.80715311  165.57667145  201.05738676  425.76858373
  449.42239394  415.42004176  201.05738676  165.57667145  663.78504894
  712.57103249  342.980248    567.69144497 5653.26063953 2637.39983811
 4928.86270193 3052.81987987 3137.08657873 3051.34151673  272.01881738
  843.16964909  226.62267248  213.29192704  361.59647006  413.25310864
  348.26572462  386.59161776  388.25796094  453.24534496  493.23758128
  186.63043616  666.53727201  493.23758128  439.91459952 5618.909203
 2366.20731562  188.29677934  239.95341792  253.28416336 2866.11026962
  494.90392446 2517.844545   4110.86862509  374.9272155   490.59960399
  158.25793677  348.16746089  363.99325457  237.38690515  126.60634942
  142.43214309  126.60634942  253.21269883  411.4706356   571.70679658
  571.70679658  429.27465349  983.17743218 4625.08820209  253.21269883
  158.25793677  174.08373045  189.90952412  284.86428619  189.90952412
  189.90952412 2781.38323872  540.05520923  346.47970969  203.81159393
  326.09855029  163.04927515  305.7173909   305.7173909   285.33623151
  264.95507211  346.47970969  183.43043454  552.83894854  591.05362241
  387.24202847 3724.65687913  264.95507211  203.81159393  122.28695636
  122.28695636  142.66811575  244.57391272  101.90579697  142.66811575
  183.43043454 1737.49383828  328.66958031  358.54863306  209.15336929
  209.15336929  179.27431653  239.03242204  239.03242204  687.21821337
  418.30673857  179.27431653  119.51621102   89.63715827   89.63715827
  119.51621102  119.51621102  179.27431653  155.76875111   77.88437555
  155.76875111   77.88437555   77.88437555  155.76875111   77.88437555
    0.            0.           77.88437555   77.88437555  155.76875111]
