[ 204.11273202  635.74398443  342.52328957  186.83088522  323.06173903
  269.86683421  280.24632783  500.81056732  363.28227682  656.57734874
  241.10827951  152.56569099  141.66814164  119.87304292  119.87304292
  108.97549357   76.2828455   228.84853649  119.87304292  250.6436352
 2332.07556231 2167.2501283  2539.12900009 1303.61934178  523.08236912
  484.90310925  212.88429187  130.09595614  141.92286124  319.3264378
  331.1533429   285.32408562  141.92286124  118.26905104  356.28551625
  486.38147239  260.19191228  413.94167863 2659.57528518 1889.3480903
 3551.02825736 2600.44075966 3245.00708781 2517.65242393  177.40357655
  614.88063342  159.96894528  159.96894528  254.95050654  293.27639968
  266.6149088   279.94565424  266.6149088   333.268636    346.59938144
  133.3074544   399.9223632   346.59938144  319.93789056 4549.11688144
 1296.41499405  119.97670896  173.29969072  186.63043616 1727.99787767
  481.57317902 1594.69042327 2422.86298374  308.2734883   363.99325457
  126.60634942  253.21269883  269.03849251  158.25793677   79.12896838
   94.95476206   79.12896838  174.08373045  284.86428619  348.16746089
  458.94801663  332.34166722  743.81230282 2464.86736518  158.25793677
  110.78055574  110.78055574  142.43214309  300.69007986  142.43214309
  126.60634942 1349.14891096  587.53259026  244.57391272  142.66811575
  264.95507211  122.28695636  224.19275333  224.19275333  224.19275333
  203.81159393  285.33623151  122.28695636  305.7173909   407.62318787
  264.95507211 3497.91648088  163.04927515  142.66811575   81.52463757
   81.52463757  101.90579697  163.04927515   61.14347818  101.90579697
  163.04927515  957.91449149  209.15336929  268.9114748   179.27431653
  149.39526378  149.39526378  149.39526378  179.27431653  358.54863306
  119.51621102  119.51621102   59.75810551   59.75810551   59.75810551
   89.63715827   59.75810551  119.51621102   77.88437555    0.
  155.76875111    0.            0.           77.88437555    0.
    0.            0.            0.            0.           77.88437555]
