[  236.0053464    708.40043979   404.80025131   385.33870077
   426.85667526   311.3848087    363.28227682   844.6312936
   529.35417479   721.96264488   404.57151986   415.46906922
   381.41422748   283.33628327   230.21073016   250.6436352
   141.66814164   677.01025378   217.95098713   512.18481976
  5759.35483497  7178.76063867  5471.93197069  2005.14908162
   698.80535249   378.46096332   473.07620414   320.80480094
   285.32408562   591.34525518   626.82597049   557.34290301
   295.67262759   342.980248     592.82361832   677.09031718
   390.28786842   626.82597049  7078.40270452  3089.77895832
  9074.19294075  7983.16094494  5620.73665049  3836.35234299
   272.01881738   601.54988798   399.9223632    348.26572462
   534.89616078   559.89130848   468.24243358   519.89907216
   494.90392446   613.21429024   706.52950833   321.60423374
   613.21429024   373.26087232   493.23758128 12284.28192306
  4119.20034099   308.2734883    334.93497918   373.26087232
  4459.13434972  1071.45866475  2477.85230868  3869.24886399
   388.25796094   395.64484192   284.86428619   506.42539766
   490.59960399   316.51587354   158.25793677   205.7353178
   174.08373045   363.99325457   569.72857237   761.6163207
   492.57782819   379.81904825   919.87425747  9171.04743579
   350.1456851    237.38690515   253.21269883   269.03849251
   348.16746089   269.03849251   237.38690515  2731.92763348
   476.75203452   305.7173909    326.09855029   468.76666605
   264.95507211   428.00434726   389.7896734    407.62318787
   387.24202847   489.14782544   244.57391272   593.60126733
   428.00434726   407.62318787  4993.38405136   366.86086908
   285.33623151   183.43043454   183.43043454   203.81159393
   366.86086908   142.66811575   203.81159393   224.19275333
  1263.63188239   388.42768582   478.06484408   328.66958031
   298.79052755   268.9114748    328.66958031   358.54863306
   537.8229496    209.15336929   268.9114748    179.27431653
   149.39526378   149.39526378   179.27431653   149.39526378
   209.15336929   233.65312666   155.76875111   233.65312666
   155.76875111   155.76875111   233.65312666   155.76875111
    77.88437555    77.88437555    77.88437555    77.88437555
   233.65312666]
