[ 244.93527842  822.57486965  435.93873218  188.12832192  437.23616888
  342.52328957  321.76430232  594.22600993  446.3182258   843.19788147
  284.69847694  163.46324035  152.56569099  130.77059228  130.77059228
  119.87304292   98.07794421  283.33628327  141.66814164  272.43873392
 2442.41324955 2232.63542444 2746.18243787 1205.54139757  633.42005635
  603.17216028  224.71119697  141.92286124  153.74976635  342.980248
  354.80715311  308.97789583  153.74976635  130.09595614  427.24694687
  606.12888656  307.49953269  449.42239394 3027.68770653 1664.63689333
 3468.23992164 3088.30059518 2566.43840749 2564.96004435  212.88429187
  736.52368557  173.29969072  173.29969072  306.60714512  319.93789056
  279.94565424  306.60714512  294.94274286  359.93012688  386.59161776
  146.63819984  533.2298176   413.25310864  373.26087232 5658.90143933
 1469.71468477  146.63819984  199.9611816   213.29192704 1942.9561479
  643.20846749 1366.40140761 2436.19372918  374.9272155   443.12222295
  126.60634942  284.86428619  284.86428619  174.08373045   94.95476206
  110.78055574   94.95476206  205.7353178   316.51587354  350.1456851
  587.53259026  397.62306613  793.26790806 2720.05828823  189.90952412
  126.60634942  142.43214309  158.25793677  269.03849251  158.25793677
  158.25793677 1382.77872252  365.97147878  305.7173909   163.04927515
  305.7173909   183.43043454  244.57391272  264.95507211  244.57391272
  224.19275333  468.76666605  142.66811575  346.47970969  570.67246301
  305.7173909  2904.31521355  183.43043454  163.04927515  101.90579697
  101.90579697  122.28695636  244.57391272   81.52463757  122.28695636
  203.81159393  957.91449149  239.03242204  298.79052755  209.15336929
  179.27431653  149.39526378  209.15336929  239.03242204  597.58105511
  149.39526378  149.39526378   89.63715827   59.75810551   59.75810551
  119.51621102   89.63715827  149.39526378  155.76875111   77.88437555
  155.76875111    0.            0.           77.88437555   77.88437555
    0.            0.            0.            0.           77.88437555]
