[  317.65043921   948.42622983   572.16958598   594.22600993
   656.50297167   435.93873218   487.8362003    948.42622983
   665.58502859   995.76357246   623.88470067   686.54560947
   501.2872704    348.72157941   273.80092758   326.9264807
   185.25833906  1268.20230638   261.54118456   675.64806011
  7050.71443373  6794.62202385  6718.33917835  2135.9196739
   829.57594477   496.73001435   745.09502153   533.6890928
   332.63170604   651.95814384   768.74883174   617.95579166
   354.80715311   496.73001435   960.93603967   974.24130791
   461.24929904   699.26576425  8598.16001033  4645.01697945
  9878.4224878   7412.51277369  6120.42339112  4383.34670403
   319.3264378    749.85443101   639.87578113   588.21914254
   614.88063342   639.87578113   614.88063342   599.8835448
   561.55765166   746.52174465   773.18323553   534.89616078
   986.47516257   519.89907216   599.8835448  11801.04240085
  4159.19257731   348.26572462   413.25310864   426.58385408
  3749.27215503  1044.79717387  3094.39928528  3629.29544607
   494.90392446   490.59960399   411.4706356    648.85754075
   569.72857237   363.99325457   189.90952412   237.38690515
   189.90952412   381.79727246   648.85754075  1000.98145007
   840.74528909   460.92624084  1109.7837816   9649.77769452
   397.62306613   269.03849251   300.69007986   316.51587354
   633.03174708   316.51587354   269.03849251  2682.47202824
   508.40362187   387.24202847   407.62318787   529.91014423
   366.86086908   468.76666605   430.55199218   448.38550665
   448.38550665   529.91014423   285.33623151   654.74474551
   652.19710059   489.14782544  5013.76521076   389.7896734
   326.09855029   203.81159393   203.81159393   224.19275333
   448.38550665   183.43043454   244.57391272   264.95507211
  1368.08532428   448.18579133   537.8229496    388.42768582
   358.54863306   328.66958031   388.42768582   388.42768582
   746.97631888   268.9114748    298.79052755   209.15336929
   179.27431653   149.39526378   209.15336929   149.39526378
   268.9114748    233.65312666   155.76875111   311.53750222
   155.76875111   155.76875111   233.65312666   155.76875111
    77.88437555    77.88437555   155.76875111   155.76875111
   233.65312666]
