[ 276.8278928   917.28774896  592.92857323  447.61566251  614.98499718
  404.80025131  394.42075769  646.12347805  498.21569392  952.17337503
  589.82985893  305.13138199  239.74608585  217.95098713  186.62053273
  185.25833906  141.66814164  359.61912877  185.25833906  414.10687555
 4587.86827913 3589.38031933 3905.40925067 1610.11291744  687.90780314
  579.51835008  461.24929904  201.05738676  248.36500718  508.55691946
  532.21072966  486.38147239  248.36500718  212.88429187  795.35936822
  783.53246311  378.46096332  603.17216028 5200.88151932 2269.28741676
 4299.08000517 4809.11528776 3672.25403467 3694.42948174  272.01881738
  856.50039453  306.60714512  253.28416336  441.5809427   493.23758128
  401.58870638  439.91459952  441.5809427   573.22205392  599.8835448
  226.62267248  759.85249009  719.86025377  493.23758128 7935.12622322
 2967.7572036   226.62267248  241.6197611   279.94565424 2009.6098751
  588.21914254 2717.8057266  3039.40996034  414.91945182  506.42539766
  189.90952412  411.4706356   411.4706356   269.03849251  142.43214309
  174.08373045  142.43214309  316.51587354  490.59960399  587.53259026
  650.83576496  429.27465349  983.17743218 6389.66419707  284.86428619
  174.08373045  189.90952412  221.56111148  332.34166722  205.7353178
  205.7353178  2826.88239554  460.92624084  346.47970969  224.19275333
  387.24202847  203.81159393  366.86086908  366.86086908  346.47970969
  326.09855029  428.00434726  203.81159393  491.69547036  611.4347818
  387.24202847 4458.37861729  305.7173909   224.19275333  142.66811575
  142.66811575  163.04927515  285.33623151  122.28695636  163.04927515
  203.81159393 1080.20144785  358.54863306  448.18579133  268.9114748
  268.9114748   239.03242204  268.9114748   268.9114748   776.85537164
  328.66958031  239.03242204  149.39526378  119.51621102   89.63715827
  149.39526378  119.51621102  179.27431653  155.76875111   77.88437555
  233.65312666   77.88437555   77.88437555  155.76875111   77.88437555
   77.88437555    0.           77.88437555   77.88437555  155.76875111]
