[  244.93527842   677.26195892   384.04126406   374.95920714
   406.09768801   301.00531508   352.90278319   813.49281273
   518.97468117   678.37244745   393.67397051   404.57151986
   381.41422748   283.33628327   219.3131808    239.74608585
   130.77059228   642.95541204   217.95098713   523.08236912
  5628.58424269  7080.68269446  5593.16720728  2005.14908162
   677.01025378   354.80715311   449.42239394   308.97789583
   295.67262759   579.51835008   603.17216028   533.6890928
   295.67262759   331.1533429    580.99671322   653.43650697
   378.46096332   603.17216028  7864.89189391  4004.88574071
  8861.30864889  8373.44881336  5750.83260663  3692.9511186
   260.19191228   561.55765166   399.9223632    348.26572462
   521.56541534   533.2298176    454.91168814   506.56832672
   481.57317902   599.8835448    693.19876289   321.60423374
   599.8835448    359.93012688   493.23758128 12177.63595954
  4079.20810467   281.61199742   321.60423374   373.26087232
  3950.89967981   883.16188541  2544.50603588  3842.58737311
   401.58870638   395.64484192   269.03849251   506.42539766
   474.77381031   300.69007986   158.25793677   205.7353178
   174.08373045   348.16746089   553.90277869   747.76875124
   492.57782819   334.31989143   904.0484638   8933.66053064
   363.99325457   221.56111148   253.21269883   269.03849251
   363.99325457   269.03849251   237.38690515  2781.38323872
   492.57782819   285.33623151   326.09855029   448.38550665
   244.57391272   407.62318787   369.408514     387.24202847
   366.86086908   468.76666605   244.57391272   573.22010794
   407.62318787   387.24202847  4868.54945008   346.47970969
   264.95507211   183.43043454   163.04927515   183.43043454
   326.09855029   142.66811575   203.81159393   224.19275333
  1263.63188239   388.42768582   448.18579133   328.66958031
   298.79052755   268.9114748    328.66958031   328.66958031
   507.94389684   209.15336929   239.03242204   179.27431653
   149.39526378   149.39526378   179.27431653   119.51621102
   209.15336929   233.65312666    77.88437555   233.65312666
   155.76875111    77.88437555   233.65312666   155.76875111
    77.88437555    77.88437555    77.88437555    77.88437555
   155.76875111]
