[ 183.70145882  572.16958598  269.86683421  208.88730917  250.40528366
  207.58987247  259.48734058  531.94904819  425.55923856  513.54701343
  219.3131808   217.95098713  196.15588842  174.36078971  163.46324035
  152.56569099   98.07794421  239.74608585  152.56569099  403.20932619
 4675.04867399 3304.68184239 4233.69792504 1533.83007194  568.03476021
  402.11477352  260.19191228  177.40357655  201.05738676  437.59548883
  461.24929904  403.59313666  201.05738676  165.57667145  297.15099073
  462.72766218  283.84572249  520.38382456 6009.54615578 1901.17499541
 4832.76909797 4192.63785923 4004.88574071 4015.23428268  212.88429187
  521.56541534  226.62267248  213.29192704  374.9272155   413.25310864
  348.26572462  386.59161776  361.59647006  466.5760904   506.56832672
  186.63043616  319.93789056  346.59938144  399.9223632  7575.19609634
 1897.96488204  186.63043616  226.62267248  239.95341792 1996.27912966
  749.85443101 2852.77952418 4230.84533405  308.2734883   300.69007986
  158.25793677  348.16746089  363.99325457  221.56111148  110.78055574
  142.43214309  110.78055574  253.21269883  411.4706356   476.75203452
  269.03849251  316.51587354  872.39687644 6722.00586428  253.21269883
  142.43214309  158.25793677  174.08373045  221.56111148  189.90952412
  174.08373045 3113.72490594  397.62306613  224.19275333  203.81159393
  326.09855029  163.04927515  305.7173909   305.7173909   285.33623151
  285.33623151  346.47970969  183.43043454  428.00434726  244.57391272
  326.09855029 4091.51774821  244.57391272  183.43043454  122.28695636
  101.90579697  122.28695636  224.19275333  101.90579697  142.66811575
  163.04927515 1161.72608542  298.79052755  388.42768582  209.15336929
  209.15336929  179.27431653  239.03242204  239.03242204  298.79052755
  149.39526378  179.27431653  119.51621102   89.63715827   89.63715827
  119.51621102   89.63715827   89.63715827  155.76875111   77.88437555
  155.76875111   77.88437555    0.          155.76875111   77.88437555
    0.            0.            0.           77.88437555  155.76875111]
