[ 287.0335294  1364.90341146  518.97468117  302.30275178  551.41059874
  280.24632783  384.04126406  989.94420432  947.12879313 1127.89635841
  306.49357565  337.82403005  905.85879027  960.34653705  360.98132244
  207.05343778  152.56569099  632.05786268  228.84853649  501.2872704
 5014.23489771 3380.96468789 2383.83892176 1227.33649629  950.81118136
  579.51835008  307.49953269  974.24130791 1614.37254664 3703.29966057
 3998.97228816 3694.42948174 1006.76529695  236.53810207  427.24694687
  842.66698863  508.55691946  591.34525518 2090.40547706 2780.80106249
 7672.70468597 7102.05651472 5156.53062518 4072.89044506  307.49953269
 1071.45866475  293.27639968 1418.05804619 3492.65530531 2889.43907414
  654.87286975  493.23758128  803.17741277 3624.29641653 1912.96197066
  548.22690622  759.85249009  506.56832672  493.23758128 5084.01304222
  988.14150575  319.93789056  506.56832672  506.56832672 1902.96391158
 1031.46642843 5410.6163055  2651.1519994   574.8883971   696.33492179
  443.12222295 2888.20734604  458.94801663  300.69007986  237.38690515
  253.21269883  221.56111148  332.34166722  617.2059534  3527.17376575
  906.02668801  540.05520923 1014.82901953 2781.38323872  445.10044716
  411.4706356   411.4706356   411.4706356   490.59960399  506.42539766
  363.99325457 1270.01994257  619.18417761  652.19710059 1388.46648367
  428.00434726  264.95507211  346.47970969  346.47970969  326.09855029
  305.7173909   366.86086908  244.57391272  756.65054248  856.00869452
  529.91014423 3663.51340095  369.408514    346.47970969  244.57391272
  163.04927515  203.81159393  410.17083279  244.57391272  346.47970969
  305.7173909  1903.09075835  388.42768582  448.18579133  268.9114748
  268.9114748   239.03242204  268.9114748   298.79052755  358.54863306
  209.15336929  298.79052755  209.15336929  209.15336929  179.27431653
  239.03242204  179.27431653  268.9114748   233.65312666  155.76875111
  233.65312666   77.88437555   77.88437555  233.65312666  155.76875111
   77.88437555   77.88437555  155.76875111    0.          233.65312666]
