[ 246.210983   1209.21100712  446.3182258   333.44123265  457.99515613
  228.34885971  332.14379595  687.64145254  873.17490106  941.27582568
  230.21073016  775.08819799  983.50382943  927.65388898  930.37827632
  326.9264807   130.77059228  577.5701159   163.46324035  326.9264807
 4018.47132525 2725.74953282 2528.23145073 1938.40159181  896.32343458
  496.73001435  319.3264378   950.5874977  1496.10349561 1329.04846102
  614.99906539 1377.83444457 1351.22390809  425.76858373  320.80480094
  830.84008353  425.76858373  496.73001435 2303.28976893 1426.62042812
 3157.78366267 1638.02635685 1556.71638426 3145.95675756  212.88429187
  989.80784893  626.54503569 1351.40431899  346.59938144  453.24534496
  348.26572462  346.59938144  428.25019726  479.90683584  559.89130848
  843.16964909  853.16770817  479.90683584  399.9223632  3411.00448949
  799.84472641  188.29677934  266.6149088   266.6149088  1782.98720261
  588.21914254 1434.72147799 1847.97458663  481.57317902  648.85754075
  617.2059534   316.51587354  316.51587354  205.7353178   110.78055574
  126.60634942  126.60634942  237.38690515  458.94801663  856.57108276
  937.67827536  476.75203452  888.22267012 3687.40992673  269.03849251
  189.90952412  189.90952412  205.7353178   284.86428619  237.38690515
  205.7353178  1222.54256154  540.05520923  570.67246301 1019.05796967
  285.33623151  142.66811575  264.95507211  244.57391272  244.57391272
  224.19275333  285.33623151  142.66811575  407.62318787  794.86521634
  407.62318787 2555.28785894  244.57391272  183.43043454  122.28695636
  101.90579697  122.28695636  285.33623151  122.28695636  163.04927515
  183.43043454 1658.51684563  298.79052755  328.66958031  209.15336929
  209.15336929  179.27431653  209.15336929  209.15336929  268.9114748
  179.27431653  149.39526378   89.63715827   89.63715827   89.63715827
  119.51621102   89.63715827  179.27431653  155.76875111    0.
  155.76875111    0.            0.           77.88437555   77.88437555
    0.            0.            0.           77.88437555   77.88437555]
