[ 297.23916601 1166.39559592  384.04126406  354.2002199   406.09768801
  207.58987247  301.00531508  542.32854182  893.93388831  864.99298018
  186.62053273  960.34653705  993.03918512  905.85879027  952.17337503
  666.11270442  480.85436536  678.37244745  152.56569099  326.9264807
 3820.95324316 2319.81581929 3852.28369756  953.5355687   807.78084606
  496.73001435  473.07620414  938.7605926   249.84337031  413.94167863
  532.21072966  344.45861114  307.49953269  734.74647956  273.49718052
  830.84008353  413.94167863  532.21072966 2813.32505152 1224.08467822
 1507.93040071 1769.60067613 2733.49344207 3301.18488705  201.05738676
  923.15412173  679.86801745  614.88063342  468.24243358  306.60714512
  266.6149088   279.94565424  241.6197611   333.268636    679.86801745
  668.20361519  893.15994449  466.5760904   386.59161776 2287.88918616
 2499.51477002  213.29192704  199.9611816   199.9611816  1018.13568299
  481.57317902 1353.07066217 2329.54776566  494.90392446  490.59960399
  838.76706488  316.51587354  269.03849251  174.08373045   94.95476206
  110.78055574   94.95476206  189.90952412  269.03849251  413.44885981
  919.87425747  460.92624084  935.70005115 2543.99633357  205.7353178
  142.43214309  142.43214309  158.25793677  221.56111148  174.08373045
  174.08373045 1175.06518051  413.44885981  366.86086908  326.09855029
  244.57391272  122.28695636  203.81159393  203.81159393  203.81159393
  183.43043454  244.57391272  122.28695636  285.33623151  509.52898483
  387.24202847 1513.30108495  183.43043454  163.04927515  101.90579697
   81.52463757  101.90579697  203.81159393  101.90579697  122.28695636
  163.04927515 1638.13568624  268.9114748   268.9114748   149.39526378
  179.27431653  149.39526378  149.39526378  179.27431653  209.15336929
  149.39526378  119.51621102   89.63715827   59.75810551   59.75810551
  119.51621102   89.63715827  149.39526378   77.88437555    0.
  155.76875111    0.            0.           77.88437555   77.88437555
    0.            0.            0.            0.           77.88437555]
