[ 307.44480261 1385.66239871  550.11316204  333.44123265  551.41059874
  290.62582145  415.17974493  751.21585099  852.41591381 1171.48655584
  306.49357565  414.10687555  939.91363201  982.14163576  491.75191472
  228.84853649  152.56569099  655.21515507  228.84853649  425.00442491
 4038.90423029 5218.56394815 3609.81322438 1281.82424307  983.50382943
  591.34525518  331.1533429   974.24130791 1626.19945175 3726.95347078
 4022.62609837 3718.08329195 1185.64723664  295.67262759  439.07385197
  878.14770394  508.55691946  603.17216028 2386.07810465  926.9336875
 3277.53107684 6081.98594954 5180.18443538 2838.45722487  307.49953269
 1098.12015563  359.93012688 1444.71953707 3519.31679619 1564.69624603
  454.91168814  493.23758128  454.91168814 2219.56911578 3251.03554421
  548.22690622  799.84472641  533.2298176   506.56832672 6783.68308583
 1001.47225119  294.94274286  479.90683584  479.90683584 2317.8833634
  668.20361519 3817.59222541 4232.51167723  588.21914254  712.16071546
  506.42539766 2666.64623457  458.94801663  316.51587354  205.7353178
  237.38690515  221.56111148  348.16746089  474.77381031 3544.97778364
  985.15565639  555.8810029  1030.65481321 3036.57416176  429.27465349
  458.94801663  381.79727246  395.64484192  569.72857237  490.59960399
  363.99325457 2081.09186852  476.75203452  652.19710059 1408.84764306
  428.00434726  264.95507211  387.24202847  366.86086908  346.47970969
  326.09855029  387.24202847  244.57391272  471.31431097  876.38985391
  529.91014423 2863.55289476  407.62318787  346.47970969  224.19275333
  163.04927515  203.81159393  326.09855029  224.19275333  326.09855029
  305.7173909  2185.87934493  388.42768582  418.30673857  298.79052755
  268.9114748   239.03242204  268.9114748   328.66958031  358.54863306
  209.15336929  298.79052755  209.15336929  179.27431653  179.27431653
  239.03242204  179.27431653  298.79052755  233.65312666  155.76875111
  233.65312666  155.76875111   77.88437555  155.76875111  155.76875111
   77.88437555   77.88437555   77.88437555  155.76875111  155.76875111]
