[ 266.6222562  1156.0161023   415.17974493  374.95920714  426.85667526
  217.96936609  311.3848087   552.70803544  862.79540744  875.89052954
  208.41563145  918.11853329  983.50382943  916.75633962  963.07092439
  599.36521461  382.77642115  577.5701159   152.56569099  403.20932619
 3273.35138799 3161.65150709 2383.83892176 1347.20953921  873.1661422
  484.90310925  366.63405821  938.7605926  1045.20273853  544.03763477
  366.63405821  521.8621877   971.28458163  544.03763477  273.49718052
  819.01317843  413.94167863  508.55691946 3301.18488705  867.79916198
 1899.69663227 1840.56210675 1592.19709957 4680.49769476  212.88429187
  949.81561261  613.21429024 1043.13083069  281.61199742  493.23758128
  279.94565424  279.94565424  254.95050654  586.55279936  373.26087232
  829.83890365  773.18323553  466.5760904   386.59161776 3570.97343477
 2124.58755452  188.29677934  226.62267248  226.62267248 1501.37520519
  334.93497918 3682.61842783 2289.55552934  481.57317902  633.03174708
  743.81230282  316.51587354  284.86428619  174.08373045  110.78055574
  110.78055574   94.95476206  205.7353178   284.86428619  397.62306613
  935.70005115  460.92624084  888.22267012 4308.57232855  237.38690515
  158.25793677  158.25793677  174.08373045  237.38690515  205.7353178
  189.90952412 1175.06518051  365.97147878  550.29130362  713.34057877
  264.95507211  122.28695636  224.19275333  224.19275333  224.19275333
  183.43043454  244.57391272  122.28695636  305.7173909   754.10289755
  407.62318787 3352.7007202   224.19275333  183.43043454  101.90579697
  101.90579697  101.90579697  224.19275333  101.90579697  142.66811575
  183.43043454 1658.51684563  268.9114748   298.79052755  179.27431653
  179.27431653  149.39526378  179.27431653  209.15336929  209.15336929
  149.39526378  149.39526378   89.63715827   89.63715827   59.75810551
  119.51621102   89.63715827  149.39526378  155.76875111    0.
  155.76875111    0.            0.           77.88437555   77.88437555
    0.            0.            0.           77.88437555   77.88437555]
