[ 307.44480261 1156.0161023   394.42075769  354.2002199   416.47718164
  197.21037884  332.14379595  687.64145254  904.31338193  875.89052954
  186.62053273  950.81118136 1014.83428383  927.65388898  963.07092439
  633.42005635  339.18622372  655.21515507  163.46324035  337.82403005
 3635.6949041  4344.03561228 3510.3730865  1379.90218728  862.26859284
  508.55691946  390.28786842  962.41440281  498.20837749  366.63405821
  378.46096332  320.80480094  520.38382456  579.51835008  273.49718052
  819.01317843  425.76858373  508.55691946 2541.30623414 1021.54892832
 1555.23802113 3040.99297477 3397.27849101 3942.79448892  236.53810207
  976.47710349  666.53727201  803.17741277  374.9272155   319.93789056
  279.94565424  293.27639968  268.28125198  386.59161776  453.24534496
  803.17741277  853.16770817  466.5760904   399.9223632  4402.4786816
 1643.01437549  199.9611816   226.62267248  226.62267248  991.47419211
 1031.46642843 2622.82416534 3227.70673969  494.90392446  617.2059534
  822.9412712   411.4706356   284.86428619  189.90952412  110.78055574
  126.60634942   94.95476206  205.7353178   300.69007986  381.79727246
  890.20089433  460.92624084  935.70005115 3768.51711932  221.56111148
  142.43214309  158.25793677  174.08373045  237.38690515  205.7353178
  189.90952412 1778.42356445  460.92624084  529.91014423  468.76666605
  264.95507211  142.66811575  224.19275333  224.19275333  224.19275333
  203.81159393  264.95507211  122.28695636  285.33623151  631.81594119
  407.62318787 1941.30543221  224.19275333  163.04927515  101.90579697
  101.90579697  122.28695636  203.81159393  101.90579697  142.66811575
  183.43043454 1638.13568624  268.9114748   268.9114748   179.27431653
  179.27431653  149.39526378  179.27431653  209.15336929  209.15336929
  149.39526378  149.39526378   89.63715827   89.63715827   89.63715827
  119.51621102   89.63715827  149.39526378  155.76875111    0.
  155.76875111   77.88437555    0.           77.88437555   77.88437555
    0.            0.            0.           77.88437555   77.88437555]
