[ 276.8278928  1135.25711505  352.90278319  323.06173903  364.57971352
  186.83088522  269.86683421  542.32854182  800.5184457   832.30033211
  174.36078971  939.91363201  972.60628008  795.52110303  930.37827632
  644.31760571  426.36661858  687.90780314  130.77059228  261.54118456
 2090.9672828  3534.89257255 2220.37568141  986.22821677  840.47349413
  484.90310925  484.90310925  891.45297219  153.74976635  461.24929904
  437.59548883  391.76623156  141.92286124  746.57338467  272.01881738
  807.18627332  402.11477352  508.55691946 1305.39465081  653.43650697
 1352.70227123 2944.8993708  2627.05129614 1862.73755382  177.40357655
  989.80784893  746.52174465  348.26572462  279.94565424  253.28416336
  226.62267248  239.95341792  226.62267248  279.94565424  453.24534496
  401.58870638  933.15218081  453.24534496  386.59161776 4935.7084992
 1214.76417823  146.63819984  159.96894528  173.29969072 1193.10171689
  628.21137887 2626.1568517  1526.37035289  454.91168814  585.55436605
  807.11547752  237.38690515  221.56111148  142.43214309   79.12896838
   94.95476206   79.12896838  158.25793677  221.56111148  350.1456851
  888.22267012  445.10044716  983.17743218 4690.369601    189.90952412
  126.60634942  110.78055574  126.60634942  379.81904825  158.25793677
  158.25793677 1285.84573625  397.62306613  794.86521634  285.33623151
  203.81159393  101.90579697  183.43043454  183.43043454  183.43043454
  163.04927515  203.81159393  101.90579697  224.19275333  387.24202847
  366.86086908 3373.08187959  183.43043454  142.66811575   81.52463757
   81.52463757  101.90579697  203.81159393   81.52463757  101.90579697
  142.66811575 1617.75452684  268.9114748   209.15336929  149.39526378
  149.39526378  119.51621102  149.39526378  179.27431653  179.27431653
  149.39526378  119.51621102   89.63715827   59.75810551   59.75810551
   89.63715827   59.75810551  119.51621102   77.88437555    0.
  155.76875111    0.            0.           77.88437555   77.88437555
    0.            0.            0.            0.           77.88437555]
