[ 287.0335294  1135.25711505  404.80025131  312.6822454   416.47718164
  207.58987247  301.00531508  656.50297167  862.79540744  864.99298018
  186.62053273  929.01608265  983.50382943  916.75633962  952.17337503
  544.87746783  130.77059228  610.26276397  152.56569099  283.33628327
 3207.96609185 4026.64448727 3368.70494486 2409.72060148  829.57594477
  508.55691946  331.1533429   938.7605926   629.78269677  366.63405821
  378.46096332  332.63170604  638.6528756   591.34525518  261.67027542
  807.18627332  413.94167863  508.55691946 1923.35044248 1105.81562719
 5174.27098283 3015.86080142 2424.51554624 4180.81095413  236.53810207
  949.81561261  613.21429024  896.49263085  333.268636    413.25310864
  293.27639968  306.60714512  268.28125198  573.22205392  386.59161776
  816.50815821  879.82919905  466.5760904   386.59161776 3104.39734436
 1068.12597839  188.29677934  226.62267248  253.28416336 3684.28477101
  428.25019726 4432.47285884 1982.94838422  481.57317902  617.2059534
  601.38015972  411.4706356   284.86428619  189.90952412  110.78055574
  126.60634942   94.95476206  205.7353178   284.86428619  332.34166722
  890.20089433  460.92624084  888.22267012 2860.51220711  221.56111148
  142.43214309  158.25793677  189.90952412  617.2059534   205.7353178
  205.7353178  1206.71676787  460.92624084  529.91014423  529.91014423
  264.95507211  142.66811575  224.19275333  224.19275333  224.19275333
  203.81159393  264.95507211  122.28695636  285.33623151  672.57825998
  407.62318787 2534.90669954  203.81159393  163.04927515  101.90579697
  101.90579697  122.28695636  244.57391272  122.28695636  142.66811575
  183.43043454 1658.51684563  268.9114748   268.9114748   179.27431653
  179.27431653  149.39526378  179.27431653  209.15336929  209.15336929
  149.39526378  149.39526378   89.63715827   89.63715827   89.63715827
  119.51621102   89.63715827  149.39526378  155.76875111    0.
  155.76875111    0.            0.           77.88437555   77.88437555
    0.            0.            0.           77.88437555   77.88437555]
