[ 266.6222562  1209.21100712  498.21569392  364.57971352  489.133637
  249.10784696  352.90278319  594.22600993  852.41591381  995.76357246
  273.80092758  731.49800056 1014.83428383  938.55143834  897.68562825
  348.72157941  141.66814164  610.26276397  185.25833906  326.9264807
 1883.91384502 3983.05428984 4353.57096797 1456.18503278  873.1661422
  508.55691946  319.3264378   950.5874977  1555.23802113 2528.0009659
 1766.64394985 2672.88055342 1339.39700298  366.63405821  356.28551625
  854.49389374  449.42239394  532.21072966 1567.06492623 1710.46615061
 3787.56635943 1590.71873644 1688.29070354 4251.77238475  236.53810207
  989.80784893  586.55279936 1364.73506443  654.87286975  479.90683584
  428.25019726  453.24534496  481.57317902  546.56056304 1656.34512093
  721.52659695  853.16770817  506.56832672  439.91459952 2902.76981958
 1201.43343279  253.28416336  333.268636    333.268636   3590.96955293
  843.16964909 1381.39849623 1594.69042327  428.25019726  633.03174708
  601.38015972  427.29642928  474.77381031  284.86428619  158.25793677
  189.90952412  174.08373045  348.16746089  617.2059534  1730.94618342
  921.85248168  508.40362187  919.87425747 3610.25918255  332.34166722
  284.86428619  253.21269883  269.03849251  538.07698502  316.51587354
  237.38690515 1222.54256154  476.75203452  570.67246301 1388.46648367
  387.24202847  203.81159393  346.47970969  346.47970969  326.09855029
  305.7173909   387.24202847  203.81159393  450.93315158  815.24637573
  448.38550665 3128.50796688  305.7173909   244.57391272  142.66811575
  122.28695636  142.66811575  532.45778915  142.66811575  203.81159393
  224.19275333 2272.49927236  328.66958031  358.54863306  239.03242204
  239.03242204  209.15336929  268.9114748   268.9114748   358.54863306
  179.27431653  209.15336929  119.51621102  119.51621102  119.51621102
  149.39526378  119.51621102  209.15336929  155.76875111   77.88437555
  155.76875111   77.88437555   77.88437555  155.76875111   77.88437555
    0.            0.           77.88437555    0.          155.76875111]
