[ 297.23916601 1323.38543697  518.97468117  291.92325816  561.79009236
  269.86683421  384.04126406  927.66724258  925.07236918 1127.89635841
  295.5960263   348.72157941  884.06369155  938.55143834  339.18622372
  196.15588842  152.56569099  621.16031333  228.84853649  370.51667812
 3547.15231558 2593.61674687 2461.48396092 1270.92669371  961.70873072
  555.86453987  295.67262759  950.5874977  1602.54564154 3679.64585036
 3987.14538306 3682.60257664 1043.72437539  248.36500718  415.42004176
  819.01317843  508.55691946  567.69144497 2992.20699122 2768.97415738
 7090.22960962 8541.98221109 3920.61904185 4108.37116037  307.49953269
 1056.46157613  266.6149088  1404.72730075 3479.32455987 3291.02778053
 1016.46933981  626.54503569 1204.76611915 3839.25468675 1429.72244845
  548.22690622  733.19099921  493.23758128  493.23758128 5405.61727596
 1014.80299663  319.93789056  519.89907216  519.89907216 1942.9561479
  896.49263085 3014.41481264 1954.62055016  561.55765166  680.50912811
  458.94801663 2858.5339829   458.94801663  316.51587354  237.38690515
  269.03849251  237.38690515  348.16746089  933.72182694 3210.65789221
  904.0484638   524.22941555  983.17743218 2765.55744505  460.92624084
  395.64484192  397.62306613  411.4706356   427.29642928  522.25119134
  363.99325457 1238.36835522  666.66155864  631.81594119 1347.70416488
  428.00434726  264.95507211  346.47970969  346.47970969  346.47970969
  326.09855029  387.24202847  244.57391272 1001.2244552   856.00869452
  529.91014423 3597.27463292  407.62318787  366.86086908  244.57391272
  163.04927515  203.81159393  346.47970969  244.57391272  346.47970969
  326.09855029 1859.78079464  388.42768582  448.18579133  298.79052755
  268.9114748   239.03242204  268.9114748   298.79052755  358.54863306
  209.15336929  328.66958031  239.03242204  209.15336929  179.27431653
  239.03242204  179.27431653  298.79052755  233.65312666  155.76875111
  233.65312666   77.88437555   77.88437555  155.76875111  155.76875111
   77.88437555   77.88437555   77.88437555  155.76875111  155.76875111]
