[ 256.4166196  1166.39559592  404.80025131  302.30275178  416.47718164
  217.96936609  311.3848087   542.32854182  852.41591381  854.09543082
  197.51808209  874.52833587  972.60628008  916.75633962  941.27582568
  425.00442491  130.77059228  588.46766526  152.56569099  294.23383263
 2912.37006555 3774.6386584  2657.63984934 1566.52272001  840.47349413
  484.90310925  307.49953269  938.7605926   901.80151415  390.28786842
  354.80715311  344.45861114  782.05409998  508.55691946  283.84572249
  807.18627332  413.94167863  520.38382456 2624.09456987 1057.02964364
 2077.10020882 3800.87162768 1676.46379844 5725.70043329  212.88429187
  949.81561261  599.8835448   949.81561261  306.60714512  479.90683584
  266.6149088   279.94565424  241.6197611   599.8835448   359.93012688
  829.83890365  839.83696273  466.5760904   399.9223632  4764.07515166
  934.81852399  201.62752478  226.62267248  226.62267248 1754.65936855
  401.58870638 2437.86007236 2356.20925654  481.57317902  617.2059534
  569.72857237  363.99325457  269.03849251  174.08373045   94.95476206
  110.78055574   94.95476206  205.7353178   284.86428619  348.16746089
  890.20089433  460.92624084  888.22267012 2654.77688931  237.38690515
  158.25793677  158.25793677  174.08373045  300.69007986  189.90952412
  189.90952412 1190.89097419  460.92624084  550.29130362  631.81594119
  264.95507211  122.28695636  224.19275333  224.19275333  224.19275333
  183.43043454  244.57391272  122.28695636  285.33623151  733.72173816
  387.24202847 3393.46303899  224.19275333  163.04927515  101.90579697
  101.90579697  101.90579697  264.95507211  101.90579697  142.66811575
  163.04927515 1658.51684563  268.9114748   298.79052755  179.27431653
  179.27431653  149.39526378  179.27431653  209.15336929  209.15336929
  149.39526378  149.39526378   89.63715827   89.63715827   89.63715827
  119.51621102   89.63715827  149.39526378   77.88437555    0.
  155.76875111    0.            0.           77.88437555   77.88437555
    0.            0.            0.           77.88437555   77.88437555]
