[ 307.44480261 1396.04189233  518.97468117  354.2002199   551.41059874
  280.24632783  404.80025131  761.59534461  947.12879313 1171.48655584
  317.39112501  459.05926665  950.81118136  949.44898769  536.70430581
  239.74608585  152.56569099  644.31760571  217.95098713  446.79952362
 4838.51191433 5229.4614975  3718.78871794 2037.84172969  939.91363201
  579.51835008  331.1533429   950.5874977  1567.06492623 3561.37679933
 3797.9149014  3539.20135226  901.80151415  307.49953269  427.24694687
  866.32079884  496.73001435  603.17216028 1899.69663227 1521.23566895
 3395.80012788 2789.67124132 5940.06308829 2956.7262759   307.49953269
 1111.45090107  386.59161776 1391.39655531 3066.07145122  546.56056304
  454.91168814  493.23758128  454.91168814  679.86801745 3825.92394131
  468.24243358  773.18323553  519.89907216  493.23758128 5323.96646014
 2017.941591    319.93789056  439.91459952  426.58385408 2652.81834258
  601.54988798 1688.00564135 4110.86862509  601.54988798  727.98650914
  490.59960399 1394.64806778  474.77381031  727.98650914  205.7353178
  221.56111148  205.7353178   619.18417761  490.59960399 3337.26424163
  937.67827536  508.40362187 1014.82901953 3926.77505609  397.62306613
  443.12222295  363.99325457  363.99325457  775.46389017  427.29642928
  332.34166722 2207.69821793  492.57782819  631.81594119 1408.84764306
  509.52898483  244.57391272  387.24202847  387.24202847  366.86086908
  346.47970969  428.00434726  264.95507211  471.31431097  815.24637573
  509.52898483 2185.87934493  366.86086908  305.7173909   203.81159393
  163.04927515  183.43043454  410.17083279  203.81159393  285.33623151
  305.7173909  1801.18496138  388.42768582  448.18579133  298.79052755
  298.79052755  239.03242204  298.79052755  328.66958031  448.18579133
  209.15336929  268.9114748   179.27431653  179.27431653  149.39526378
  209.15336929  149.39526378  268.9114748   155.76875111   77.88437555
  233.65312666  155.76875111   77.88437555  155.76875111  155.76875111
   77.88437555   77.88437555   77.88437555  155.76875111  155.76875111]
