[ 266.6222562  1209.21100712  456.69771943  343.82072627  468.37464975
  238.72835334  332.14379595  563.08752906  883.55439468  963.07092439
  230.21073016  841.8356878  1005.29892815  938.55143834  941.27582568
  490.38972105  141.66814164  577.5701159   174.36078971  381.41422748
 4225.52476303 2287.12317122 3019.98336545 1720.45060467  950.81118136
  496.73001435  295.67262759  962.41440281 1555.23802113 1648.37489882
  841.18862549 1710.46615061 1376.35608143  354.80715311  320.80480094
  830.84008353  425.76858373  496.73001435 2326.94357914 1188.60396291
 1708.98778747 2624.09456987 1544.88947916 3122.30294736  224.71119697
  976.47710349  586.55279936 1378.06580987  348.26572462  426.58385408
  374.9272155   373.26087232  441.5809427   426.58385408  773.18323553
  789.84666733  839.83696273  479.90683584  413.25310864 3344.35076229
  813.17547185  214.95827022  279.94565424  293.27639968 5290.63959654
  763.18517645 1448.05222343 1688.00564135  481.57317902  648.85754075
  506.42539766  332.34166722  363.99325457  221.56111148  126.60634942
  142.43214309  126.60634942  253.21269883  506.42539766 1048.4588311
  921.85248168  476.75203452  888.22267012 2559.82212725  284.86428619
  221.56111148  205.7353178   221.56111148  458.94801663  269.03849251
  205.7353178  1175.06518051  571.70679658  591.05362241 1141.34492603
  305.7173909   163.04927515  285.33623151  285.33623151  264.95507211
  244.57391272  305.7173909   163.04927515  428.00434726  794.86521634
  428.00434726 3049.53097423  264.95507211  203.81159393  122.28695636
  101.90579697  122.28695636  512.07662976  122.28695636  163.04927515
  203.81159393 1719.66032381  298.79052755  298.79052755  209.15336929
  209.15336929  179.27431653  209.15336929  239.03242204  268.9114748
  179.27431653  179.27431653  119.51621102   89.63715827   89.63715827
  149.39526378   89.63715827  179.27431653  155.76875111    0.
  155.76875111   77.88437555    0.           77.88437555   77.88437555
    0.            0.           77.88437555   77.88437555  155.76875111]
