[ 287.0335294  1281.86746248  518.97468117  271.16427091  572.16958598
  269.86683421  394.42075769 1043.13910914  915.99031226 1115.63661538
  284.69847694  316.02893134  796.8832967   916.75633962  339.18622372
  207.05343778  152.56569099  588.46766526  250.6436352   425.00442491
 3295.1464867  2659.00204301 2318.45362562 2014.6844373   950.81118136
  544.03763477  283.84572249  950.5874977  1614.37254664 3715.12656567
 4022.62609837 3706.25638685 1221.12795195  248.36500718  439.07385197
  795.35936822  532.21072966  544.03763477 4856.42290817 2448.16935645
 5614.82319794 5889.7987416  2233.80670145 4597.70935903  331.1533429
  964.81270123  266.6149088  1431.38879163 3532.64754163 3719.27797779
 2569.50118358 2017.941591   2757.79796292 4094.20519329 1509.70692109
  481.57317902  759.85249009  493.23758128  479.90683584 5230.65124206
 2151.2490454   386.59161776  586.55279936  559.89130848 3067.7377944
  549.8932494  1501.37520519 3482.65724623  588.21914254  696.33492179
  411.4706356  2921.83715761 1127.58779948  379.81904825  269.03849251
  569.72857237  269.03849251  365.97147878 2300.67475579 1588.51404032
  856.57108276  492.57782819  872.39687644 4245.26915384  524.22941555
  458.94801663  476.75203452  490.59960399  427.29642928  569.72857237
  395.64484192 1285.84573625  555.8810029   631.81594119 1304.39420117
  509.52898483 1120.96376663  428.00434726  387.24202847  387.24202847
  346.47970969  448.38550665  754.10289755 1923.47191774  876.38985391
  550.29130362 3579.44111845  448.38550665  428.00434726  305.7173909
  224.19275333  244.57391272  326.09855029  244.57391272  369.408514
  346.47970969 1821.56612078  448.18579133  507.94389684  328.66958031
  298.79052755  239.03242204  298.79052755  358.54863306  478.06484408
  239.03242204  328.66958031  268.9114748   239.03242204  209.15336929
  298.79052755  209.15336929  328.66958031  233.65312666  155.76875111
  233.65312666  155.76875111   77.88437555  233.65312666  155.76875111
   77.88437555   77.88437555  155.76875111  155.76875111  233.65312666]
