[ 317.65043921 1385.66239871  518.97468117  374.95920714  541.03110511
  280.24632783  384.04126406  917.28774896  978.267274   1149.69145712
  306.49357565  544.87746783  927.65388898  971.24408641  788.71013468
  283.33628327  163.46324035  644.31760571  228.84853649  425.00442491
 3853.64589123 4878.01553075 4157.41507955 1249.131595    994.40137879
  591.34525518  331.1533429   938.7605926  1614.37254664 3679.64585036
 3963.49157285 3670.77567154 1447.31751206  413.94167863  415.42004176
  878.14770394  508.55691946  603.17216028 2409.73191486 1426.62042812
 2767.49579425 4239.94547965 6203.21172685 2220.5014332   307.49953269
 1098.12015563  453.24534496 1418.05804619 3465.99381443 1136.44604877
  441.5809427   479.90683584  454.91168814 1724.66519131 3144.38958069
  521.56541534  773.18323553  519.89907216  506.56832672 6355.43288857
 1054.79523295  321.60423374  466.5760904   466.5760904  2519.51088818
  989.80784893 4727.4156017  3695.94917327  588.21914254  696.33492179
  569.72857237 2348.15213682  458.94801663  316.51587354  255.19092304
  332.34166722  316.51587354  348.16746089  474.77381031 3527.17376575
  985.15565639  540.05520923 1030.65481321 2575.64792092  429.27465349
  458.94801663  395.64484192  395.64484192  617.2059534   474.77381031
  348.16746089 3463.87059104  492.57782819  631.81594119 1571.89691821
  428.00434726  326.09855029  366.86086908  366.86086908  346.47970969
  326.09855029  387.24202847  326.09855029  450.93315158  856.00869452
  529.91014423 2206.26050433  387.24202847  346.47970969  224.19275333
  163.04927515  183.43043454  326.09855029  224.19275333  326.09855029
  305.7173909  2124.73586675  388.42768582  448.18579133  298.79052755
  268.9114748   239.03242204  298.79052755  328.66958031  358.54863306
  209.15336929  298.79052755  209.15336929  179.27431653  179.27431653
  239.03242204  179.27431653  298.79052755  233.65312666   77.88437555
  233.65312666   77.88437555   77.88437555  155.76875111  155.76875111
   77.88437555   77.88437555   77.88437555  155.76875111  233.65312666]
