[ 266.6222562  1240.34948799  529.35417479  281.54376453  572.16958598
  269.86683421  404.80025131  770.67740153  914.69287555 1106.1012597
  295.5960263   316.02893134  621.16031333  916.75633962  469.956816
  207.05343778  163.46324035  588.46766526  261.54118456  457.69707298
 2792.49702263 2889.21277317 2560.9240988  1720.45060467  950.81118136
  555.86453987  295.67262759  879.62606708 1626.19945175 3738.78037588
 4047.75827171 3741.73710216 1376.35608143  272.01881738  439.07385197
  819.01317843  544.03763477  579.51835008 3658.94876643 2733.49344207
 5388.63363784 4690.84623672 1676.46379844 4050.71499799  331.1533429
 1031.46642843  266.6149088  1431.38879163 3545.97828707 3759.27021411
 3066.07145122 2594.49633128 3252.70188739 4147.52817505 1724.66519131
  441.5809427   719.86025377  493.23758128  533.2298176  6167.13610923
 1817.98040939  388.25796094  588.21914254  573.22205392 1301.41402359
  521.56541534 1836.31018437 3254.36823057  534.89616078  680.50912811
  379.81904825 2921.83715761 1634.01319714  379.81904825  253.21269883
  332.34166722  284.86428619  397.62306613 2809.07837766 1190.89097419
  793.26790806  508.40362187  951.52584483 4561.78502738  540.05520923
  490.59960399  492.57782819  490.59960399  379.81904825  569.72857237
  395.64484192 1333.32311728  619.18417761  652.19710059 1100.58260724
  529.91014423  652.19710059  611.4347818   369.408514    387.24202847
  387.24202847  509.52898483  407.62318787 2310.71394622  876.38985391
  550.29130362 3352.7007202   448.38550665  448.38550665  326.09855029
  224.19275333  264.95507211  346.47970969  244.57391272  369.408514
  346.47970969 1880.16195403  448.18579133  537.8229496   328.66958031
  298.79052755  268.9114748   298.79052755  358.54863306  567.70200235
  239.03242204  358.54863306  268.9114748   239.03242204  209.15336929
  298.79052755  209.15336929  328.66958031  233.65312666  155.76875111
  233.65312666  155.76875111   77.88437555  233.65312666  155.76875111
   77.88437555   77.88437555  155.76875111  155.76875111  233.65312666]
