[ 244.93527842  364.57971352  145.31291073  114.17442986  145.31291073
  197.21037884  186.83088522  374.95920714  373.66177044  480.85436536
  119.87304292  119.87304292   98.07794421   87.18039485   87.18039485
   98.07794421   76.2828455   370.51667812  108.97549357  207.05343778
 2090.9672828  2406.99621414 2417.8937635   766.91503597  468.59462233
  342.980248    141.92286124   82.78833573  106.44214593  212.88429187
  224.71119697  201.05738676  106.44214593   70.96143062  165.57667145
  712.57103249  295.67262759  685.96049601 2219.02307007 1117.64253229
 2457.03953528 2196.847623   1830.21356478 1994.3118731   118.26905104
  319.93789056  133.3074544   106.64596352  186.63043616  199.9611816
  173.29969072  186.63043616  173.29969072  213.29192704  239.95341792
   79.98447264  159.96894528  453.24534496  586.55279936 2474.51962232
  906.49068993   93.31521808  106.64596352  119.97670896 1058.12791931
  321.60423374  951.48195579 2116.25583862  266.6149088   332.34166722
   94.95476206  174.08373045  174.08373045   94.95476206   47.47738103
   63.30317471   63.30317471  110.78055574  174.08373045  205.7353178
  126.60634942  413.44885981 2302.65298    1717.09861395   94.95476206
   63.30317471   63.30317471   79.12896838  126.60634942   79.12896838
   94.95476206 1889.20412019  284.86428619  346.47970969  101.90579697
  163.04927515   61.14347818  122.28695636  122.28695636  142.66811575
  101.90579697  163.04927515   61.14347818  203.81159393  101.90579697
  285.33623151 2267.40398251  101.90579697   81.52463757   61.14347818
   40.76231879   61.14347818   81.52463757   40.76231879   61.14347818
   81.52463757  856.00869452  149.39526378  119.51621102   89.63715827
   89.63715827   59.75810551   89.63715827  119.51621102  119.51621102
   89.63715827   89.63715827   29.87905276    0.           29.87905276
   59.75810551   29.87905276   59.75810551   77.88437555    0.
   77.88437555    0.            0.            0.            0.
    0.            0.            0.            0.           77.88437555]
