[ 398.01982744  542.32854182  207.58987247  176.4513916   207.58987247
  332.14379595  259.48734058  500.81056732  592.92857323  941.27582568
  241.10827951  163.46324035  119.87304292  119.87304292  108.97549357
  119.87304292   98.07794421  414.10687555  130.77059228  272.43873392
 2747.54463154 3458.60972705 2746.18243787 1051.61351291  731.49800056
  650.4797807   201.05738676  118.26905104  141.92286124  283.84572249
  283.84572249  272.01881738  130.09595614   94.61524083  272.01881738
  901.80151415  366.63405821  721.44121132 3265.70417174 1318.69991905
 3051.34151673 2386.07810465 2281.11432186 2873.93794018  165.57667145
  574.8883971   173.29969072  133.3074544   239.95341792  266.6149088
  226.62267248  239.95341792  226.62267248  279.94565424  306.60714512
  106.64596352  213.29192704  546.56056304  653.20652657 3719.27797779
 1483.04543021  119.97670896  146.63819984  146.63819984 1539.70109833
  414.91945182 1406.39364393 2919.43325138  468.24243358  585.55436605
  110.78055574  221.56111148  221.56111148  126.60634942   63.30317471
   79.12896838   63.30317471  142.43214309  221.56111148  269.03849251
  158.25793677  492.57782819 2445.08512309 2401.56419048  142.43214309
   94.95476206   94.95476206  110.78055574  189.90952412  110.78055574
  110.78055574 2779.40501451  302.66830407  631.81594119  142.66811575
  203.81159393  101.90579697  163.04927515  183.43043454  183.43043454
  142.66811575  203.81159393   81.52463757  224.19275333  142.66811575
  366.86086908 2555.28785894  142.66811575  122.28695636   81.52463757
   61.14347818   81.52463757  163.04927515   61.14347818   81.52463757
  122.28695636 1019.05796967  179.27431653  179.27431653  119.51621102
  149.39526378  119.51621102  119.51621102  149.39526378  179.27431653
  119.51621102   89.63715827   59.75810551   29.87905276   59.75810551
   89.63715827   59.75810551   89.63715827   77.88437555    0.
   77.88437555    0.            0.           77.88437555    0.
    0.            0.            0.            0.           77.88437555]
