[ 234.72964182  406.09768801  155.69240435  124.55392348  145.31291073
  166.07189797  176.4513916   385.33870077  394.42075769  580.29450324
  141.66814164  119.87304292   98.07794421   87.18039485   87.18039485
   98.07794421   65.38529614  250.6436352    98.07794421  207.05343778
 1927.50404245 1969.73204621 2220.37568141  766.91503597  512.18481976
  461.24929904  153.74976635   94.61524083  106.44214593  224.71119697
  224.71119697  201.05738676  106.44214593   70.96143062  165.57667145
  498.20837749  224.71119697  626.82597049 2171.71544965 1070.33491188
 2244.15524341 2458.51789841 2400.86173603 2124.40782924  130.09595614
  428.25019726  133.3074544   106.64596352  186.63043616  199.9611816
  173.29969072  173.29969072  173.29969072  213.29192704  239.95341792
   79.98447264  159.96894528  293.27639968  559.89130848 2554.50409496
  866.49845361   79.98447264  106.64596352  119.97670896 1473.04737113
  321.60423374  911.48971947 1674.67489591  374.9272155   490.59960399
   94.95476206  174.08373045  174.08373045   94.95476206   47.47738103
   63.30317471   63.30317471  110.78055574  174.08373045  205.7353178
  126.60634942  316.51587354 1491.58105405 1717.09861395   94.95476206
   63.30317471   63.30317471   79.12896838  110.78055574   79.12896838
   94.95476206 1938.65972543  253.21269883  509.52898483  101.90579697
  163.04927515   61.14347818  122.28695636  122.28695636  142.66811575
  101.90579697  163.04927515   61.14347818  183.43043454  101.90579697
  224.19275333 2247.02282311  101.90579697   81.52463757   61.14347818
   40.76231879   61.14347818   81.52463757   40.76231879   61.14347818
   81.52463757  856.00869452  149.39526378  119.51621102   89.63715827
   89.63715827   59.75810551   89.63715827  119.51621102  119.51621102
   89.63715827   59.75810551   29.87905276   29.87905276   29.87905276
   59.75810551   29.87905276   59.75810551    0.            0.
   77.88437555    0.            0.            0.            0.
    0.            0.            0.            0.           77.88437555]
