[ 204.11273202  364.57971352  186.83088522  155.69240435  176.4513916
  176.4513916   186.83088522  374.95920714  435.93873218  502.64946407
  152.56569099  152.56569099  119.87304292  108.97549357  108.97549357
  119.87304292   87.18039485  283.33628327  130.77059228  250.6436352
 3033.60530215 3141.21860204 3064.93575655 1106.1012597   557.13721086
  378.46096332  177.40357655  106.44214593  141.92286124  272.01881738
  272.01881738  260.19191228  118.26905104   94.61524083  212.88429187
  570.64817125  260.19191228  839.71026236 3527.37444715 1295.04610885
 2813.32505152 2766.01743111 2257.46051165 2909.41865549  153.74976635
  334.93497918  159.96894528  133.3074544   226.62267248  253.28416336
  213.29192704  226.62267248  213.29192704  266.6149088   293.27639968
  106.64596352  199.9611816   386.59161776  639.87578113 4682.42433584
 1844.64190027  119.97670896  146.63819984  146.63819984 1446.38588025
  374.9272155  1486.37811657 2757.79796292  374.9272155   411.4706356
  110.78055574  221.56111148  221.56111148  126.60634942   63.30317471
   79.12896838   79.12896838  142.43214309  221.56111148  269.03849251
  142.43214309  395.64484192 2191.87242426 2941.6193997   126.60634942
   94.95476206   94.95476206  110.78055574  158.25793677  110.78055574
  110.78055574 2524.21409147  284.86428619  428.00434726  122.28695636
  203.81159393  101.90579697  163.04927515  163.04927515  163.04927515
  142.66811575  203.81159393   81.52463757  224.19275333  142.66811575
  264.95507211 2328.54746069  142.66811575  122.28695636   81.52463757
   61.14347818   81.52463757  142.66811575   61.14347818   81.52463757
  122.28695636  937.53333209  179.27431653  179.27431653  119.51621102
  119.51621102   89.63715827  119.51621102  149.39526378  149.39526378
  119.51621102   89.63715827   59.75810551   29.87905276   29.87905276
   59.75810551   59.75810551   89.63715827   77.88437555    0.
   77.88437555    0.            0.           77.88437555    0.
    0.            0.            0.            0.           77.88437555]
