[ 327.85607581  520.27211787  186.83088522  145.31291073  176.4513916
  259.48734058  238.72835334  447.61566251  560.49265566  689.26999681
  163.46324035  152.56569099  108.97549357  108.97549357   98.07794421
  108.97549357   87.18039485  392.31177684  130.77059228  261.54118456
 2321.17801296 3359.16958917 3086.73085526 1467.08258213  577.5701159
  461.24929904  177.40357655  106.44214593  130.09595614  260.19191228
  272.01881738  248.36500718  118.26905104  106.44214593  212.88429187
  783.53246311  295.67262759  816.05645215 3098.64913715 1639.50471999
 3301.18488705 3765.39091236 3196.22110425 2777.84433621  153.74976635
  388.25796094  146.63819984  119.97670896  226.62267248  239.95341792
  213.29192704  226.62267248  213.29192704  266.6149088   279.94565424
  106.64596352  199.9611816   479.90683584  613.21429024 2849.44683782
 1028.13374207  119.97670896  146.63819984  146.63819984 1206.43246233
  374.9272155  1313.07842585 2531.17529044  388.25796094  522.25119134
  110.78055574  205.7353178   221.56111148  126.60634942   63.30317471
   79.12896838   63.30317471  142.43214309  205.7353178   253.21269883
  142.43214309  445.10044716 2397.60774206 2098.89588641  126.60634942
   79.12896838   94.95476206  110.78055574  142.43214309  110.78055574
  110.78055574 1808.09692759  316.51587354  448.38550665  122.28695636
  203.81159393  101.90579697  163.04927515  163.04927515  163.04927515
  142.66811575  183.43043454   81.52463757  203.81159393  122.28695636
  326.09855029 2226.64166372  122.28695636  101.90579697   61.14347818
   61.14347818   81.52463757  163.04927515   61.14347818   81.52463757
  101.90579697 1161.72608542  179.27431653  179.27431653  119.51621102
  119.51621102   89.63715827  119.51621102  149.39526378  149.39526378
  119.51621102   89.63715827   59.75810551   29.87905276   29.87905276
   89.63715827   59.75810551   89.63715827   77.88437555    0.
   77.88437555    0.            0.           77.88437555    0.
    0.            0.            0.            0.           77.88437555]
