[ 256.4166196   343.82072627  155.69240435  114.17442986  145.31291073
  217.96936609  228.34885971  385.33870077  384.04126406  482.21655903
  152.56569099  119.87304292   87.18039485   87.18039485   87.18039485
   98.07794421   65.38529614  326.9264807    98.07794421  217.95098713
 2386.5633091  3435.45243467 2285.76097755  964.43311806  468.59462233
  354.80715311  141.92286124   82.78833573  106.44214593  224.71119697
  224.71119697  212.88429187  106.44214593   70.96143062  177.40357655
  629.78269677  260.19191228  567.69144497 2279.63595872 1176.77705781
 2303.28976893 2149.54000258 2103.71074531 2279.63595872  130.09595614
  294.94274286  119.97670896  106.64596352  186.63043616  213.29192704
  173.29969072  186.63043616  173.29969072  226.62267248  239.95341792
   79.98447264  159.96894528  346.59938144  373.26087232 2421.19664056
  893.15994449   79.98447264  119.97670896  119.97670896  896.49263085
  361.59647006 1313.07842585 2156.24807494  266.6149088   348.16746089
   94.95476206  174.08373045  189.90952412   94.95476206   47.47738103
   63.30317471   47.47738103  110.78055574  174.08373045  221.56111148
  110.78055574  316.51587354 1270.01994257 1717.09861395   94.95476206
   63.30317471   63.30317471   79.12896838  110.78055574   79.12896838
   94.95476206 1459.9294667   269.03849251  366.86086908  101.90579697
  163.04927515   81.52463757  122.28695636  142.66811575  142.66811575
  122.28695636  163.04927515   61.14347818  203.81159393  101.90579697
  264.95507211 2369.30977947  101.90579697   81.52463757   61.14347818
   40.76231879   61.14347818  101.90579697   40.76231879   61.14347818
   81.52463757  876.38985391  149.39526378  119.51621102   89.63715827
   89.63715827   59.75810551   89.63715827  119.51621102  119.51621102
   89.63715827   59.75810551   29.87905276   29.87905276   29.87905276
   59.75810551   29.87905276   59.75810551    0.            0.
   77.88437555    0.            0.            0.            0.
    0.            0.            0.            0.           77.88437555]
