[ 469.45928365  604.60550356  197.21037884  155.69240435  186.83088522
  321.76430232  290.62582145  490.4310737   592.92857323 1028.45622053
  208.41563145  152.56569099  119.87304292  108.97549357  108.97549357
  119.87304292   98.07794421  457.69707298  130.77059228  272.43873392
 2770.70192392 2735.28488851 2351.14627369  941.27582568  731.49800056
  697.78740111  189.23048166  106.44214593  130.09595614  272.01881738
  272.01881738  260.19191228  118.26905104   94.61524083  236.53810207
  925.45532436  354.80715311  827.88335725 2612.26766476 1295.04610885
 3110.47604225 3301.18488705 2899.07011352 3169.61056777  177.40357655
  601.54988798  159.96894528  133.3074544   226.62267248  253.28416336
  213.29192704  226.62267248  213.29192704  266.6149088   279.94565424
  106.64596352  213.29192704  559.89130848  653.20652657 2514.51185864
  948.14926943  119.97670896  146.63819984  146.63819984 1634.68265959
  574.8883971  1807.98235031 2624.49050852  468.24243358  696.33492179
  110.78055574  221.56111148  221.56111148  126.60634942   63.30317471
   79.12896838   63.30317471  142.43214309  221.56111148  253.21269883
  142.43214309  508.40362187 2571.6914725  1972.28953699  126.60634942
   79.12896838   79.12896838  110.78055574  189.90952412  110.78055574
  110.78055574 1873.37832651  302.66830407  713.34057877  122.28695636
  203.81159393  101.90579697  163.04927515  163.04927515  163.04927515
  142.66811575  183.43043454   81.52463757  224.19275333  142.66811575
  366.86086908 2348.92862008  122.28695636  101.90579697   61.14347818
   61.14347818   81.52463757  163.04927515   61.14347818   81.52463757
  122.28695636  896.77101331  179.27431653  209.15336929  119.51621102
  119.51621102   89.63715827  119.51621102  149.39526378  149.39526378
  119.51621102   89.63715827   59.75810551   29.87905276   29.87905276
   89.63715827   29.87905276   89.63715827   77.88437555    0.
   77.88437555    0.            0.           77.88437555    0.
    0.            0.            0.            0.           77.88437555]
