[ 408.22546404  604.60550356  217.96936609  186.83088522  217.96936609
  332.14379595  259.48734058  438.53360558  633.14911102 1028.45622053
  252.00582887  163.46324035  119.87304292  119.87304292  108.97549357
  119.87304292   98.07794421  457.69707298  141.66814164  316.02893134
 3677.92290786 3041.77846416 2844.26038208 1236.87185198  764.19064863
  687.43885915  201.05738676  130.09595614  141.92286124  283.84572249
  283.84572249  272.01881738  130.09595614  106.44214593  249.84337031
  926.9336875   378.46096332  839.71026236 2980.38008611 1176.77705781
 2919.76719746 2529.47932904 2186.49908103 2933.0724657   165.57667145
  601.54988798  173.29969072  133.3074544   214.95827022  253.28416336
  226.62267248  239.95341792  226.62267248  279.94565424  306.60714512
  106.64596352  213.29192704  559.89130848  653.20652657 3624.29641653
 1589.69139373  119.97670896  146.63819984  146.63819984 1433.05513481
  401.58870638 1954.62055016 2597.82901764  481.57317902  743.81230282
  126.60634942  237.38690515  221.56111148  142.43214309   63.30317471
   79.12896838   63.30317471  158.25793677  237.38690515  284.86428619
  158.25793677  460.92624084 2381.78194838 2909.96781235  158.25793677
   94.95476206   94.95476206  110.78055574  174.08373045  110.78055574
  126.60634942 2223.52401161  302.66830407  713.34057877  142.66811575
  224.19275333  101.90579697  163.04927515  183.43043454  183.43043454
  142.66811575  203.81159393   81.52463757  244.57391272  142.66811575
  366.86086908 2389.69093887  142.66811575  122.28695636   81.52463757
   61.14347818   81.52463757  163.04927515   61.14347818   81.52463757
  122.28695636  937.53333209  209.15336929  209.15336929  119.51621102
  149.39526378  119.51621102  119.51621102  149.39526378  179.27431653
  119.51621102   89.63715827   59.75810551   29.87905276   59.75810551
   89.63715827   59.75810551   89.63715827   77.88437555    0.
   77.88437555    0.            0.           77.88437555    0.
    0.            0.            0.            0.           77.88437555]
