[ 183.70145882  302.30275178  145.31291073  114.17442986  134.9334171
  155.69240435  176.4513916   354.2002199   321.76430232  448.16171729
  119.87304292  119.87304292   87.18039485   87.18039485   76.2828455
   87.18039485   65.38529614  217.95098713   87.18039485  196.15588842
 2157.71477261 2889.21277317 2406.99621414  875.89052954  425.00442491
  342.980248    130.09595614   94.61524083   94.61524083  212.88429187
  212.88429187  201.05738676   94.61524083   82.78833573  153.74976635
  450.90075708  201.05738676  544.03763477 2232.32833831 1141.2963425
 2244.15524341 2053.44639862 1782.90594437 2065.27330372  118.26905104
  333.268636    119.97670896  106.64596352  173.29969072  199.9611816
  173.29969072  173.29969072  173.29969072  213.29192704  226.62267248
   79.98447264  146.63819984  266.6149088   373.26087232 2581.16558584
  893.15994449   79.98447264  106.64596352  119.97670896  951.48195579
  334.93497918 1111.45090107 2262.89403846  253.28416336  348.16746089
   94.95476206  174.08373045  174.08373045   94.95476206   47.47738103
   63.30317471   47.47738103  110.78055574  174.08373045  205.7353178
  126.60634942  269.03849251 1301.67152993 1701.27282027   94.95476206
   63.30317471   63.30317471   79.12896838  110.78055574   79.12896838
   79.12896838 1523.23264141  271.01671672  366.86086908  101.90579697
  163.04927515   61.14347818  122.28695636  122.28695636  122.28695636
  101.90579697  142.66811575   61.14347818  163.04927515   81.52463757
  224.19275333 2127.28351168  101.90579697   81.52463757   61.14347818
   40.76231879   61.14347818   81.52463757   40.76231879   40.76231879
   81.52463757  917.1521727   149.39526378  149.39526378   89.63715827
   89.63715827   59.75810551   89.63715827  119.51621102  119.51621102
   89.63715827   59.75810551   29.87905276    0.           29.87905276
   59.75810551   29.87905276   59.75810551    0.            0.
   77.88437555    0.            0.            0.            0.
    0.            0.            0.            0.           77.88437555]
