[ 428.63673724  646.12347805  228.34885971  198.50781555  240.02579004
  363.28227682  280.24632783  500.81056732  624.0670541  1126.53416474
  317.39112501  163.46324035  130.77059228  130.77059228  119.87304292
  130.77059228  119.87304292  479.49217169  141.66814164  272.43873392
 3656.12780914 3337.37449046 2996.82607307 1051.61351291  742.39554992
  746.57338467  248.36500718  141.92286124  165.57667145  319.3264378
  319.3264378   285.32408562  141.92286124  118.26905104  332.63170604
 1009.72202322  402.11477352  875.19097767 3407.62703298 1354.18063436
 3907.31377361 2897.59175039 2946.37773394 3004.03389632  177.40357655
  736.52368557  173.29969072  146.63819984  279.94565424  279.94565424
  253.28416336  266.6149088   253.28416336  306.60714512  346.59938144
  119.97670896  226.62267248  599.8835448   679.86801745 2756.13161974
 1376.39946669  133.3074544   159.96894528  159.96894528 1286.41693497
  414.91945182 1283.08424861 2489.51671094  401.58870638  838.76706488
  126.60634942  253.21269883  253.21269883  142.43214309   79.12896838
   94.95476206   79.12896838  174.08373045  253.21269883  316.51587354
  174.08373045  571.70679658 2603.34305986 2019.76691802  142.43214309
   94.95476206   94.95476206  110.78055574  189.90952412  126.60634942
  126.60634942 2460.91091677  318.49409775  754.10289755  163.04927515
  224.19275333  101.90579697  183.43043454  183.43043454  183.43043454
  163.04927515  224.19275333  101.90579697  264.95507211  163.04927515
  387.24202847 2450.83441705  142.66811575  122.28695636   81.52463757
   61.14347818   81.52463757  163.04927515   61.14347818   81.52463757
  142.66811575 1080.20144785  209.15336929  239.03242204  149.39526378
  149.39526378  119.51621102  149.39526378  179.27431653  179.27431653
  149.39526378  119.51621102   59.75810551   29.87905276   59.75810551
   89.63715827   59.75810551  119.51621102   77.88437555    0.
   77.88437555    0.            0.           77.88437555    0.
    0.            0.            0.            0.           77.88437555]
