[ 418.43110064  583.84651631  197.21037884  155.69240435  186.83088522
  321.76430232  269.86683421  438.53360558  591.63113653  919.48072696
  208.41563145  152.56569099  108.97549357  108.97549357   98.07794421
  108.97549357   87.18039485  414.10687555  130.77059228  261.54118456
 2288.48536489 2778.87508594 3032.24310848 1336.31198985  655.21515507
  650.4797807   177.40357655  106.44214593  130.09595614  260.19191228
  283.84572249  248.36500718  118.26905104   94.61524083  236.53810207
  866.32079884  342.980248    804.22954705 2612.26766476 1759.25213416
 3704.77802371 3122.30294736 3315.96851843 3181.43747287  165.57667145
  561.55765166  146.63819984  119.97670896  226.62267248  239.95341792
  213.29192704  226.62267248  213.29192704  266.6149088   279.94565424
  106.64596352  199.9611816   506.56832672  599.8835448  2647.81931304
 1014.80299663  119.97670896  146.63819984  146.63819984 1018.13568299
  334.93497918 1366.40140761 2504.51379956  454.91168814  664.68333443
  110.78055574  205.7353178   221.56111148  126.60634942   63.30317471
   79.12896838   63.30317471  142.43214309  205.7353178   253.21269883
  142.43214309  460.92624084 2271.00139264 2367.93437891  126.60634942
   79.12896838   94.95476206  110.78055574  158.25793677  110.78055574
  110.78055574 1825.90094548  318.49409775  652.19710059  122.28695636
  203.81159393  101.90579697  163.04927515  163.04927515  163.04927515
  142.66811575  183.43043454   81.52463757  224.19275333  142.66811575
  346.47970969 2308.16630129  122.28695636  101.90579697   61.14347818
   61.14347818   81.52463757  142.66811575   61.14347818   81.52463757
  122.28695636 1225.41720852  179.27431653  179.27431653  119.51621102
  119.51621102   89.63715827  119.51621102  149.39526378  149.39526378
  119.51621102   89.63715827   59.75810551   29.87905276   29.87905276
   89.63715827   59.75810551   89.63715827   77.88437555    0.
   77.88437555    0.            0.           77.88437555    0.
    0.            0.            0.            0.           77.88437555]
