[  224.52400522   573.46702269   301.00531508   343.82072627
   395.71819439   290.62582145   384.04126406   927.66724258
   487.8362003    634.78225002   339.18622372   426.36661858
   457.69707298   381.41422748   252.00582887   239.74608585
   163.46324035   359.61912877   272.43873392   653.8529614
  6745.58305174  6323.30301417  4770.40223086  1883.91384502
   600.72740828   354.80715311   461.24929904   356.28551625
   427.24694687   591.34525518   591.34525518   889.97460905
   449.42239394   425.76858373   617.95579166  1068.85654874
   461.24929904   614.99906539 10073.56642201  4241.42384278
  7666.79123342  5736.04897525  4835.72582424  3681.1242135
   283.84572249   468.24243358   399.9223632    428.25019726
   829.83890365   479.90683584   401.58870638   519.89907216
   843.16964909  1028.13374207  1054.79523295   401.58870638
   679.86801745   399.9223632    559.89130848 14183.91314827
  7488.54625098   388.25796094   466.5760904    426.58385408
  2612.82610626   883.16188541  2019.60793418  3199.37890563
   374.9272155    427.29642928   300.69007986   775.46389017
   458.94801663   316.51587354   205.7353178    253.21269883
   269.03849251   571.70679658   965.37341429  1032.63303742
   571.70679658   348.16746089   856.57108276  9728.9066629
   508.40362187   316.51587354   348.16746089   348.16746089
   332.34166722   348.16746089   269.03849251  2239.34980529
   429.27465349   468.76666605   448.38550665   713.34057877
   366.86086908   529.91014423   654.74474551   448.38550665
   794.86521634   937.53333209   448.38550665   878.93749884
   468.76666605   407.62318787  6239.18241928   448.38550665
   387.24202847   244.57391272   244.57391272   244.57391272
   224.19275333   183.43043454   264.95507211   244.57391272
   978.29565088   720.83214772   776.85537164   507.94389684
   507.94389684   388.42768582   687.21821337   537.8229496
   597.58105511   209.15336929   298.79052755   268.9114748
   209.15336929   179.27431653   209.15336929   149.39526378
   268.9114748    233.65312666   233.65312666   311.53750222
   233.65312666   233.65312666   311.53750222   155.76875111
    77.88437555    77.88437555   155.76875111     0.
   233.65312666]
