[  297.23916601   801.8158824    425.55923856   531.94904819
   625.3644908    435.93873218   487.8362003    865.39028084
   561.79009236   941.27582568   578.93230957   720.60045121
   773.72600432   621.16031333   371.87887179   359.61912877
   208.41563145   533.97991847   381.41422748   753.29309928
  9832.313907    8712.59071061  5832.91329313  1938.40159181
   807.78084606   544.03763477   745.09502153   582.47507635
   700.74412739   663.78504894   697.78740111  1531.58421092
   746.57338467   699.26576425  1057.02964364  1698.63924551
   638.6528756    780.57573684 11832.81855617  5406.37399549
  9902.076298    8373.44881336  5892.75546788  5237.84059776
   402.11477352   641.54212431   639.87578113   723.19294013
  1324.74282811   613.21429024   614.88063342   613.21429024
  1444.71953707  1751.32668219  1791.31891851   683.20070381
  1108.11821471   586.55279936   734.85734239 18922.99315223
  8428.36380451   561.55765166   641.54212431   626.54503569
  3602.63395519  1178.10462827  2636.15491078  4110.86862509
   521.56541534   664.68333443   490.59960399  1299.69330572
   664.68333443   427.29642928   286.84251039   348.16746089
   413.44885981   985.15565639  1586.53581611  1748.7502013
   937.67827536   445.10044716  1062.30640057 14528.07859544
   745.79052703   474.77381031   508.40362187   522.25119134
   427.29642928   506.42539766   379.81904825  2352.10858524
   587.53259026   652.19710059   774.48405695   856.00869452
   672.57825998   529.91014423  1166.82137527   529.91014423
  1347.70416488  1650.87391086   774.48405695  1492.91992556
   733.72173816   550.29130362  6608.59093328   613.98242672
   570.67246301   346.47970969   366.86086908   366.86086908
   326.09855029   264.95507211   349.02735461   346.47970969
  1222.8695636    627.46010786  1762.86411256   870.2274115
   388.42768582   418.30673857  1225.04116297   926.25063541
  1015.88779368   298.79052755   478.06484408   388.42768582
   298.79052755   268.9114748    298.79052755   239.03242204
   388.42768582   311.53750222   311.53750222   389.42187777
   233.65312666   467.30625332   545.19062888   311.53750222
   233.65312666   155.76875111   233.65312666   233.65312666
   311.53750222]
