[  214.31836862   552.70803544   290.62582145   271.16427091
   291.92325816   228.34885971   321.76430232   958.80572345
   456.69771943   536.70430581   284.69847694   326.9264807
   316.02893134   261.54118456   197.51808209   196.15588842
   119.87304292   283.33628327   207.05343778   337.82403005
  4126.08462515  8252.16925029  5677.62321479  2212.20251939
   633.42005635   307.49953269   342.980248     238.01646521
   285.32408562   508.55691946   532.21072966   533.6890928
   295.67262759   260.19191228   427.24694687   570.64817125
   319.3264378    555.86453987  7459.82039411  4395.17360913
  8884.96245909  6413.13929244  6345.13458809  4905.20889173
   248.36500718   441.5809427    293.27639968   294.94274286
   481.57317902   493.23758128   441.5809427    506.56832672
   454.91168814   653.20652657   679.86801745   279.94565424
   453.24534496   359.93012688   426.58385408  8924.93407215
  5029.02371728   308.2734883    346.59938144   359.93012688
  2932.76399682   923.15412173  2946.09474226  4084.20713421
   334.93497918   300.69007986   221.56111148   506.42539766
   490.59960399   284.86428619   142.43214309   174.08373045
   142.43214309   318.49409775   569.72857237   666.66155864
   350.1456851    284.86428619   793.26790806 11157.18454225
   350.1456851    237.38690515   237.38690515   253.21269883
   300.69007986   253.21269883   221.56111148  2619.16885353
   365.97147878   428.00434726   305.7173909    428.00434726
   224.19275333   387.24202847   366.86086908   346.47970969
   366.86086908   509.52898483   244.57391272   552.83894854
   326.09855029   346.47970969  3867.32499488   326.09855029
   264.95507211   183.43043454   163.04927515   183.43043454
   244.57391272   142.66811575   183.43043454   203.81159393
  1243.25072299   358.54863306   448.18579133   298.79052755
   268.9114748    268.9114748    328.66958031   328.66958031
   388.42768582   179.27431653   209.15336929   179.27431653
   149.39526378   119.51621102   149.39526378   119.51621102
   179.27431653   155.76875111    77.88437555   233.65312666
   155.76875111    77.88437555   233.65312666   155.76875111
    77.88437555    77.88437555    77.88437555    77.88437555
   155.76875111]
