[  193.90709542   478.75414338   259.48734058   312.6822454
   343.82072627   269.86683421   342.52328957   751.21585099
   435.93873218   580.29450324   295.5960263    414.10687555
   446.79952362   392.31177684   262.90337823   239.74608585
   185.25833906   348.72157941   294.23383263   675.64806011
  6832.76344659  6454.07360645  3970.79454681  1423.49238471
   578.93230957   319.3264378    413.94167863   320.80480094
   403.59313666   675.61195404   591.34525518   830.84008353
   425.76858373   413.94167863   606.12888656  2196.847623
   496.73001435   626.82597049  8976.62097365  3932.44594695
  7619.48361301  5747.87588036  3944.27285206  2813.32505152
   272.01881738   414.91945182   373.26087232   401.58870638
   789.84666733   586.55279936   441.5809427    839.83696273
   829.83890365  1014.80299663  1014.80299663   388.25796094
   639.87578113   399.9223632    599.8835448  17636.57621726
 13190.77261299   414.91945182   466.5760904    439.91459952
  3321.02195777   789.84666733  1634.68265959  2102.92509318
   361.59647006   300.69007986   284.86428619   759.63809649
   712.16071546   316.51587354   189.90952412   332.34166722
   237.38690515   540.05520923   902.07023959   953.50406904
   540.05520923   332.34166722   793.26790806  9313.47957888
   587.53259026   332.34166722   363.99325457   363.99325457
   411.4706356    348.16746089   269.03849251  1493.55927826
   397.62306613   407.62318787   428.00434726   774.48405695
   244.57391272   387.24202847   410.17083279   713.34057877
   754.10289755   876.38985391   407.62318787   817.79402066
   428.00434726   407.62318787  5788.2492677    410.17083279
   407.62318787   244.57391272   264.95507211   244.57391272
   264.95507211   183.43043454   264.95507211   244.57391272
   817.79402066   750.71120048  1135.4040047    328.66958031
   328.66958031   537.8229496    657.33916062   537.8229496
   567.70200235   179.27431653   298.79052755   268.9114748
   209.15336929   179.27431653   209.15336929   149.39526378
   239.03242204   311.53750222   155.76875111   311.53750222
   311.53750222   233.65312666   311.53750222   155.76875111
    77.88437555   155.76875111   155.76875111   155.76875111
   233.65312666]
