[  234.72964182   594.22600993   311.3848087    385.33870077
   437.23616888   311.3848087    394.42075769   917.28774896
   487.8362003    689.26999681   371.87887179   480.85436536
   523.08236912   435.90197426   273.80092758   261.54118456
   174.36078971   392.31177684   294.23383263   632.05786268
  6481.31747984  6497.66380388  4585.14389179  1764.0408021
   611.62495764   378.46096332   508.55691946   403.59313666
   486.38147239   638.6528756    638.6528756    997.89511812
   508.55691946   484.90310925   712.57103249  1330.52682416
   496.73001435   626.82597049 10002.60499138  4443.95959268
  7524.86837218  5724.22207015  4741.11058341  3694.42948174
   295.67262759   481.57317902   439.91459952   481.57317902
   936.48486717   493.23758128   414.91945182   573.22205392
   989.80784893  1174.77194191  1189.76903053   454.91168814
   773.18323553   439.91459952   599.8835448  14397.20507532
  7771.82459158   439.91459952   506.56832672   466.5760904
  2357.87559972   896.49263085  2102.92509318  3212.70965107
   401.58870638   474.77381031   332.34166722   870.41865223
   474.77381031   332.34166722   221.56111148   269.03849251
   300.69007986   666.66155864  1078.13219424  1190.89097419
   650.83576496   363.99325457   888.22267012  9155.22164211
   555.8810029    348.16746089   379.81904825   379.81904825
   332.34166722   379.81904825   284.86428619  2128.56924955
   445.10044716   489.14782544   509.52898483   815.24637573
   407.62318787   692.95941937   695.5070643    489.14782544
   917.1521727   1059.82028845   509.52898483  1001.2244552
   509.52898483   428.00434726  6483.756332     489.14782544
   428.00434726   264.95507211   264.95507211   264.95507211
   244.57391272   203.81159393   285.33623151   264.95507211
   978.29565088   870.2274115    926.25063541   478.06484408
   597.58105511   448.18579133   806.73442439   627.46010786
   687.21821337   209.15336929   358.54863306   298.79052755
   239.03242204   209.15336929   239.03242204   179.27431653
   268.9114748    233.65312666   233.65312666   311.53750222
   233.65312666   233.65312666   311.53750222   155.76875111
   155.76875111   155.76875111   155.76875111   155.76875111
   233.65312666]
