[ 224.52400522  625.3644908   342.52328957  291.92325816  323.06173903
  249.10784696  301.00531508  739.53892066  477.45670667  591.1920526
  317.39112501  294.23383263  239.74608585  207.05343778  175.72298338
  185.25833906  108.97549357  272.43873392  174.36078971  490.38972105
 5145.00548999 6148.94222447 4617.83653986 1992.88933859  655.21515507
  331.1533429   354.80715311  202.5357499   224.71119697  461.24929904
  484.90310925  439.07385197  212.88429187  189.23048166  439.07385197
  545.5159979   307.49953269  555.86453987 6877.34531775 2686.18582166
 5246.71077659 6436.79310264 5560.12376184 4727.80531517  236.53810207
  494.90392446  279.94565424  253.28416336  388.25796094  426.58385408
  321.60423374  399.9223632   374.9272155   453.24534496  493.23758128
  199.9611816   466.5760904   386.59161776  413.25310864 8535.00976803
 3462.66112807  253.28416336  266.6149088   279.94565424 3174.38375793
  936.48486717 2731.13647204 4257.50682493  334.93497918  332.34166722
  174.08373045  363.99325457  379.81904825  237.38690515  126.60634942
  158.25793677  126.60634942  237.38690515  411.4706356   508.40362187
  395.64484192  316.51587354  854.59285856 5576.61404691  269.03849251
  174.08373045  189.90952412  205.7353178   284.86428619  221.56111148
  205.7353178  2828.86061975  460.92624084  489.14782544  224.19275333
  346.47970969  183.43043454  326.09855029  326.09855029  305.7173909
  305.7173909   387.24202847  183.43043454  428.00434726  326.09855029
  326.09855029 2924.69637294  244.57391272  203.81159393  142.66811575
  122.28695636  142.66811575  244.57391272  122.28695636  163.04927515
  183.43043454 1187.20253466  268.9114748   328.66958031  239.03242204
  239.03242204  209.15336929  239.03242204  268.9114748   328.66958031
  179.27431653  179.27431653  149.39526378   89.63715827   89.63715827
  149.39526378  119.51621102  149.39526378  155.76875111   77.88437555
  155.76875111   77.88437555   77.88437555  155.76875111   77.88437555
    0.            0.           77.88437555   77.88437555  155.76875111]
