[ 234.72964182  625.3644908   352.90278319  343.82072627  364.57971352
  269.86683421  342.52328957  803.1133191   487.8362003   634.78225002
  360.98132244  392.31177684  370.51667812  272.43873392  208.41563145
  217.95098713  130.77059228  305.13138199  207.05343778  468.59462233
 5683.07198947 6563.04910002 4639.63163858 1938.40159181  644.31760571
  342.980248    425.76858373  285.32408562  272.01881738  520.38382456
  555.86453987  486.38147239  272.01881738  307.49953269  533.6890928
  606.12888656  342.980248    555.86453987 7412.51277369 4302.03673144
 8790.34721826 6578.71596389 5453.68161591 4751.45912538  248.36500718
  494.90392446  346.59938144  334.93497918  468.24243358  479.90683584
  374.9272155   453.24534496  428.25019726  533.2298176   653.20652657
  308.2734883   573.22205392  399.9223632   426.58385408 9044.91078111
 4345.82301347  319.93789056  333.268636    333.268636   3349.34979183
  909.82337629 2664.48274484 4257.50682493  361.59647006  348.16746089
  253.21269883  474.77381031  427.29642928  269.03849251  142.43214309
  174.08373045  142.43214309  269.03849251  474.77381031  809.09370173
  490.59960399  332.34166722  822.9412712  6450.98914757  332.34166722
  221.56111148  221.56111148  253.21269883  300.69007986  253.21269883
  221.56111148 2781.38323872  445.10044716  509.52898483  326.09855029
  407.62318787  203.81159393  366.86086908  366.86086908  346.47970969
  346.47970969  428.00434726  203.81159393  512.07662976  387.24202847
  346.47970969 2863.55289476  285.33623151  244.57391272  163.04927515
  163.04927515  183.43043454  285.33623151  142.66811575  183.43043454
  203.81159393 1205.03604913  328.66958031  388.42768582  298.79052755
  268.9114748   239.03242204  298.79052755  298.79052755  448.18579133
  179.27431653  209.15336929  149.39526378  119.51621102  119.51621102
  149.39526378  119.51621102  179.27431653  155.76875111   77.88437555
  233.65312666   77.88437555   77.88437555  155.76875111  155.76875111
   77.88437555   77.88437555   77.88437555   77.88437555  155.76875111]
