[  183.70145882   489.133637     249.10784696   260.78477729
   291.92325816   238.72835334   311.3848087    782.35433186
   425.55923856   536.70430581   262.90337823   326.9264807
   348.72157941   305.13138199   208.41563145   207.05343778
   130.77059228   294.23383263   239.74608585   588.46766526
  6372.34198628  6827.31467192  4617.83653986  1806.26880586
   611.62495764   283.84572249   342.980248     249.84337031
   308.97789583   532.21072966   532.21072966   653.43650697
   331.1533429    319.3264378    486.38147239  1033.37583343
   413.94167863   555.86453987  8645.46763074  3896.96523164
  6906.91258051  5153.5738989   4514.92102331  3480.06682674
   248.36500718   388.25796094   306.60714512   321.60423374
   628.21137887   439.91459952   348.26572462   626.54503569
   641.54212431   813.17547185   788.18032415   294.94274286
   519.89907216   346.59938144   519.89907216 14503.85103884
 10514.62546588   361.59647006   399.9223632    373.26087232
  2451.1908178    736.52368557  1992.9464433   2826.1180333
   321.60423374   363.99325457   221.56111148   585.55436605
   506.42539766   253.21269883   158.25793677   253.21269883
   189.90952412   413.44885981   696.33492179   747.76875124
   413.44885981   284.86428619   777.44211438  8993.00725692
   445.10044716   269.03849251   284.86428619   300.69007986
   284.86428619   284.86428619   221.56111148  1776.44534024
   381.79727246   387.24202847   326.09855029   591.05362241
   224.19275333   550.29130362   349.02735461   550.29130362
   570.67246301   672.57825998   326.09855029   634.36358612
   346.47970969   346.47970969  5523.29419559   369.408514
   346.47970969   203.81159393   203.81159393   203.81159393
   203.81159393   163.04927515   203.81159393   224.19275333
   896.77101331   627.46010786   806.73442439   298.79052755
   298.79052755   418.30673857   507.94389684   418.30673857
   448.18579133   179.27431653   268.9114748    209.15336929
   179.27431653   149.39526378   179.27431653   149.39526378
   209.15336929   233.65312666   155.76875111   311.53750222
   233.65312666   155.76875111   233.65312666   155.76875111
    77.88437555    77.88437555    77.88437555    77.88437555
   233.65312666]
