[ 225.7997098   677.26195892  363.28227682  302.30275178  323.06173903
  249.10784696  311.3848087   813.49281273  518.97468117  602.08960195
  317.39112501  316.02893134  272.43873392  239.74608585  217.95098713
  207.05343778  119.87304292  294.23383263  196.15588842  490.38972105
 6612.08807212 7552.00170413 5403.82228721 2212.20251939  709.70290185
  342.980248    366.63405821  248.36500718  260.19191228  520.38382456
  532.21072966  474.55456728  224.71119697  201.05738676  439.07385197
  545.5159979   319.3264378   591.34525518 5985.89234557 3741.73710216
 8027.51183908 6197.2982743  5678.39281287 4679.01933162  236.53810207
  534.89616078  279.94565424  254.95050654  454.91168814  479.90683584
  321.60423374  359.93012688  361.59647006  479.90683584  519.89907216
  213.29192704  453.24534496  399.9223632   413.25310864 7331.90999206
 2847.78049464  279.94565424  306.60714512  319.93789056 3910.90744349
 1029.80008525 2717.8057266  4029.21780927  348.26572462  348.16746089
  205.7353178   427.29642928  427.29642928  269.03849251  126.60634942
  158.25793677  126.60634942  253.21269883  427.29642928  524.22941555
  379.81904825  332.34166722  856.57108276 4577.61082106  284.86428619
  189.90952412  205.7353178   221.56111148  316.51587354  237.38690515
  205.7353178  2813.03482608  476.75203452  509.52898483  264.95507211
  387.24202847  203.81159393  366.86086908  328.64619522  346.47970969
  326.09855029  387.24202847  183.43043454  410.17083279  326.09855029
  346.47970969 2450.83441705  244.57391272  224.19275333  142.66811575
  142.66811575  163.04927515  264.95507211  122.28695636  163.04927515
  203.81159393 1266.17952731  268.9114748   328.66958031  268.9114748
  268.9114748   209.15336929  268.9114748   268.9114748   358.54863306
  179.27431653  179.27431653  149.39526378   89.63715827  119.51621102
  149.39526378  119.51621102  179.27431653  155.76875111   77.88437555
  155.76875111   77.88437555   77.88437555  155.76875111   77.88437555
    0.           77.88437555   77.88437555   77.88437555  155.76875111]
