[  256.4166196    739.53892066   415.17974493   447.61566251
   489.133637     342.52328957   394.42075769   875.76977447
   529.35417479   776.45039166   459.05926665   512.18481976
   501.2872704    370.51667812   273.80092758   272.43873392
   163.46324035   392.31177684   250.6436352    566.67256654
  6448.62483177  6982.60475025  4989.71541166  2070.53437776
   698.80535249   413.94167863   544.03763477   403.59313666
   368.11242135   628.30433363   780.57573684   617.95579166
   449.42239394   437.59548883   712.57103249   842.66698863
   413.94167863   640.13123873  9624.14402807  4847.55272935
  8219.69904701  7054.74889431  6167.73101154  4727.80531517
   283.84572249   574.8883971    453.24534496   481.57317902
   614.88063342   653.20652657   468.24243358   586.55279936
   561.55765166   974.81076031  1134.77970559   441.5809427
   759.85249009   493.23758128   519.89907216 10624.60411577
  6178.80051149   413.25310864   413.25310864   413.25310864
  3750.93849821  1084.78941019  2839.44877874  4015.88706383
   414.91945182   395.64484192   332.34166722   712.16071546
   585.55436605   363.99325457   174.08373045   221.56111148
   189.90952412   381.79727246   965.37341429  1159.23938684
   635.00997129   395.64484192   904.0484638   9345.13116624
   429.27465349   300.69007986   300.69007986   316.51587354
   348.16746089   316.51587354   269.03849251  2828.86061975
   524.22941555   591.05362241   489.14782544   509.52898483
   264.95507211   468.76666605   430.55199218   448.38550665
   448.38550665   550.29130362   305.7173909    960.46213641
   509.52898483   407.62318787  3701.72807481   387.24202847
   326.09855029   224.19275333   203.81159393   224.19275333
   305.7173909    163.04927515   224.19275333   244.57391272
  1225.41720852   418.30673857   537.8229496    358.54863306
   328.66958031   328.66958031   388.42768582   388.42768582
   657.33916062   209.15336929   268.9114748    209.15336929
   179.27431653   149.39526378   179.27431653   149.39526378
   239.03242204   233.65312666   155.76875111   233.65312666
   155.76875111   155.76875111   233.65312666   155.76875111
    77.88437555    77.88437555    77.88437555   155.76875111
   233.65312666]
