[  183.70145882   499.51313062   249.10784696   281.54376453
   312.6822454    249.10784696   342.52328957   813.49281273
   425.55923856   536.70430581   284.69847694   359.61912877
   392.31177684   337.82403005   219.3131808    207.05343778
   152.56569099   316.02893134   261.54118456   588.46766526
  6524.90767727  6059.03744227  4333.13806292  1599.21536808
   611.62495764   295.67262759   378.46096332   285.32408562
   344.45861114   579.51835008   532.21072966   712.57103249
   366.63405821   354.80715311   533.6890928   1354.18063436
   425.76858373   591.34525518  9429.00009386  3967.92666226
  7430.25313135  4928.86270193  4300.5583683   3253.87726663
   248.36500718   401.58870638   333.268636     348.26572462
   694.86510607   453.24534496   348.26572462   706.52950833
   708.19585151   893.15994449   854.83405135   334.93497918
   559.89130848   359.93012688   546.56056304 14450.52805708
 12250.95505946   374.9272155    426.58385408   386.59161776
  2584.4982722    763.18517645  1874.63607752  2744.46721748
   334.93497918   284.86428619   253.21269883   648.85754075
   585.55436605   269.03849251   158.25793677   269.03849251
   205.7353178    460.92624084   759.63809649   824.91949541
   445.10044716   300.69007986   793.26790806  9598.34386507
   492.57782819   300.69007986   316.51587354   316.51587354
   379.81904825   300.69007986   237.38690515  1620.16562768
   350.1456851    387.24202847   366.86086908   652.19710059
   224.19275333   591.05362241   387.24202847   611.4347818
   611.4347818    733.72173816   346.47970969   695.5070643
   387.24202847   366.86086908  5156.43332651   407.62318787
   366.86086908   224.19275333   224.19275333   224.19275333
   224.19275333   163.04927515   224.19275333   244.57391272
   937.53333209   687.21821337   926.25063541   298.79052755
   298.79052755   478.06484408   567.70200235   448.18579133
   478.06484408   179.27431653   268.9114748    239.03242204
   179.27431653   149.39526378   179.27431653   149.39526378
   209.15336929   311.53750222   155.76875111   311.53750222
   233.65312666   155.76875111   233.65312666   155.76875111
    77.88437555    77.88437555   155.76875111    77.88437555
   155.76875111]
