[  173.49582222   457.99515613   228.34885971   229.64629642
   250.40528366   217.96936609   290.62582145   709.69787649
   394.42075769   491.75191472   230.21073016   294.23383263
   305.13138199   261.54118456   186.62053273   185.25833906
   130.77059228   283.33628327   228.84853649   577.5701159
  6328.75178885  5950.06194871  3959.89699746  1358.10708857
   524.44456279   260.19191228   307.49953269   214.362655
   283.84572249   508.55691946   484.90310925   557.34290301
   283.84572249   272.01881738   415.42004176  1033.37583343
   390.28786842   567.69144497  8479.89095929  3552.5066205
  7075.44597824  4976.17032235  3849.65761123  3039.51461163
   212.88429187   361.59647006   266.6149088    293.27639968
   534.89616078   439.91459952   334.93497918   533.2298176
   534.89616078   653.20652657   679.86801745   279.94565424
   453.24534496   346.59938144   493.23758128 13540.70468079
 16430.14375493   334.93497918   359.93012688   333.268636
  2584.4982722    669.86995837  1674.67489591  2504.51379956
   294.94274286   253.21269883   205.7353178    490.59960399
   474.77381031   237.38690515   142.43214309   205.7353178
   174.08373045   348.16746089   569.72857237   650.83576496
   379.81904825   269.03849251   761.6163207  12842.63156884
   445.10044716   253.21269883   253.21269883   253.21269883
   269.03849251   253.21269883   205.7353178   1651.81721503
   334.31989143   366.86086908   285.33623151   489.14782544
   183.43043454   407.62318787   346.47970969   448.38550665
   448.38550665   550.29130362   264.95507211   532.45778915
   305.7173909    326.09855029  5296.55379734   349.02735461
   326.09855029   183.43043454   183.43043454   183.43043454
   203.81159393   142.66811575   183.43043454   183.43043454
   838.17518005   478.06484408   657.33916062   268.9114748
   268.9114748    328.66958031   388.42768582   358.54863306
   388.42768582   149.39526378   239.03242204   209.15336929
   149.39526378   119.51621102   149.39526378   119.51621102
   179.27431653   233.65312666   155.76875111   233.65312666
   155.76875111   155.76875111   233.65312666   155.76875111
    77.88437555    77.88437555    77.88437555    77.88437555
   233.65312666]
