[  276.8278928    739.53892066   415.17974493   489.133637
   561.79009236   373.66177044   446.3182258    813.49281273
   518.97468117   810.5052334    535.34211214   653.8529614
   675.64806011   533.97991847   339.18622372   326.9264807
   207.05343778   479.49217169   337.82403005   708.34070818
  7906.17205822  7769.95269126  5471.93197069  2135.9196739
   731.49800056   461.24929904   662.3066858    521.8621877
   606.12888656   663.78504894   709.61430622  1247.73848843
   650.4797807    614.99906539   913.62841925  1330.52682416
   544.03763477   721.44121132 10883.7094216   5073.74228945
  9973.03772863  8376.40553964  6262.34625237  4204.46476434
   354.80715311   601.54988798   573.22205392   654.87286975
  1031.46642843   639.87578113   776.51592189   639.87578113
  1151.44313739  1496.37617565  1536.36841197   601.54988798
   973.14441713   533.2298176    666.53727201 15097.06921092
  9471.4946352    494.90392446   574.8883971    559.89130848
  4165.85795003  1191.43537371  2717.8057266   3950.89967981
   481.57317902   411.4706356    427.29642928  1109.7837816
   775.46389017   411.4706356    284.86428619   316.51587354
   332.34166722   824.91949541  1362.99648043  1525.21086562
   824.91949541   413.44885981   999.00322586 12494.46410795
   650.83576496   411.4706356    429.27465349   458.94801663
   458.94801663   443.12222295   348.16746089  2619.16885353
   524.22941555   591.05362241   672.57825998   754.10289755
   550.29130362   529.91014423   634.36358612   509.52898483
  1080.20144785  1345.15651996   631.81594119  1268.72717223
   652.19710059   509.52898483  4376.85397972   532.45778915
   509.52898483   305.7173909    326.09855029   326.09855029
   366.86086908   244.57391272   326.09855029   305.7173909
  1222.8695636    537.8229496    866.4925299    597.58105511
   388.42768582   388.42768582   986.00874092   746.97631888
   866.4925299    268.9114748    388.42768582   358.54863306
   268.9114748    239.03242204   268.9114748    209.15336929
   328.66958031   311.53750222   233.65312666   389.42187777
   233.65312666   311.53750222   467.30625332   233.65312666
   155.76875111   155.76875111   155.76875111   155.76875111
   233.65312666]
