[  204.11273202   499.51313062   269.86683421   333.44123265
   364.57971352   280.24632783   363.28227682   834.25179997
   456.69771943   623.88470067   328.28867437   426.36661858
   490.38972105   425.00442491   273.80092758   250.6436352
   196.15588842   370.51667812   305.13138199   653.8529614
  6481.31747984  6257.91771803  3872.71660261  1369.00463792
   611.62495764   331.1533429    449.42239394   356.28551625
   439.07385197   722.91957446   614.99906539   925.45532436
   473.07620414   449.42239394   665.26341208  2411.210278
   520.38382456   616.47742853  8530.15530598  3967.92666226
  7335.63789052  5296.97512328  4003.40737757  2779.32269935
   283.84572249   441.5809427    399.9223632    441.5809427
   869.83113997   613.21429024   454.91168814   919.82143537
   936.48486717  1134.77970559  1121.44896015   428.25019726
   706.52950833   426.58385408   639.87578113 19942.7951784
 14397.20507532   453.24534496   506.56832672   466.5760904
  3562.64171887   829.83890365  1781.32085943  2236.23254758
   388.25796094   300.69007986   316.51587354   838.76706488
   759.63809649   332.34166722   205.7353178    363.99325457
   284.86428619   603.35838393   997.02500165  1064.28462477
   587.53259026   348.16746089   824.91949541 12779.32839413
   619.18417761   348.16746089   379.81904825   379.81904825
   458.94801663   379.81904825   284.86428619  1588.51404032
   381.79727246   428.00434726   468.76666605   856.00869452
   244.57391272   428.00434726   430.55199218   794.86521634
   835.62753513   978.29565088   468.76666605   899.31865823
   468.76666605   428.00434726  5849.39274588   489.14782544
   448.38550665   264.95507211   285.33623151   264.95507211
   264.95507211   203.81159393   285.33623151   285.33623151
   858.55633944   840.34835874  1254.92021572   328.66958031
   328.66958031   627.46010786   717.09726613   597.58105511
   627.46010786   209.15336929   328.66958031   298.79052755
   239.03242204   209.15336929   239.03242204   179.27431653
   268.9114748    389.42187777   233.65312666   311.53750222
   311.53750222   233.65312666   311.53750222   155.76875111
   155.76875111   155.76875111   155.76875111   155.76875111
   233.65312666]
