[ 215.5940732   625.3644908   342.52328957  291.92325816  312.6822454
  249.10784696  311.3848087  1095.03657726  508.59518754  580.29450324
  317.39112501  305.13138199  261.54118456  217.95098713  207.05343778
  196.15588842  119.87304292  283.33628327  196.15588842  610.26276397
 6263.36649271 6827.31467192 4978.8178623  2081.43192711  666.11270442
  331.1533429   354.80715311  214.362655    248.36500718  496.73001435
  508.55691946  450.90075708  212.88429187  189.23048166  439.07385197
  545.5159979   331.1533429   579.51835008 7486.43093059 3219.87491446
 6194.34154802 6614.1966792  5786.31332195 4964.34341724  248.36500718
  508.2346699   279.94565424  266.6149088   428.25019726  453.24534496
  334.93497918  399.9223632   374.9272155   466.5760904   506.56832672
  213.29192704  453.24534496  386.59161776  426.58385408 9258.20270815
 3757.60387093  293.27639968  293.27639968  306.60714512 3965.89676843
 1018.13568299 3241.03748513 4459.13434972  348.26572462  332.34166722
  189.90952412  395.64484192  411.4706356   253.21269883  126.60634942
  158.25793677  126.60634942  237.38690515  411.4706356   508.40362187
  379.81904825  332.34166722  870.41865223 6069.19187511  300.69007986
  189.90952412  205.7353178   221.56111148  363.99325457  237.38690515
  205.7353178  2860.51220711  429.27465349  489.14782544  244.57391272
  366.86086908  183.43043454  346.47970969  346.47970969  326.09855029
  305.7173909   387.24202847  183.43043454  410.17083279  326.09855029
  346.47970969 2596.05017772  264.95507211  224.19275333  142.66811575
  142.66811575  163.04927515  366.86086908  122.28695636  163.04927515
  203.81159393 1329.87065041  298.79052755  328.66958031  268.9114748
  268.9114748   239.03242204  268.9114748   268.9114748   328.66958031
  179.27431653  179.27431653  149.39526378  119.51621102  119.51621102
  149.39526378  119.51621102  179.27431653  155.76875111   77.88437555
  155.76875111   77.88437555   77.88437555  155.76875111   77.88437555
   77.88437555   77.88437555   77.88437555   77.88437555  155.76875111]
