[ 224.52400522  625.3644908   342.52328957  302.30275178  323.06173903
  249.10784696  311.3848087   917.28774896  498.21569392  591.1920526
  328.28867437  316.02893134  250.6436352   217.95098713  175.72298338
  196.15588842  108.97549357  272.43873392  185.25833906  523.08236912
 5440.60151629 6170.73732318 4737.70958279 2003.78688795  644.31760571
  331.1533429   366.63405821  226.18956011  236.53810207  473.07620414
  496.73001435  450.90075708  212.88429187  201.05738676  450.90075708
  533.6890928   307.49953269  544.03763477 6176.60119036 2899.07011352
 5852.83966315 6200.25500057 5524.64304653 4881.55508152  236.53810207
  508.2346699   293.27639968  266.6149088   414.91945182  453.24534496
  334.93497918  413.25310864  388.25796094  466.5760904   506.56832672
  213.29192704  479.90683584  386.59161776  413.25310864 8508.34827715
 3424.33523493  228.28901566  279.94565424  293.27639968 3429.33426447
  896.49263085 2746.13356066 4484.12949742  348.26572462  332.34166722
  189.90952412  379.81904825  395.64484192  237.38690515  126.60634942
  158.25793677  126.60634942  253.21269883  427.29642928  508.40362187
  411.4706356   316.51587354  854.59285856 5689.37282686  269.03849251
  174.08373045  189.90952412  205.7353178   363.99325457  221.56111148
  205.7353178  2971.29276285  429.27465349  509.52898483  244.57391272
  366.86086908  183.43043454  326.09855029  346.47970969  326.09855029
  305.7173909   387.24202847  183.43043454  448.38550665  326.09855029
  346.47970969 3660.96575603  244.57391272  203.81159393  142.66811575
  142.66811575  163.04927515  285.33623151  122.28695636  163.04927515
  203.81159393 1205.03604913  298.79052755  328.66958031  239.03242204
  239.03242204  209.15336929  268.9114748   268.9114748   328.66958031
  179.27431653  179.27431653  149.39526378  119.51621102  119.51621102
  149.39526378  119.51621102  179.27431653  155.76875111   77.88437555
  233.65312666   77.88437555   77.88437555  155.76875111   77.88437555
   77.88437555    0.           77.88437555   77.88437555  155.76875111]
