[  224.52400522   594.22600993   311.3848087    312.6822454
   343.82072627   269.86683421   332.14379595   761.59534461
   446.3182258    591.1920526    328.28867437   381.41422748
   381.41422748   305.13138199   219.3131808    217.95098713
   130.77059228   316.02893134   228.84853649   555.77501719
  7827.16482538  8197.68150351  5394.28693152  2037.84172969
   578.93230957   331.1533429    402.11477352   285.32408562
   344.45861114   520.38382456   544.03763477   617.95579166
   354.80715311   319.3264378    521.8621877    688.91722229
   342.980248     567.69144497  7959.50713473  4062.54190309
  8621.81382054  7196.67175555  5975.5438036   4704.15150496
   260.19191228   468.24243358   333.268636     348.26572462
   561.55765166   533.2298176    534.89616078   533.2298176
   534.89616078   813.17547185   826.50621729   308.2734883
   546.56056304   386.59161776   466.5760904  10677.92709753
  5014.02662866   321.60423374   386.59161776   373.26087232
  3309.35755551   749.85443101  2622.82416534  3977.56117069
   361.59647006   332.34166722   253.21269883   617.2059534
   569.72857237   300.69007986   158.25793677   189.90952412
   158.25793677   397.62306613   712.16071546   824.91949541
   474.77381031   332.34166722   824.91949541 11252.13930431
   381.79727246   253.21269883   269.03849251   284.86428619
   316.51587354   284.86428619   237.38690515  2508.3882978
   476.75203452   468.76666605   366.86086908   468.76666605
   285.33623151   407.62318787   387.24202847   366.86086908
   407.62318787   550.29130362   326.09855029   675.1259049
   366.86086908   366.86086908  2555.28785894   366.86086908
   305.7173909    183.43043454   183.43043454   203.81159393
   264.95507211   142.66811575   203.81159393   224.19275333
  1141.34492603   388.42768582   478.06484408   388.42768582
   298.79052755   268.9114748    418.30673857   388.42768582
   478.06484408   179.27431653   239.03242204   209.15336929
   149.39526378   149.39526378   179.27431653   149.39526378
   209.15336929   233.65312666   155.76875111   311.53750222
   155.76875111   155.76875111   233.65312666   155.76875111
    77.88437555    77.88437555    77.88437555    77.88437555
   233.65312666]
