[ 236.0053464   698.02094617  373.66177044  302.30275178  333.44123265
  249.10784696  321.76430232  834.25179997  518.97468117  612.98715131
  328.28867437  326.9264807   272.43873392  228.84853649  217.95098713
  207.05343778  119.87304292  294.23383263  196.15588842  490.38972105
 6723.78795303 7639.18209898 5406.54667455 2190.40742068  731.49800056
  354.80715311  366.63405821  214.362655    249.84337031  532.21072966
  544.03763477  474.55456728  224.71119697  201.05738676  439.07385197
  557.34290301  319.3264378   591.34525518 6070.15904443 3670.77567154
 7906.28606177 6362.87494575 5869.10165767 4585.88245393  248.36500718
  548.22690622  279.94565424  266.6149088   454.91168814  479.90683584
  321.60423374  359.93012688  361.59647006  479.90683584  519.89907216
  213.29192704  453.24534496  399.9223632   413.25310864 7465.21744646
 2579.49924266  279.94565424  306.60714512  319.93789056 4030.88415245
 1058.12791931 2932.76399682 3989.22557295  361.59647006  348.16746089
  205.7353178   427.29642928  427.29642928  269.03849251  126.60634942
  158.25793677  126.60634942  253.21269883  427.29642928  524.22941555
  379.81904825  332.34166722  872.39687644 4751.6945515   284.86428619
  189.90952412  205.7353178   237.38690515  300.69007986  237.38690515
  205.7353178  2765.55744505  476.75203452  529.91014423  264.95507211
  387.24202847  203.81159393  366.86086908  366.86086908  346.47970969
  326.09855029  387.24202847  183.43043454  448.38550665  326.09855029
  346.47970969 2410.07209826  244.57391272  224.19275333  142.66811575
  142.66811575  163.04927515  264.95507211  142.66811575  163.04927515
  203.81159393 1266.17952731  268.9114748   328.66958031  268.9114748
  268.9114748   209.15336929  268.9114748   268.9114748   358.54863306
  179.27431653  179.27431653  149.39526378   89.63715827  119.51621102
  149.39526378  119.51621102  179.27431653  155.76875111   77.88437555
  155.76875111   77.88437555   77.88437555  155.76875111  155.76875111
   77.88437555   77.88437555   77.88437555   77.88437555  155.76875111]
