[ 236.0053464   708.40043979  394.42075769  426.85667526  457.99515613
  321.76430232  373.66177044  771.97483823  498.21569392  721.96264488
  437.26416793  490.38972105  479.49217169  337.82403005  261.54118456
  261.54118456  152.56569099  370.51667812  239.74608585  533.97991847
 6176.18609786 7004.39984896 5076.89580651 2092.32947647  687.90780314
  390.28786842  520.38382456  379.93932645  320.80480094  603.17216028
  650.4797807   558.82126615  378.46096332  413.94167863  677.09031718
  783.53246311  390.28786842  614.99906539 8234.48267839 4146.80860196
 8716.42906137 6853.69150755 5845.44784746 4739.63222027  272.01881738
  548.22690622  426.58385408  454.91168814  574.8883971   559.89130848
  428.25019726  519.89907216  508.2346699   746.52174465 1054.79523295
  414.91945182  719.86025377  466.5760904   493.23758128 9821.426703
 5149.00042624  359.93012688  373.26087232  386.59161776 3817.59222541
 1029.80008525 2662.81640166 4015.88706383  388.25796094  379.81904825
  316.51587354  633.03174708  506.42539766  332.34166722  158.25793677
  205.7353178   158.25793677  318.49409775  791.28968385 1095.93621213
  603.35838393  379.81904825  872.39687644 7930.70085636  381.79727246
  269.03849251  269.03849251  284.86428619  332.34166722  284.86428619
  253.21269883 2844.68641343  445.10044716  550.29130362  468.76666605
  468.76666605  244.57391272  428.00434726  389.7896734   407.62318787
  428.00434726  489.14782544  264.95507211  878.93749884  468.76666605
  387.24202847 3210.03260445  346.47970969  305.7173909   203.81159393
  183.43043454  203.81159393  305.7173909   163.04927515  203.81159393
  244.57391272 1202.48840421  358.54863306  478.06484408  328.66958031
  298.79052755  298.79052755  328.66958031  358.54863306  597.58105511
  209.15336929  239.03242204  179.27431653  149.39526378  149.39526378
  179.27431653  149.39526378  209.15336929  233.65312666  155.76875111
  233.65312666  155.76875111  155.76875111  233.65312666  155.76875111
   77.88437555   77.88437555   77.88437555   77.88437555  155.76875111]
