[ 225.7997098   677.26195892  373.66177044  302.30275178  333.44123265
  249.10784696  321.76430232  803.1133191   518.97468117  612.98715131
  328.28867437  305.13138199  261.54118456  228.84853649  197.51808209
  196.15588842  119.87304292  294.23383263  196.15588842  479.49217169
 6394.13708499 7396.7116258  5098.69090522 2114.12457518  698.80535249
  342.980248    366.63405821  214.362655    260.19191228  508.55691946
  532.21072966  462.72766218  224.71119697  189.23048166  450.90075708
  557.34290301  319.3264378   591.34525518 6770.90317182 4003.40737757
 8456.23714909 6058.33213933 5666.56590777 4822.420556    248.36500718
  534.89616078  279.94565424  253.28416336  454.91168814  466.5760904
  334.93497918  373.26087232  374.9272155   479.90683584  519.89907216
  213.29192704  453.24534496  399.9223632   413.25310864 7168.60836042
 3584.30418021  293.27639968  306.60714512  306.60714512 3482.65724623
  949.81561261 2812.78728786 4122.53302735  348.26572462  348.16746089
  189.90952412  427.29642928  427.29642928  269.03849251  142.43214309
  158.25793677  126.60634942  253.21269883  427.29642928  524.22941555
  395.64484192  332.34166722  856.57108276 4385.72307272  284.86428619
  189.90952412  205.7353178   221.56111148  348.16746089  237.38690515
  205.7353178  2987.11855652  492.57782819  509.52898483  244.57391272
  387.24202847  203.81159393  366.86086908  328.64619522  346.47970969
  326.09855029  387.24202847  183.43043454  430.55199218  326.09855029
  346.47970969 2514.52554015  244.57391272  224.19275333  142.66811575
  142.66811575  163.04927515  305.7173909   122.28695636  163.04927515
  203.81159393 1286.5606867   298.79052755  328.66958031  268.9114748
  268.9114748   209.15336929  268.9114748   268.9114748   358.54863306
  179.27431653  179.27431653  149.39526378   89.63715827  119.51621102
  149.39526378  119.51621102  179.27431653  155.76875111   77.88437555
  155.76875111   77.88437555   77.88437555  155.76875111   77.88437555
    0.           77.88437555   77.88437555   77.88437555  155.76875111]
