[ 236.0053464   687.64145254  394.42075769  406.09768801  426.85667526
  290.62582145  352.90278319  823.87230635  518.97468117  700.16754616
  415.46906922  437.26416793  392.31177684  283.33628327  219.3131808
  239.74608585  130.77059228  337.82403005  207.05343778  523.08236912
 5704.86708818 6740.13427706 5065.99825715 2103.22702583  709.70290185
  378.46096332  484.90310925  344.45861114  283.84572249  567.69144497
  614.99906539  521.8621877   272.01881738  342.980248    628.30433363
  653.43650697  354.80715311  579.51835008 7069.53252569 3933.92431009
 8267.00666743 6735.42245651 6047.98359736 5107.74464162  272.01881738
  534.89616078  399.9223632   374.9272155   481.57317902  519.89907216
  388.25796094  479.90683584  441.5809427   559.89130848  639.87578113
  348.26572462  653.20652657  426.58385408  453.24534496 9071.57227199
 3945.90065027  294.94274286  333.268636    346.59938144 3750.93849821
  936.48486717 2919.43325138 4539.11882236  388.25796094  363.99325457
  284.86428619  490.59960399  458.94801663  284.86428619  142.43214309
  189.90952412  142.43214309  284.86428619  506.42539766  856.57108276
  540.05520923  348.16746089  854.59285856 5594.4180648   332.34166722
  221.56111148  237.38690515  253.21269883  348.16746089  269.03849251
  237.38690515 3018.77014388  429.27465349  550.29130362  326.09855029
  428.00434726  224.19275333  387.24202847  387.24202847  366.86086908
  366.86086908  448.38550665  224.19275333  552.83894854  448.38550665
  366.86086908 3046.9833293   285.33623151  244.57391272  163.04927515
  163.04927515  183.43043454  285.33623151  142.66811575  183.43043454
  224.19275333 1306.9418461   298.79052755  388.42768582  298.79052755
  298.79052755  268.9114748   298.79052755  298.79052755  507.94389684
  179.27431653  209.15336929  149.39526378  119.51621102  119.51621102
  179.27431653  119.51621102  209.15336929  155.76875111   77.88437555
  233.65312666  155.76875111   77.88437555  233.65312666  155.76875111
   77.88437555   77.88437555   77.88437555   77.88437555  155.76875111]
