[  225.7997098    614.98499718   332.14379595   323.06173903
   343.82072627   269.86683421   352.90278319   906.90825534
   518.97468117   634.78225002   350.08377308   381.41422748
   370.51667812   305.13138199   241.10827951   228.84853649
   141.66814164   326.9264807    239.74608585   599.36521461
  3556.68767126  8734.38580932  5887.40103991  1610.11291744
   622.522507     342.980248     413.94167863   285.32408562
   332.63170604   591.34525518   626.82597049   582.47507635
   342.980248     307.49953269   510.03528259   653.43650697
   390.28786842   616.47742853 10023.30207532  4587.36081707
 10020.34534904  8243.35285722  6986.74418996  4491.2672131
   272.01881738   481.57317902   346.59938144   361.59647006
   561.55765166   586.55279936   481.57317902   613.21429024
   521.56541534   746.52174465   786.51398097   294.94274286
   533.2298176    413.25310864   506.56832672 12684.20428626
  6232.12349325   413.25310864   413.25310864   413.25310864
  4152.52720459  1058.12791931  2986.08697858  4149.19451823
   374.9272155    332.34166722   253.21269883   585.55436605
   569.72857237   332.34166722   174.08373045   205.7353178
   174.08373045   365.97147878   664.68333443   793.26790806
   458.94801663   348.16746089   872.39687644 11568.65517785
   413.44885981   269.03849251   284.86428619   300.69007986
   395.64484192   300.69007986   253.21269883  2700.27604613
   492.57782819   489.14782544   366.86086908   509.52898483
   264.95507211   468.76666605   410.17083279   428.00434726
   428.00434726   550.29130362   285.33623151   654.74474551
   366.86086908   387.24202847  4009.99311064   387.24202847
   326.09855029   203.81159393   203.81159393   224.19275333
   264.95507211   163.04927515   224.19275333   244.57391272
  1245.79836792   418.30673857   537.8229496    358.54863306
   328.66958031   328.66958031   388.42768582   388.42768582
   448.18579133   209.15336929   268.9114748    209.15336929
   149.39526378   149.39526378   179.27431653   149.39526378
   209.15336929   233.65312666   155.76875111   311.53750222
   155.76875111   155.76875111   233.65312666   155.76875111
    77.88437555    77.88437555    77.88437555   155.76875111
   233.65312666]
