[ 234.72964182  625.3644908   352.90278319  333.44123265  364.57971352
  269.86683421  342.52328957 1022.3801219   477.45670667  623.88470067
  350.08377308  392.31177684  370.51667812  272.43873392  219.3131808
  217.95098713  130.77059228  316.02893134  207.05343778  468.59462233
 5726.6621869  6707.44162899 5000.61296101 2092.32947647  666.11270442
  342.980248    413.94167863  285.32408562  272.01881738  532.21072966
  567.69144497  510.03528259  295.67262759  307.49953269  533.6890928
  606.12888656  342.980248    555.86453987 7817.58427349 4182.28931727
 8048.20892301 6117.46666485 5286.62658132 4834.2474611   248.36500718
  494.90392446  346.59938144  321.60423374  468.24243358  506.56832672
  374.9272155   466.5760904   441.5809427   559.89130848  733.19099921
  308.2734883   573.22205392  399.9223632   439.91459952 8561.67125891
 3837.58834357  319.93789056  333.268636    333.268636   3442.66500991
  923.15412173 2462.85522006 4175.85600911  348.26572462  332.34166722
  253.21269883  474.77381031  443.12222295  284.86428619  142.43214309
  174.08373045  126.60634942  284.86428619  506.42539766  809.09370173
  490.59960399  332.34166722  838.76706488 7564.72937758  348.16746089
  221.56111148  237.38690515  253.21269883  316.51587354  253.21269883
  221.56111148 2907.98958814  460.92624084  489.14782544  346.47970969
  407.62318787  203.81159393  387.24202847  387.24202847  366.86086908
  346.47970969  428.00434726  224.19275333  532.45778915  387.24202847
  346.47970969 3046.9833293   305.7173909   264.95507211  163.04927515
  163.04927515  183.43043454  285.33623151  142.66811575  183.43043454
  224.19275333 1202.48840421  328.66958031  418.30673857  298.79052755
  268.9114748   268.9114748   298.79052755  298.79052755  478.06484408
  179.27431653  209.15336929  179.27431653  119.51621102  119.51621102
  149.39526378  119.51621102  179.27431653  155.76875111   77.88437555
  233.65312666  155.76875111   77.88437555  155.76875111  155.76875111
   77.88437555   77.88437555   77.88437555   77.88437555  155.76875111]
