[  224.52400522   583.84651631   311.3848087    302.30275178
   323.06173903   269.86683421   342.52328957   844.6312936
   435.93873218   591.1920526    317.39112501   359.61912877
   348.72157941   283.33628327   219.3131808    217.95098713
   130.77059228   316.02893134   228.84853649   457.69707298
  6876.35364402  6827.31467192  3872.71660261  2114.12457518
   666.11270442   331.1533429    378.46096332   261.67027542
   308.97789583   555.86453987   579.51835008   558.82126615
   331.1533429    295.67262759   486.38147239   629.78269677
   354.80715311   591.34525518  9570.9229551   4265.07765299
  9949.38391842  8361.62190826  6998.57109507  4763.28603048
   260.19191228   454.91168814   319.93789056   334.93497918
   521.56541534   559.89130848   481.57317902   586.55279936
   494.90392446   733.19099921   773.18323553   294.94274286
   519.89907216   373.26087232   466.5760904   6220.45909099
  6098.81603885   348.26572462   386.59161776   386.59161776
  3750.93849821   989.80784893  2892.7717605   3294.36046689
   348.26572462   316.51587354   237.38690515   553.90277869
   538.07698502   316.51587354   158.25793677   205.7353178
   158.25793677   350.1456851    664.68333443   761.6163207
   397.62306613   332.34166722   870.41865223 12743.72035836
   381.79727246   253.21269883   269.03849251   284.86428619
   316.51587354   284.86428619   237.38690515  2682.47202824
   476.75203452   448.38550665   346.47970969   468.76666605
   244.57391272   489.14782544   389.7896734    407.62318787
   407.62318787   529.91014423   285.33623151   634.36358612
   366.86086908   366.86086908  4499.14093608   366.86086908
   305.7173909    183.43043454   183.43043454   203.81159393
   244.57391272   163.04927515   203.81159393   224.19275333
  1222.8695636    388.42768582   507.94389684   328.66958031
   298.79052755   298.79052755   358.54863306   358.54863306
   448.18579133   179.27431653   268.9114748    209.15336929
   149.39526378   149.39526378   179.27431653   119.51621102
   209.15336929   233.65312666   155.76875111   233.65312666
   155.76875111   155.76875111   233.65312666   155.76875111
    77.88437555    77.88437555    77.88437555     0.
   155.76875111]
