[  225.7997098    594.22600993   311.3848087    354.2002199
   395.71819439   290.62582145   394.42075769  1000.32369795
   498.21569392   656.57734874   350.08377308   437.26416793
   457.69707298   392.31177684   262.90337823   250.6436352
   163.46324035   370.51667812   283.33628327   632.05786268
  7663.70158504  7505.68711936  5361.59428345  2059.6368284
   687.90780314   366.63405821   461.24929904   356.28551625
   427.24694687   579.51835008   591.34525518   867.79916198
   449.42239394   425.76858373   629.78269677  1068.85654874
   461.24929904   626.82597049 11619.9342643   4526.74792841
  8669.12144095  6401.31238733  5085.56919456  4300.5583683
   295.67262759   468.24243358   399.9223632    441.5809427
   816.50815821   506.56832672   414.91945182   519.89907216
   829.83890365  1014.80299663  1054.79523295   401.58870638
   679.86801745   426.58385408   573.22205392 14130.59016651
  6792.01480173   426.58385408   479.90683584   453.24534496
  3321.02195777   989.80784893  2582.83192902  3254.36823057
   388.25796094   443.12222295   300.69007986   775.46389017
   474.77381031   316.51587354   205.7353178    253.21269883
   269.03849251   555.8810029    949.54762062  1032.63303742
   571.70679658   363.99325457   888.22267012  8965.31211799
   508.40362187   316.51587354   348.16746089   363.99325457
   348.16746089   348.16746089   269.03849251  2110.76523166
   460.92624084   468.76666605   448.38550665   672.57825998
   366.86086908   448.38550665   695.5070643    448.38550665
   774.48405695   917.1521727    448.38550665   878.93749884
   468.76666605   428.00434726  6341.08821625   430.55199218
   387.24202847   244.57391272   244.57391272   244.57391272
   244.57391272   183.43043454   264.95507211   244.57391272
  1019.05796967   661.07404221   866.4925299    567.70200235
   448.18579133   358.54863306   687.21821337   537.8229496
   597.58105511   209.15336929   328.66958031   268.9114748
   209.15336929   179.27431653   209.15336929   179.27431653
   268.9114748    233.65312666   233.65312666   311.53750222
   233.65312666   233.65312666   311.53750222   155.76875111
   155.76875111    77.88437555   155.76875111   155.76875111
   233.65312666]
