[ 244.93527842  646.12347805  352.90278319  343.82072627  374.95920714
  280.24632783  332.14379595  740.83635736  477.45670667  645.67979938
  360.98132244  392.31177684  381.41422748  283.33628327  219.3131808
  228.84853649  130.77059228  316.02893134  207.05343778  501.2872704
 5988.20337146 6805.5195732  5165.43839503 2103.22702583  655.21515507
  354.80715311  425.76858373  297.15099073  261.67027542  544.03763477
  579.51835008  521.8621877   307.49953269  319.3264378   557.34290301
  629.78269677  354.80715311  567.69144497 7971.33403984 4254.72911103
 8145.78089012 6247.56262099 5359.06637508 4846.07436621  260.19191228
  508.2346699   346.59938144  348.26572462  494.90392446  506.56832672
  388.25796094  479.90683584  454.91168814  586.55279936  773.18323553
  308.2734883   586.55279936  413.25310864  453.24534496 8721.64020419
 4065.87735923  319.93789056  346.59938144  346.59938144 3522.64948255
  923.15412173 2369.54000198 4082.54079103  361.59647006  348.16746089
  253.21269883  490.59960399  458.94801663  284.86428619  142.43214309
  189.90952412  142.43214309  300.69007986  538.07698502  840.74528909
  476.75203452  348.16746089  840.74528909 7596.38096493  348.16746089
  221.56111148  237.38690515  253.21269883  300.69007986  253.21269883
  221.56111148 2828.86061975  476.75203452  509.52898483  346.47970969
  428.00434726  224.19275333  387.24202847  349.02735461  366.86086908
  366.86086908  448.38550665  224.19275333  552.83894854  387.24202847
  366.86086908 3067.3644887   326.09855029  264.95507211  163.04927515
  163.04927515  183.43043454  264.95507211  142.66811575  183.43043454
  224.19275333 1126.05905648  358.54863306  418.30673857  298.79052755
  268.9114748   268.9114748   298.79052755  298.79052755  478.06484408
  179.27431653  209.15336929  179.27431653  119.51621102  119.51621102
  149.39526378  119.51621102  179.27431653  155.76875111   77.88437555
  233.65312666  155.76875111   77.88437555  155.76875111  155.76875111
   77.88437555   77.88437555   77.88437555   77.88437555  155.76875111]
