[ 266.6222562   812.19537602  477.45670667  520.27211787  552.70803544
  352.90278319  394.42075769  813.49281273  539.73366841  843.19788147
  546.2396615   578.93230957  457.69707298  294.23383263  261.54118456
  272.43873392  152.56569099  392.31177684  217.95098713  490.38972105
 5813.84258175 6740.13427706 5011.51051037 2125.02212454  764.19064863
  437.59548883  638.6528756   450.90075708  283.84572249  555.86453987
  626.82597049  521.8621877   283.84572249  449.42239394  830.84008353
  830.84008353  378.46096332  603.17216028 6853.69150755 3861.48451633
 7885.58897784 7164.14776652 6096.76958092 5072.26392631  283.84572249
  614.88063342  533.2298176   414.91945182  481.57317902  506.56832672
  441.5809427   479.90683584  441.5809427   613.21429024  613.21429024
  481.57317902  879.82919905  506.56832672  479.90683584 8455.02529539
 3570.97343477  281.61199742  333.268636    346.59938144 3054.40704896
  976.47710349 2784.4594538  4390.81427934  414.91945182  411.4706356
  348.16746089  490.59960399  443.12222295  284.86428619  142.43214309
  189.90952412  142.43214309  284.86428619  522.25119134  729.96473335
  761.6163207   381.79727246  888.22267012 4943.58229984  332.34166722
  221.56111148  237.38690515  253.21269883  300.69007986  269.03849251
  237.38690515 3066.24752491  555.8810029   631.81594119  326.09855029
  407.62318787  224.19275333  366.86086908  387.24202847  346.47970969
  346.47970969  428.00434726  224.19275333  532.45778915  570.67246301
  407.62318787 3271.17608263  305.7173909   264.95507211  163.04927515
  163.04927515  183.43043454  244.57391272  142.66811575  203.81159393
  224.19275333 1327.32300549  328.66958031  388.42768582  298.79052755
  268.9114748   268.9114748   298.79052755  328.66958031  657.33916062
  209.15336929  239.03242204  179.27431653  119.51621102  119.51621102
  179.27431653  149.39526378  209.15336929  155.76875111   77.88437555
  233.65312666  155.76875111   77.88437555  233.65312666  155.76875111
   77.88437555   77.88437555   77.88437555   77.88437555  155.76875111]
