[ 224.52400522  614.98499718  321.76430232  271.16427091  291.92325816
  238.72835334  301.00531508  761.59534461  487.8362003   558.49940453
  295.5960263   283.33628327  250.6436352   217.95098713  175.72298338
  185.25833906  108.97549357  283.33628327  185.25833906  490.38972105
 5715.76463754 6696.54407964 4835.787527   2026.94418033  644.31760571
  319.3264378   331.1533429   202.5357499   236.53810207  484.90310925
  496.73001435  439.07385197  212.88429187  189.23048166  403.59313666
  521.8621877   319.3264378   567.69144497 7483.47420431 3100.12750029
 6123.3801174  6865.51841265 5713.87352819 4881.55508152  236.53810207
  494.90392446  266.6149088   253.28416336  414.91945182  439.91459952
  334.93497918  399.9223632   374.9272155   453.24534496  493.23758128
  213.29192704  426.58385408  373.26087232  413.25310864 8828.28616771
 3932.56990483  254.95050654  293.27639968  293.27639968 3562.64171887
 1003.13859437 2826.1180333  4149.19451823  334.93497918  316.51587354
  189.90952412  395.64484192  395.64484192  253.21269883  126.60634942
  158.25793677  126.60634942  237.38690515  411.4706356   492.57782819
  363.99325457  316.51587354  854.59285856 6498.4665286   300.69007986
  189.90952412  189.90952412  221.56111148  395.64484192  221.56111148
  205.7353178  2828.86061975  397.62306613  468.76666605  244.57391272
  366.86086908  183.43043454  326.09855029  326.09855029  326.09855029
  305.7173909   387.24202847  183.43043454  428.00434726  305.7173909
  326.09855029 2534.90669954  244.57391272  224.19275333  142.66811575
  142.66811575  163.04927515  264.95507211  122.28695636  163.04927515
  203.81159393 1245.79836792  268.9114748   328.66958031  268.9114748
  239.03242204  209.15336929  268.9114748   268.9114748   328.66958031
  179.27431653  179.27431653  149.39526378   89.63715827  119.51621102
  149.39526378  119.51621102  179.27431653  155.76875111   77.88437555
  155.76875111   77.88437555   77.88437555  155.76875111   77.88437555
   77.88437555   77.88437555   77.88437555   77.88437555  155.76875111]
