[  183.70145882   457.99515613   249.10784696   281.54376453
   302.30275178   259.48734058   332.14379595   740.83635736
   415.17974493   547.60185517   262.90337823   359.61912877
   381.41422748   337.82403005   230.21073016   217.95098713
   163.46324035   316.02893134   272.43873392   686.54560947
  7268.66542086  7067.06075776  4070.23468469  1467.08258213
   546.2396615    295.67262759   366.63405821   273.49718052
   344.45861114   626.82597049   544.03763477   700.74412739
   366.63405821   342.980248     533.6890928   1781.42758123
   461.24929904   614.99906539  9786.76397324  3908.79213675
  7335.63789052  5141.7469938   3789.04472257  2801.49814642
   248.36500718   388.25796094   319.93789056   348.26572462
   694.86510607   546.56056304   401.58870638   706.52950833
   696.53144925   841.50330591   854.83405135   334.93497918
   559.89130848   359.93012688   546.56056304 15710.28350117
 13724.00243059   426.58385408   426.58385408   399.9223632
  2866.11026962   629.87772205  1513.03960745  2074.59725912
   334.93497918   284.86428619   253.21269883   648.85754075
   587.53259026   284.86428619   174.08373045   284.86428619
   205.7353178    445.10044716   759.63809649   840.74528909
   445.10044716   271.01671672   761.6163207   9281.82799153
   540.05520923   316.51587354   316.51587354   316.51587354
   379.81904825   300.69007986   237.38690515  1477.73348458
   365.97147878   387.24202847   366.86086908   652.19710059
   224.19275333   366.86086908   389.7896734    591.05362241
   631.81594119   733.72173816   346.47970969   695.5070643
   366.86086908   366.86086908  5645.58115195   407.62318787
   387.24202847   224.19275333   224.19275333   224.19275333
   244.57391272   163.04927515   224.19275333   224.19275333
   817.79402066   631.19498946   926.25063541   298.79052755
   298.79052755   448.18579133   537.8229496    448.18579133
   478.06484408   179.27431653   298.79052755   239.03242204
   179.27431653   149.39526378   209.15336929   149.39526378
   209.15336929   311.53750222   155.76875111   311.53750222
   233.65312666   155.76875111   233.65312666   155.76875111
    77.88437555    77.88437555   155.76875111   155.76875111
   233.65312666]
