[ 266.6222562   812.19537602  477.45670667  520.27211787  542.32854182
  352.90278319  404.80025131  823.87230635  550.11316204  843.19788147
  546.2396615   578.93230957  457.69707298  305.13138199  230.21073016
  272.43873392  152.56569099  392.31177684  217.95098713  479.49217169
 5901.0229766  6783.72447449 5065.99825715 2146.81722325  764.19064863
  437.59548883  638.6528756   462.72766218  283.84572249  567.69144497
  626.82597049  521.8621877   283.84572249  449.42239394  819.01317843
  830.84008353  378.46096332  603.17216028 6927.60966444 3922.09740499
 7947.68022963 7042.9219892  6096.76958092 5084.09083142  283.84572249
  614.88063342  533.2298176   441.5809427   494.90392446  519.89907216
  414.91945182  466.5760904   441.5809427   599.8835448   613.21429024
  481.57317902  866.49845361  493.23758128  479.90683584 8828.28616771
 3797.59610725  294.94274286  333.268636    346.59938144 3027.74555808
  949.81561261 2691.14423572 4430.80651566  414.91945182  411.4706356
  363.99325457  506.42539766  443.12222295  300.69007986  142.43214309
  189.90952412  142.43214309  284.86428619  538.07698502  777.44211438
  745.79052703  411.4706356   888.22267012 5262.07639758  348.16746089
  221.56111148  237.38690515  269.03849251  300.69007986  269.03849251
  237.38690515 3050.42173123  571.70679658  631.81594119  326.09855029
  407.62318787  224.19275333  387.24202847  349.02735461  366.86086908
  366.86086908  448.38550665  224.19275333  532.45778915  570.67246301
  407.62318787 3189.65144505  305.7173909   264.95507211  163.04927515
  163.04927515  183.43043454  264.95507211  142.66811575  183.43043454
  224.19275333 1286.5606867   358.54863306  388.42768582  298.79052755
  268.9114748   268.9114748   298.79052755  328.66958031  657.33916062
  209.15336929  239.03242204  179.27431653  119.51621102  119.51621102
  179.27431653  149.39526378  209.15336929  155.76875111   77.88437555
  233.65312666  155.76875111   77.88437555  233.65312666  155.76875111
   77.88437555   77.88437555   77.88437555   77.88437555  155.76875111]
