[ 225.7997098   656.50297167  352.90278319  291.92325816  312.6822454
  259.48734058  311.3848087   823.87230635  498.21569392  591.1920526
  317.39112501  305.13138199  261.54118456  228.84853649  186.62053273
  196.15588842  119.87304292  294.23383263  185.25833906  501.2872704
 6350.54688756 7222.35083609 5121.84819761 2070.53437776  687.90780314
  342.980248    354.80715311  202.5357499   238.01646521  508.55691946
  520.38382456  462.72766218  224.71119697  189.23048166  427.24694687
  545.5159979   319.3264378   591.34525518 7687.48831735 4075.84717133
 7790.97373701 6212.08190568 6034.67832912 4846.07436621  248.36500718
  521.56541534  266.6149088   266.6149088   441.5809427   453.24534496
  348.26572462  386.59161776  388.25796094  466.5760904   506.56832672
  213.29192704  453.24534496  386.59161776  413.25310864 8321.71784099
 3690.95014373  293.27639968  306.60714512  306.60714512 3389.34202815
  936.48486717 3079.40219666 4204.18384317  348.26572462  348.16746089
  189.90952412  411.4706356   411.4706356   253.21269883  126.60634942
  158.25793677  110.78055574  253.21269883  427.29642928  508.40362187
  379.81904825  316.51587354  840.74528909 4211.63934228  300.69007986
  189.90952412  205.7353178   221.56111148  300.69007986  237.38690515
  205.7353178  2907.98958814  460.92624084  489.14782544  244.57391272
  387.24202847  203.81159393  346.47970969  346.47970969  326.09855029
  305.7173909   387.24202847  183.43043454  448.38550665  305.7173909
  346.47970969 2557.83550386  244.57391272  224.19275333  142.66811575
  142.66811575  163.04927515  285.33623151  122.28695636  163.04927515
  203.81159393 1289.10833163  268.9114748   328.66958031  268.9114748
  239.03242204  209.15336929  268.9114748   268.9114748   328.66958031
  179.27431653  179.27431653  149.39526378  119.51621102  119.51621102
  149.39526378  119.51621102  179.27431653  155.76875111   77.88437555
  155.76875111   77.88437555   77.88437555  155.76875111   77.88437555
    0.           77.88437555   77.88437555   77.88437555  155.76875111]
