[ 244.93527842  646.12347805  352.90278319  323.06173903  343.82072627
  259.48734058  311.3848087   751.21585099  477.45670667  623.88470067
  350.08377308  370.51667812  261.54118456  207.05343778  175.72298338
  207.05343778  108.97549357  283.33628327  174.36078971  435.90197426
 5199.49323677 6127.14712575 4770.40223086 2037.84172969  633.42005635
  342.980248    402.11477352  238.01646521  236.53810207  473.07620414
  484.90310925  427.24694687  212.88429187  224.71119697  498.20837749
  569.16980811  307.49953269  544.03763477 6223.90881078 3231.70181956
 7208.49866066 6495.92762816 5620.73665049 4846.07436621  236.53810207
  508.2346699   319.93789056  308.2734883   401.58870638  413.25310864
  321.60423374  386.59161776  361.59647006  439.91459952  479.90683584
  226.62267248  533.2298176   386.59161776  399.9223632  7731.83235526
 2887.77273096  253.28416336  279.94565424  293.27639968 3416.00351903
  963.14635805 2786.12579698 4270.83757037  348.26572462  332.34166722
  205.7353178   379.81904825  379.81904825  237.38690515  126.60634942
  142.43214309  110.78055574  221.56111148  395.64484192  492.57782819
  413.44885981  316.51587354  824.91949541 5307.57555441  269.03849251
  174.08373045  189.90952412  205.7353178   316.51587354  221.56111148
  205.7353178  2844.68641343  476.75203452  509.52898483  244.57391272
  346.47970969  183.43043454  326.09855029  326.09855029  305.7173909
  285.33623151  366.86086908  183.43043454  448.38550665  346.47970969
  346.47970969 3105.57916256  244.57391272  203.81159393  142.66811575
  142.66811575  163.04927515  264.95507211  122.28695636  163.04927515
  203.81159393 1222.8695636   268.9114748   328.66958031  239.03242204
  239.03242204  209.15336929  239.03242204  268.9114748   358.54863306
  179.27431653  179.27431653  119.51621102   89.63715827  119.51621102
  149.39526378  119.51621102  149.39526378  155.76875111   77.88437555
  155.76875111   77.88437555   77.88437555  155.76875111   77.88437555
    0.            0.           77.88437555   77.88437555  155.76875111]
