[ 234.72964182  635.74398443  352.90278319  312.6822454   333.44123265
  259.48734058  311.3848087   740.83635736  477.45670667  612.98715131
  328.28867437  337.82403005  250.6436352   217.95098713  175.72298338
  196.15588842  108.97549357  283.33628327  185.25833906  457.69707298
 5177.69813806 6170.73732318 4792.19732957 2026.94418033  666.11270442
  342.980248    378.46096332  226.18956011  236.53810207  473.07620414
  496.73001435  439.07385197  212.88429187  201.05738676  474.55456728
  557.34290301  307.49953269  544.03763477 6522.53816465 3231.70181956
 7113.88341983 6448.62000775 5619.25828736 4893.38198662  236.53810207
  508.2346699   306.60714512  293.27639968  401.58870638  439.91459952
  321.60423374  399.9223632   374.9272155   453.24534496  493.23758128
  213.29192704  506.56832672  386.59161776  413.25310864 7571.86340998
 3076.0695103   253.28416336  279.94565424  293.27639968 3442.66500991
  949.81561261 2516.17820182 4257.50682493  348.26572462  332.34166722
  189.90952412  379.81904825  395.64484192  237.38690515  126.60634942
  158.25793677  110.78055574  237.38690515  411.4706356   492.57782819
  427.29642928  316.51587354  854.59285856 6197.77644873  269.03849251
  174.08373045  189.90952412  221.56111148  284.86428619  221.56111148
  205.7353178  2971.29276285  476.75203452  509.52898483  244.57391272
  346.47970969  183.43043454  326.09855029  326.09855029  326.09855029
  305.7173909   366.86086908  183.43043454  428.00434726  346.47970969
  346.47970969 3434.22535777  264.95507211  203.81159393  142.66811575
  142.66811575  163.04927515  264.95507211  122.28695636  163.04927515
  203.81159393 1164.27373034  298.79052755  328.66958031  239.03242204
  239.03242204  209.15336929  268.9114748   268.9114748   358.54863306
  179.27431653  179.27431653  149.39526378   89.63715827  119.51621102
  149.39526378  119.51621102  179.27431653  155.76875111   77.88437555
  155.76875111   77.88437555   77.88437555  155.76875111   77.88437555
   77.88437555    0.           77.88437555   77.88437555  155.76875111]
