[  193.90709542   490.4310737    259.48734058   260.78477729
   291.92325816   238.72835334   311.3848087    803.1133191
   425.55923856   525.80675646   262.90337823   326.9264807
   326.9264807    283.33628327   197.51808209   196.15588842
   130.77059228   305.13138199   239.74608585   642.95541204
  6655.67826955  6541.2540013   4113.82488212  1664.60066422
   544.87746783   283.84572249   342.980248     238.01646521
   297.15099073   508.55691946   532.21072966   606.12888656
   307.49953269   295.67262759   474.55456728   854.49389374
   402.11477352   567.69144497  9523.61533469  3824.52543788
  7835.32463115  5546.8184936   4134.98169685  3407.62703298
   224.71119697   388.25796094   293.27639968   308.2734883
   588.21914254   439.91459952   348.26572462   493.23758128
   588.21914254   719.86025377   746.52174465   306.60714512
   506.56832672   359.93012688   493.23758128 13137.44963123
  9311.52568991   348.26572462   373.26087232   359.93012688
  2664.48274484   736.52368557  1966.28495242  2879.44101506
   308.2734883    363.99325457   221.56111148   538.07698502
   427.29642928   253.21269883   142.43214309   205.7353178
   174.08373045   365.97147878   648.85754075   729.96473335
   427.29642928   300.69007986   793.26790806  8807.05418122
   429.27465349   269.03849251   269.03849251   269.03849251
   284.86428619   269.03849251   221.56111148  2017.78869381
   350.1456851    387.24202847   305.7173909    529.91014423
   244.57391272   489.14782544   369.408514     428.00434726
   509.52898483   611.4347818    285.33623151   593.60126733
   346.47970969   346.47970969  5176.8144859    366.86086908
   326.09855029   203.81159393   203.81159393   203.81159393
   224.19275333   142.66811575   183.43043454   203.81159393
   917.1521727    478.06484408   687.21821337   328.66958031
   358.54863306   358.54863306   448.18579133   388.42768582
   448.18579133   179.27431653   268.9114748    209.15336929
   149.39526378   149.39526378   179.27431653   119.51621102
   209.15336929   233.65312666   155.76875111   233.65312666
   155.76875111   155.76875111   233.65312666   155.76875111
    77.88437555    77.88437555    77.88437555    77.88437555
   155.76875111]
