[  234.72964182   583.84651631   311.3848087    333.44123265
   364.57971352   290.62582145   384.04126406   969.18521708
   529.35417479   634.78225002   339.18622372   425.00442491
   425.00442491   348.72157941   252.00582887   239.74608585
   152.56569099   359.61912877   272.43873392   697.44315882
  8056.01336187  8143.19375673  5219.92614182  2081.43192711
   687.90780314   366.63405821   425.76858373   320.80480094
   391.76623156   567.69144497   579.51835008   783.53246311
   402.11477352   378.46096332   592.82361832   901.80151415
   449.42239394   638.6528756  11214.86276451  4432.13268758
  8479.89095929  6806.38388713  5335.41256487  4383.34670403
   283.84572249   468.24243358   373.26087232   388.25796094
   723.19294013   506.56832672   414.91945182   506.56832672
   723.19294013   908.15703311   948.14926943   361.59647006
   626.54503569   413.25310864   559.89130848 15177.05368356
  6525.39989293   426.58385408   453.24534496   426.58385408
  3322.68830095   923.15412173  2611.15976308  3802.59513679
   374.9272155    443.12222295   284.86428619   696.33492179
   474.77381031   316.51587354   189.90952412   237.38690515
   237.38690515   492.57782819   854.59285856   921.85248168
   508.40362187   348.16746089   888.22267012  9760.55825026
   476.75203452   300.69007986   332.34166722   332.34166722
   363.99325457   332.34166722   269.03849251  2239.34980529
   429.27465349   468.76666605   407.62318787   591.05362241
   346.47970969   428.00434726   613.98242672   428.00434726
   672.57825998   815.24637573   387.24202847   777.03170187
   428.00434726   407.62318787  5974.22734717   448.38550665
   366.86086908   224.19275333   244.57391272   244.57391272
   244.57391272   183.43043454   244.57391272   244.57391272
  1059.82028845   478.06484408   866.4925299    507.94389684
   328.66958031   328.66958031   597.58105511   507.94389684
   537.8229496    209.15336929   328.66958031   239.03242204
   179.27431653   179.27431653   209.15336929   149.39526378
   239.03242204   233.65312666   155.76875111   311.53750222
   233.65312666   233.65312666   311.53750222   155.76875111
   155.76875111    77.88437555   155.76875111   155.76875111
   233.65312666]
