[  224.52400522   594.22600993   321.76430232   312.6822454
   343.82072627   259.48734058   321.76430232   604.60550356
   435.93873218   602.08960195   328.28867437   381.41422748
   370.51667812   294.23383263   219.3131808    217.95098713
   130.77059228   316.02893134   217.95098713   533.97991847
  7500.23834469  8012.42316445  5011.51051037  2224.46226242
   589.82985893   342.980248     402.11477352   307.49953269
   332.63170604   532.21072966   544.03763477   617.95579166
   342.980248     307.49953269   510.03528259   665.26341208
   342.980248     555.86453987  8692.77525116  4455.78649779
  8148.73761639  6720.63882513  4989.47559059  4514.92102331
   260.19191228   481.57317902   333.268636     348.26572462
   548.22690622   519.89907216   494.90392446   506.56832672
   548.22690622   786.51398097   813.17547185   308.2734883
   546.56056304   386.59161776   426.58385408  3905.90841395
  4774.07321074   346.59938144   373.26087232   373.26087232
  3376.01128271   936.48486717  2892.7717605   3749.27215503
   348.26572462   332.34166722   253.21269883   585.55436605
   538.07698502   300.69007986   158.25793677   189.90952412
   158.25793677   381.79727246   696.33492179   809.09370173
   474.77381031   316.51587354   809.09370173 10488.5447594
   350.1456851    237.38690515   269.03849251   284.86428619
   363.99325457   284.86428619   237.38690515  2729.94940927
   429.27465349   468.76666605   366.86086908   468.76666605
   264.95507211   407.62318787   387.24202847   387.24202847
   468.76666605   631.81594119   305.7173909    675.1259049
   366.86086908   366.86086908  3069.91213362   346.47970969
   285.33623151   183.43043454   183.43043454   203.81159393
   264.95507211   142.66811575   203.81159393   224.19275333
  1161.72608542   388.42768582   448.18579133   358.54863306
   268.9114748    268.9114748    448.18579133   388.42768582
   478.06484408   179.27431653   239.03242204   179.27431653
   149.39526378   149.39526378   179.27431653   149.39526378
   209.15336929   155.76875111    77.88437555   233.65312666
   155.76875111   155.76875111   233.65312666   155.76875111
    77.88437555    77.88437555    77.88437555    77.88437555
   155.76875111]
