[  71.43945621  124.55392348   72.65645536   62.27696174   72.65645536
   51.89746812   93.41544261  228.34885971  249.10784696  143.03033531
   65.38529614   76.2828455    54.48774678   54.48774678   43.59019743
   54.48774678   21.79509871   76.2828455    54.48774678  130.77059228
 1630.54582248 1913.88210575 1616.92388579  536.70430581  239.74608585
   94.61524083   82.78833573   59.13452552   70.96143062  153.74976635
  165.57667145  141.92286124   70.96143062   47.30762041   70.96143062
  141.92286124  106.44214593  189.23048166 2695.05600049  891.45297219
 1815.42993341 1577.4134682  1448.79587519 1374.8777183    70.96143062
  133.3074544    79.98447264   53.32298176  119.97670896  146.63819984
  119.97670896  133.3074544   119.97670896  159.96894528  159.96894528
   53.32298176   79.98447264   93.31521808  159.96894528 2847.78049464
 1081.45672383   79.98447264   93.31521808   93.31521808  911.48971947
  213.29192704 1031.46642843 1004.80493755   93.31521808   94.95476206
   63.30317471  126.60634942  142.43214309   63.30317471   31.65158735
   31.65158735   15.82579368   63.30317471  110.78055574  142.43214309
   79.12896838   79.12896838  363.99325457 3942.60084977   79.12896838
   47.47738103   47.47738103   63.30317471   63.30317471   63.30317471
   63.30317471  648.85754075  126.60634942   81.52463757   61.14347818
  122.28695636   40.76231879  101.90579697  101.90579697  101.90579697
   81.52463757  122.28695636   40.76231879  122.28695636   40.76231879
  101.90579697 2267.40398251  101.90579697   81.52463757   40.76231879
   40.76231879   40.76231879   40.76231879   20.38115939   20.38115939
   61.14347818  876.38985391  119.51621102  119.51621102   59.75810551
   89.63715827   59.75810551   59.75810551   89.63715827   89.63715827
   29.87905276   59.75810551   29.87905276    0.            0.
   29.87905276   29.87905276   29.87905276    0.            0.
   77.88437555    0.            0.            0.            0.
    0.            0.            0.            0.            0.        ]
