[ 183.70145882  323.06173903  207.58987247  177.7488283   197.21037884
  155.69240435  249.10784696  448.91309921  570.87214928  415.46906922
  196.15588842  217.95098713  185.25833906  174.36078971  174.36078971
  163.46324035   98.07794421  207.05343778  141.66814164  294.23383263
 2879.67741748 3741.94601033 2844.26038208 1182.38410519  544.87746783
  212.88429187  224.71119697  177.40357655  190.7088448   437.59548883
  437.59548883  391.76623156  189.23048166  153.74976635  248.36500718
  344.45861114  224.71119697  402.11477352 3775.73945433 2078.57857196
 4582.92572765 3608.68441974 4336.03908361 3454.93465339  177.40357655
  294.94274286  213.29192704  213.29192704  361.59647006  373.26087232
  308.2734883   333.268636    308.2734883   413.25310864  439.91459952
  159.96894528  253.28416336  213.29192704  293.27639968 4922.37775376
 1616.35288461  159.96894528  213.29192704  226.62267248 4662.42821768
  776.51592189 4924.04409694 2946.09474226  253.28416336  221.56111148
  158.25793677  332.34166722  332.34166722  205.7353178    94.95476206
  110.78055574   94.95476206  205.7353178   316.51587354  397.62306613
  205.7353178   221.56111148  680.50912811 2702.25427034  174.08373045
  126.60634942  142.43214309  158.25793677  284.86428619  174.08373045
  174.08373045 1697.31637185  221.56111148  346.47970969  203.81159393
  285.33623151  142.66811575  264.95507211  264.95507211  244.57391272
  224.19275333  285.33623151  122.28695636  326.09855029  183.43043454
  244.57391272 2968.00633665  163.04927515  142.66811575  101.90579697
  101.90579697  122.28695636  142.66811575  101.90579697  122.28695636
  142.66811575  998.67681027  209.15336929  239.03242204  179.27431653
  179.27431653  149.39526378  179.27431653  209.15336929  209.15336929
   89.63715827   89.63715827   89.63715827   59.75810551   59.75810551
  119.51621102   59.75810551  119.51621102   77.88437555    0.
  155.76875111   77.88437555    0.           77.88437555   77.88437555
    0.            0.            0.            0.           77.88437555]
