[ 142.87891241  271.16427091  186.83088522  176.4513916   176.4513916
  145.31291073  217.96936609  447.61566251  550.11316204  350.08377308
  185.25833906  185.25833906  141.66814164  130.77059228  130.77059228
  119.87304292   65.38529614  174.36078971  119.87304292  250.6436352
 2747.54463154 3741.94601033 3424.55488531 1292.72179243  501.2872704
  177.40357655  201.05738676  141.92286124  165.57667145  331.1533429
  331.1533429   285.32408562  141.92286124  118.26905104  224.71119697
  273.49718052  201.05738676  331.1533429  2956.7262759  1818.38665968
 3726.95347078 5141.7469938  3969.4050254  3098.64913715  153.74976635
  266.6149088   173.29969072  159.96894528  293.27639968  306.60714512
  279.94565424  279.94565424  266.6149088   333.268636    333.268636
  133.3074544   226.62267248  173.29969072  266.6149088  5363.95869646
 1831.31115483  159.96894528  186.63043616  199.9611816  4944.0402151
  481.57317902 2437.86007236 1967.9512956   213.29192704  174.08373045
  126.60634942  269.03849251  269.03849251  174.08373045   79.12896838
   94.95476206   94.95476206  174.08373045  269.03849251  332.34166722
  189.90952412  189.90952412  601.38015972 3418.37143422  174.08373045
  110.78055574  126.60634942  142.43214309  253.21269883  158.25793677
  142.43214309 1270.01994257  221.56111148  285.33623151  142.66811575
  244.57391272  122.28695636  224.19275333  224.19275333  224.19275333
  203.81159393  264.95507211  101.90579697  285.33623151  142.66811575
  224.19275333 2639.36014144  163.04927515  142.66811575   81.52463757
   81.52463757  101.90579697  142.66811575   81.52463757  101.90579697
  101.90579697  978.29565088  179.27431653  239.03242204  179.27431653
  179.27431653  149.39526378  179.27431653  179.27431653  209.15336929
   89.63715827  119.51621102   89.63715827   59.75810551   59.75810551
   89.63715827   59.75810551   29.87905276   77.88437555    0.
  155.76875111    0.            0.           77.88437555    0.
    0.            0.            0.            0.           77.88437555]
