[ 153.08454902  281.54376453  166.07189797  155.69240435  166.07189797
  134.9334171   228.34885971  437.23616888  518.97468117  273.80092758
  152.56569099  152.56569099  119.87304292  119.87304292  119.87304292
  119.87304292   65.38529614  174.36078971  108.97549357  207.05343778
 2551.38874312 1629.18362881 1277.73766206  591.1920526   512.18481976
  165.57667145  177.40357655  106.44214593  153.74976635  331.1533429
  342.980248    297.15099073  153.74976635  118.26905104   47.30762041
  356.28551625  189.23048166  473.07620414 2956.7262759  2078.57857196
 3883.6599634  1708.98778747 1224.08467822 2004.66041506  141.92286124
  173.29969072  159.96894528  146.63819984  293.27639968  306.60714512
  266.6149088   279.94565424  254.95050654  346.59938144  359.93012688
  119.97670896  146.63819984  213.29192704  293.27639968 3462.66112807
 1736.32959357  146.63819984  159.96894528  159.96894528  991.47419211
  228.28901566 1271.41984635 1967.9512956   186.63043616  221.56111148
  126.60634942  269.03849251  269.03849251  174.08373045   79.12896838
   94.95476206   79.12896838  174.08373045  269.03849251  332.34166722
  142.43214309  221.56111148  793.26790806 3131.52892383  142.43214309
   94.95476206  110.78055574  110.78055574  142.43214309  110.78055574
  110.78055574 1111.76200581  253.21269883  244.57391272  142.66811575
  264.95507211  122.28695636  224.19275333  224.19275333  224.19275333
  203.81159393  264.95507211  101.90579697  285.33623151  142.66811575
  224.19275333 2247.02282311  142.66811575  122.28695636   81.52463757
   61.14347818   81.52463757  101.90579697   61.14347818   61.14347818
  101.90579697 1778.25615707  209.15336929  298.79052755  149.39526378
  149.39526378  149.39526378  149.39526378  179.27431653  179.27431653
   89.63715827   89.63715827   59.75810551   59.75810551   29.87905276
   89.63715827   29.87905276   89.63715827   77.88437555    0.
   77.88437555    0.            0.           77.88437555    0.
    0.            0.            0.            0.           77.88437555]
