[ 234.72964182  614.98499718  332.14379595  250.40528366  260.78477729
  186.83088522  342.52328957  563.08752906  779.75945845  547.60185517
  252.00582887  250.6436352   217.95098713  207.05343778  186.62053273
  174.36078971  108.97549357  196.15588842  174.36078971  305.13138199
 2693.05688475 2746.18243787 3829.12640518 1127.89635841  731.49800056
  378.46096332  295.67262759  190.7088448   273.49718052  603.17216028
  603.17216028  521.8621877   248.36500718  201.05738676   94.61524083
  558.82126615  331.1533429   638.6528756  5200.88151932 2899.07011352
 3122.30294736 2350.59738934 1663.1585302  2207.19616496  201.05738676
  614.88063342  253.28416336  279.94565424  628.21137887  706.52950833
  561.55765166  586.55279936  468.24243358  586.55279936  599.8835448
  213.29192704  279.94565424  346.59938144  439.91459952 6608.71705193
 3196.04621927  201.62752478  266.6149088   239.95341792 1459.71662569
  308.2734883  1124.78164651 1284.75059179  374.9272155   506.42539766
  189.90952412  538.07698502  664.68333443  443.12222295  221.56111148
  237.38690515  174.08373045  316.51587354  506.42539766  540.05520923
  316.51587354  332.34166722  951.52584483 3402.54564054  269.03849251
  174.08373045  189.90952412  205.7353178   237.38690515  205.7353178
  158.25793677 1127.58779948  332.34166722 1019.05796967  285.33623151
  591.05362241  285.33623151  550.29130362  491.69547036  468.76666605
  387.24202847  448.38550665  224.19275333  450.93315158  285.33623151
  326.09855029 3067.3644887   224.19275333  203.81159393  122.28695636
  122.28695636  142.66811575  224.19275333  101.90579697  142.66811575
  163.04927515 1309.48949102  298.79052755  358.54863306  328.66958031
  239.03242204  209.15336929  239.03242204  239.03242204  418.30673857
  149.39526378  179.27431653  119.51621102   89.63715827   89.63715827
  149.39526378   89.63715827  149.39526378  155.76875111   77.88437555
  155.76875111    0.            0.           77.88437555   77.88437555
    0.            0.            0.            0.           77.88437555]
