[ 377.60855424  865.39028084  529.35417479  323.06173903  520.27211787
  415.17974493  425.55923856  771.97483823 1009.40575487  745.11993726
  328.28867437  479.49217169  994.40137879  632.05786268  350.08377308
  283.33628327  174.36078971  479.49217169  250.6436352   435.90197426
 4499.32569061 4454.37329951 4387.6258097  1883.91384502 1005.29892815
  378.46096332  378.46096332  819.01317843 1484.2765905  3191.78601484
 3335.18723922 1757.77377103  579.51835008  402.11477352  153.74976635
  854.49389374  508.55691946  650.4797807  3230.22345643 1936.65571072
 6744.29263534 6141.12047505 5821.79403726 4442.48122955  307.49953269
  601.54988798  453.24534496 1324.74282811 2957.75914452 1498.04251883
  561.55765166  586.55279936  534.89616078 1991.28010012 3091.06659892
  361.59647006  879.82919905  533.2298176   519.89907216 5445.60951228
 1336.40723037  306.60714512  453.24534496  479.90683584 4689.08970856
  776.51592189 3910.90744349 2786.12579698  574.8883971   633.03174708
  633.03174708 2332.32634314  569.72857237  363.99325457  189.90952412
  237.38690515  205.7353178   348.16746089  553.90277869 2860.51220711
  953.50406904  524.22941555 1030.65481321 2989.09678073  413.44885981
  443.12222295  350.1456851   395.64484192  458.94801663  474.77381031
  348.16746089 2128.56924955  635.00997129  794.86521634 1388.46648367
  529.91014423  285.33623151  428.00434726  389.7896734   387.24202847
  387.24202847  448.38550665  264.95507211  532.45778915  835.62753513
  550.29130362 3189.65144505  387.24202847  346.47970969  224.19275333
  183.43043454  203.81159393  285.33623151  224.19275333  305.7173909
  326.09855029 3581.98876338  358.54863306  448.18579133  328.66958031
  298.79052755  268.9114748   298.79052755  358.54863306  388.42768582
  239.03242204  298.79052755  209.15336929  179.27431653  179.27431653
  239.03242204  179.27431653  298.79052755  233.65312666  155.76875111
  233.65312666  155.76875111   77.88437555  233.65312666  155.76875111
  155.76875111   77.88437555  155.76875111  155.76875111  233.65312666]
