[  71.43945621  145.31291073   93.41544261   83.03594899   83.03594899
   72.65645536  114.17442986  229.64629642  280.24632783  164.82543402
   76.2828455    98.07794421   76.2828455    65.38529614   65.38529614
   76.2828455    32.69264807   98.07794421   76.2828455   239.74608585
 1882.55165135 2691.69469108 2515.97170771  908.58317761  261.54118456
  106.44214593  106.44214593   82.78833573   94.61524083  201.05738676
  212.88429187  189.23048166   94.61524083   70.96143062  106.44214593
  177.40357655  130.09595614  201.05738676 3549.54989422 1212.25777312
 2254.50378538 2088.92711393 1865.6942801  2016.48732017   94.61524083
  146.63819984  106.64596352   93.31521808  173.29969072  186.63043616
  159.96894528  173.29969072  159.96894528  213.29192704  213.29192704
   79.98447264  106.64596352  106.64596352  173.29969072 3759.27021411
 1563.02990285   93.31521808  119.97670896  119.97670896 1366.40140761
  294.94274286 1526.37035289 1406.39364393  119.97670896  110.78055574
   79.12896838  158.25793677  174.08373045   94.95476206   47.47738103
   47.47738103   31.65158735   94.95476206  158.25793677  189.90952412
   94.95476206   94.95476206  348.16746089 2987.11855652  110.78055574
   63.30317471   63.30317471   79.12896838  110.78055574   79.12896838
   79.12896838  949.54762062  189.90952412  163.04927515   81.52463757
  163.04927515   81.52463757  122.28695636  142.66811575  142.66811575
  122.28695636  163.04927515   61.14347818  183.43043454   81.52463757
  142.66811575 1796.08967154  101.90579697  101.90579697   61.14347818
   40.76231879   61.14347818   61.14347818   40.76231879   40.76231879
   81.52463757 1161.72608542  149.39526378  179.27431653   89.63715827
  119.51621102   89.63715827   89.63715827  119.51621102  119.51621102
   29.87905276   59.75810551   29.87905276   29.87905276   29.87905276
   59.75810551   29.87905276   29.87905276    0.            0.
   77.88437555    0.            0.            0.            0.
    0.            0.            0.            0.           77.88437555]
