[  81.64509281  155.69240435  103.79493623   93.41544261  103.79493623
   72.65645536  134.9334171   271.16427091  301.00531508  186.62053273
   98.07794421  108.97549357   87.18039485   76.2828455    76.2828455
   76.2828455    32.69264807   98.07794421   76.2828455   239.74608585
 2638.56913797 2985.92852371 2669.89959237  745.11993726  272.43873392
  106.44214593  118.26905104   82.78833573   94.61524083  224.71119697
  236.53810207  178.88193969   94.61524083   82.78833573  118.26905104
  177.40357655  118.26905104  177.40357655 2635.92147497 1164.95015271
 2326.94357914 2635.92147497 2495.47697686 1886.39136403  106.44214593
  159.96894528  106.64596352  106.64596352  199.9611816   213.29192704
  186.63043616  199.9611816   186.63043616  226.62267248  239.95341792
   79.98447264  119.97670896  106.64596352  146.63819984 1924.62637292
 1134.77970559   93.31521808  119.97670896  133.3074544  1701.33638679
  374.9272155  2034.6050228  1834.64384119  133.3074544   110.78055574
   79.12896838  189.90952412  189.90952412  110.78055574   47.47738103
   63.30317471   47.47738103  110.78055574  174.08373045  221.56111148
  110.78055574   94.95476206  300.69007986 2480.69315886   94.95476206
   63.30317471   79.12896838   94.95476206  142.43214309   94.95476206
   94.95476206 1301.67152993  189.90952412  163.04927515  101.90579697
  183.43043454   81.52463757  163.04927515  163.04927515  163.04927515
  142.66811575  183.43043454   61.14347818  183.43043454   81.52463757
  142.66811575 1694.18387457   81.52463757   81.52463757   61.14347818
   61.14347818   61.14347818   81.52463757   40.76231879   61.14347818
   81.52463757 1266.17952731  149.39526378  179.27431653  119.51621102
  119.51621102   89.63715827  119.51621102  119.51621102  119.51621102
   29.87905276   59.75810551   29.87905276   29.87905276   29.87905276
   59.75810551   29.87905276   59.75810551    0.            0.
   77.88437555    0.            0.            0.            0.
    0.            0.            0.            0.           77.88437555]
