[  71.43945621  124.55392348   72.65645536   51.89746812   62.27696174
   51.89746812  103.79493623  188.12832192  238.72835334  143.03033531
   54.48774678   65.38529614   54.48774678   43.59019743   43.59019743
   54.48774678   21.79509871   76.2828455    54.48774678  119.87304292
 1773.57615779 1759.95422109 1563.79833267  536.70430581  228.84853649
   94.61524083   70.96143062   47.30762041   47.30762041  130.09595614
  141.92286124  118.26905104   59.13452552   59.13452552   70.96143062
  141.92286124  106.44214593  201.05738676 2148.06163944  783.53246311
 1411.83679674 1268.43557236 1104.33726405 1150.16652133   70.96143062
  133.3074544    66.6537272    53.32298176  119.97670896  133.3074544
  106.64596352  119.97670896  106.64596352  146.63819984  146.63819984
   53.32298176   79.98447264   93.31521808  146.63819984 4614.10426546
  948.14926943   53.32298176   79.98447264   79.98447264  803.17741277
  173.29969072  829.83890365  803.17741277   93.31521808   94.95476206
   47.47738103  110.78055574  110.78055574   63.30317471   31.65158735
   31.65158735   31.65158735   63.30317471  110.78055574  126.60634942
   63.30317471   94.95476206  395.64484192 3910.94926242   79.12896838
   47.47738103   31.65158735   47.47738103   63.30317471   47.47738103
   47.47738103  601.38015972  110.78055574   81.52463757   40.76231879
  101.90579697   40.76231879   81.52463757   81.52463757  101.90579697
   61.14347818  101.90579697   20.38115939  101.90579697   40.76231879
  101.90579697 2308.16630129  101.90579697   61.14347818   40.76231879
   20.38115939   40.76231879   20.38115939   20.38115939   20.38115939
   61.14347818  774.48405695  119.51621102  119.51621102   59.75810551
   89.63715827   59.75810551   59.75810551   59.75810551   89.63715827
   29.87905276   59.75810551   29.87905276    0.            0.
   29.87905276    0.           29.87905276    0.            0.
    0.            0.            0.            0.            0.
    0.            0.            0.            0.            0.        ]
