[ 173.49582222  364.57971352  332.14379595  208.88730917  302.30275178
  249.10784696  280.24632783  490.4310737   539.73366841  493.11410839
  241.10827951  174.36078971  141.66814164  141.66814164  141.66814164
  130.77059228   87.18039485  217.95098713  119.87304292  239.74608585
 2528.23145073 3149.39176406 2626.30939494 1095.20371034  566.67256654
  212.88429187  236.53810207  141.92286124  201.05738676  378.46096332
  390.28786842  356.28551625  177.40357655  141.92286124  356.28551625
  391.76623156  224.71119697  295.67262759 2159.88854455  867.79916198
 3988.6237462  2956.7262759  1865.6942801  2801.49814642  165.57667145
  308.2734883   173.29969072  186.63043616  348.26572462  359.93012688
  306.60714512  319.93789056  294.94274286  386.59161776  413.25310864
  146.63819984  359.93012688  226.62267248  266.6149088  2821.11900376
  786.51398097  106.64596352  173.29969072  186.63043616 2277.89112708
  268.28125198 1098.12015563 1646.34706185  239.95341792  237.38690515
  126.60634942  348.16746089  348.16746089  205.7353178   110.78055574
  126.60634942   94.95476206  205.7353178   332.34166722  381.79727246
  363.99325457  237.38690515  553.90277869 2067.24429905  142.43214309
  110.78055574  110.78055574  142.43214309  221.56111148  142.43214309
  126.60634942  983.17743218  253.21269883  448.38550665  163.04927515
  407.62318787  142.66811575  244.57391272  244.57391272  244.57391272
  224.19275333  285.33623151  122.28695636  346.47970969  285.33623151
  244.57391272 2247.02282311  142.66811575  122.28695636   81.52463757
   81.52463757  101.90579697  183.43043454   61.14347818  101.90579697
  122.28695636  817.79402066  179.27431653  209.15336929  209.15336929
  149.39526378  119.51621102  149.39526378  179.27431653  418.30673857
  149.39526378  119.51621102   59.75810551   59.75810551   59.75810551
  149.39526378   59.75810551   89.63715827   77.88437555    0.
   77.88437555    0.            0.           77.88437555    0.
    0.            0.            0.            0.           77.88437555]
