[  81.64509281  145.31291073  103.79493623   83.03594899   93.41544261
   72.65645536  114.17442986  240.02579004  238.72835334  164.82543402
   87.18039485   98.07794421   76.2828455    65.38529614   65.38529614
   65.38529614   32.69264807   98.07794421   65.38529614  196.15588842
 3010.44800976 3600.27786869 2056.91244106  558.49940453  217.95098713
   94.61524083  106.44214593   82.78833573   94.61524083  201.05738676
  212.88429187  177.40357655   94.61524083   59.13452552  106.44214593
  177.40357655  118.26905104  165.57667145 1376.35608143  915.10678239
 2088.92711393 2065.27330372 1674.9854353  1648.37489882   94.61524083
  146.63819984   93.31521808   79.98447264  159.96894528  186.63043616
  159.96894528  173.29969072  159.96894528  199.9611816   213.29192704
   66.6537272   106.64596352   79.98447264  133.3074544  2941.09571272
 1041.46448751   66.6537272   106.64596352  119.97670896 1499.70886201
  321.60423374 1872.96973433 1473.04737113  119.97670896  126.60634942
   79.12896838  158.25793677  174.08373045   94.95476206   47.47738103
   47.47738103   31.65158735   94.95476206  158.25793677  189.90952412
   94.95476206   79.12896838  269.03849251 2288.80541053   94.95476206
   63.30317471   63.30317471   79.12896838  126.60634942   79.12896838
   79.12896838 1285.84573625  158.25793677  163.04927515   81.52463757
  142.66811575   61.14347818  122.28695636  122.28695636  142.66811575
  101.90579697  163.04927515   61.14347818  163.04927515   81.52463757
  122.28695636  817.79402066   81.52463757   81.52463757   40.76231879
   40.76231879   61.14347818   81.52463757   40.76231879   40.76231879
   81.52463757 1141.34492603  119.51621102  119.51621102   89.63715827
   89.63715827   59.75810551   89.63715827  119.51621102  119.51621102
   29.87905276   29.87905276   29.87905276   29.87905276   29.87905276
   59.75810551   29.87905276   29.87905276    0.            0.
   77.88437555    0.            0.            0.            0.
    0.            0.            0.            0.            0.        ]
