[  91.85072941  176.4513916   114.17442986  103.79493623  114.17442986
   83.03594899  134.9334171   312.6822454   342.52328957  219.3131808
   98.07794421   98.07794421   76.2828455    76.2828455    76.2828455
   76.2828455    32.69264807   98.07794421   54.48774678  108.97549357
  886.78807889 1255.94256335 2133.19528656  678.37244745  348.72157941
  106.44214593  118.26905104   82.78833573  106.44214593  224.71119697
  236.53810207  224.71119697  106.44214593   82.78833573  130.09595614
  177.40357655  106.44214593  153.74976635  745.09502153  498.20837749
 1315.74319278 1553.75965799 1544.88947916 1150.16652133   82.78833573
  159.96894528  106.64596352   79.98447264  186.63043616  213.29192704
  186.63043616  199.9611816   186.63043616  239.95341792  253.28416336
   79.98447264  133.3074544    93.31521808  133.3074544   879.82919905
  439.91459952   53.32298176   93.31521808   93.31521808 1044.79717387
  361.59647006 1807.98235031 1031.46642843  133.3074544   126.60634942
   79.12896838  174.08373045  189.90952412  110.78055574   47.47738103
   63.30317471   63.30317471  110.78055574  189.90952412  237.38690515
  110.78055574  110.78055574  300.69007986  985.15565639   63.30317471
   47.47738103   47.47738103   63.30317471   94.95476206   94.95476206
   79.12896838 1014.82901953  158.25793677  203.81159393   81.52463757
  163.04927515   61.14347818  142.66811575  142.66811575  142.66811575
  122.28695636  183.43043454   61.14347818  203.81159393   81.52463757
  142.66811575 1798.63731646   61.14347818   61.14347818   40.76231879
   40.76231879   61.14347818   61.14347818   20.38115939   40.76231879
   61.14347818 1059.82028845  119.51621102  149.39526378   89.63715827
   89.63715827   59.75810551   89.63715827  119.51621102  119.51621102
   29.87905276   29.87905276   29.87905276    0.            0.
   59.75810551   29.87905276   29.87905276    0.            0.
   77.88437555    0.            0.            0.            0.
    0.            0.            0.            0.            0.        ]
