[ 408.22546404  822.57486965  477.45670667  260.78477729  447.61566251
  425.55923856  373.66177044  656.50297167  883.55439468  732.86019423
  262.90337823  577.5701159   971.24408641  862.26859284  493.11410839
  250.6436352   163.46324035  479.49217169  217.95098713  348.72157941
 3086.73085526 4376.72826035 3622.0729674  1379.90218728  874.52833587
  331.1533429   331.1533429   855.97225687 1366.00753947 2669.92382714
 2158.41018141 2708.36126873 1161.99342643  413.94167863  130.09595614
  807.18627332  473.07620414  674.13359091 3466.7615585  1722.29305571
 5650.30391325 4797.28838266 2542.78459728 1423.66370185  212.88429187
  534.89616078  599.8835448  1231.42761003 1069.79232157  493.23758128
  414.91945182  466.5760904   414.91945182  559.89130848 1871.30339115
  709.86219469  813.17547185  493.23758128  453.24534496 3945.90065027
 2607.82707672  279.94565424  333.268636    359.93012688 4675.75896312
  574.8883971  2062.93285686 1338.07357355  481.57317902  601.38015972
  727.98650914  490.59960399  443.12222295  269.03849251  142.43214309
  174.08373045  142.43214309  284.86428619  474.77381031 1796.22758233
  906.02668801  508.40362187 1125.60957527 4975.23388719  348.16746089
  316.51587354  269.03849251  269.03849251  316.51587354  316.51587354
  237.38690515 1254.1941489   334.31989143  754.10289755 1263.63188239
  407.62318787  183.43043454  326.09855029  326.09855029  305.7173909
  285.33623151  366.86086908  183.43043454  448.38550665  733.72173816
  448.38550665 2618.97898204  305.7173909   244.57391272  163.04927515
  122.28695636  142.66811575  224.19275333  142.66811575  183.43043454
  224.19275333 1184.65488974  298.79052755  328.66958031  239.03242204
  209.15336929  209.15336929  239.03242204  268.9114748   328.66958031
  209.15336929  209.15336929  149.39526378  119.51621102  119.51621102
  149.39526378   89.63715827  179.27431653  155.76875111   77.88437555
  155.76875111   77.88437555   77.88437555  155.76875111   77.88437555
   77.88437555    0.           77.88437555   77.88437555  155.76875111]
