[ 132.67327581  250.40528366  207.58987247  166.07189797  197.21037884
  155.69240435  197.21037884  395.71819439  477.45670667  339.18622372
  174.36078971  141.66814164  119.87304292  108.97549357  119.87304292
  119.87304292   65.38529614  152.56569099   87.18039485  207.05343778
 2221.73787508 2505.07415835 2351.14627369  975.33066742  479.49217169
  153.74976635  177.40357655  106.44214593  141.92286124  319.3264378
  319.3264378   285.32408562  141.92286124  118.26905104  236.53810207
  273.49718052  165.57667145  236.53810207 1018.59220205  606.12888656
 1695.68251923 1862.73755382 1448.79587519 2457.03953528  130.09595614
  228.28901566  146.63819984  133.3074544   241.6197611   279.94565424
  253.28416336  266.6149088   253.28416336  319.93789056  346.59938144
  119.97670896  226.62267248  159.96894528  199.9611816  1939.62346154
  613.21429024   66.6537272   119.97670896  133.3074544  1674.67489591
  268.28125198 1111.45090107 1338.07357355  186.63043616  174.08373045
  110.78055574  253.21269883  253.21269883  142.43214309   79.12896838
   79.12896838   63.30317471  158.25793677  269.03849251  318.49409775
  189.90952412  174.08373045  443.12222295 1113.74023002   94.95476206
   79.12896838   79.12896838   94.95476206  158.25793677  110.78055574
   94.95476206 1095.93621213  189.90952412  326.09855029  122.28695636
  244.57391272  101.90579697  183.43043454  183.43043454  183.43043454
  163.04927515  224.19275333  101.90579697  285.33623151  142.66811575
  183.43043454 1882.70959896  101.90579697  101.90579697   61.14347818
   40.76231879   81.52463757  101.90579697   40.76231879   61.14347818
   81.52463757  835.62753513  149.39526378  149.39526378  119.51621102
  119.51621102   89.63715827  119.51621102  149.39526378  239.03242204
   89.63715827   59.75810551   29.87905276   29.87905276   29.87905276
   59.75810551   29.87905276   59.75810551    0.            0.
   77.88437555    0.            0.            0.            0.
    0.            0.            0.            0.            0.        ]
