[  81.64509281  134.9334171    72.65645536   62.27696174   72.65645536
   51.89746812   93.41544261  217.96936609  249.10784696  153.92788466
   54.48774678   65.38529614   43.59019743   43.59019743   43.59019743
   54.48774678   21.79509871   76.2828455    54.48774678  108.97549357
 1390.79973664 1531.1056846  1378.53999361  569.39695388  228.84853649
   94.61524083   70.96143062   47.30762041   59.13452552  130.09595614
  141.92286124  106.44214593   59.13452552   47.30762041   70.96143062
  153.74976635  106.44214593  212.88429187 1982.48496799  606.12888656
 1150.16652133 1020.07056519  878.14770394  959.45767653   59.13452552
  146.63819984   66.6537272    53.32298176  106.64596352  119.97670896
  106.64596352  106.64596352  106.64596352  133.3074544   146.63819984
   53.32298176   79.98447264   93.31521808  159.96894528 4640.76575634
  799.84472641   53.32298176   66.6537272    66.6537272   683.20070381
  159.96894528  789.84666733  736.52368557   93.31521808   94.95476206
   47.47738103  110.78055574  110.78055574   47.47738103   31.65158735
   31.65158735   31.65158735   63.30317471   94.95476206  126.60634942
   79.12896838   94.95476206  427.29642928 3305.61265427   79.12896838
   31.65158735   31.65158735   47.47738103   47.47738103   47.47738103
   47.47738103  585.55436605   94.95476206   81.52463757   40.76231879
  101.90579697   40.76231879   81.52463757   81.52463757   81.52463757
   61.14347818  101.90579697   20.38115939  122.28695636   40.76231879
  101.90579697 2127.28351168   81.52463757   61.14347818   40.76231879
   20.38115939   40.76231879   20.38115939   20.38115939   20.38115939
   40.76231879  713.34057877  119.51621102  119.51621102   59.75810551
   59.75810551   29.87905276   59.75810551   59.75810551   59.75810551
   29.87905276   59.75810551   29.87905276    0.            0.
   29.87905276    0.            0.            0.            0.
   77.88437555    0.            0.            0.            0.
    0.            0.            0.            0.            0.        ]
