[  81.64509281  145.31291073  103.79493623   93.41544261   93.41544261
   72.65645536  114.17442986  188.12832192  280.24632783  175.72298338
   87.18039485   98.07794421   87.18039485   76.2828455    76.2828455
   76.2828455    32.69264807   98.07794421   65.38529614  141.66814164
 1050.25131924  972.60628008 1016.1964775   449.52391096  272.43873392
   94.61524083  106.44214593   82.78833573  106.44214593  212.88429187
  236.53810207  212.88429187  106.44214593   82.78833573  118.26905104
  177.40357655  106.44214593  165.57667145 3608.68441974 1235.91158333
 1933.69898444 1482.79822737 1425.14206499 1256.60866726   82.78833573
  146.63819984  106.64596352   93.31521808  186.63043616  213.29192704
  173.29969072  186.63043616  186.63043616  226.62267248  239.95341792
   79.98447264  119.97670896   79.98447264  133.3074544  1429.72244845
 1228.09492367   93.31521808  106.64596352  106.64596352 1621.35191415
  348.26572462 2116.25583862 1406.39364393  119.97670896  110.78055574
   79.12896838  174.08373045  189.90952412  110.78055574   47.47738103
   63.30317471   47.47738103  110.78055574  174.08373045  221.56111148
  110.78055574   79.12896838  269.03849251 2067.24429905   94.95476206
   63.30317471   63.30317471   79.12896838  110.78055574   79.12896838
   79.12896838 1109.7837816   158.25793677  183.43043454   81.52463757
  163.04927515   81.52463757  142.66811575  142.66811575  142.66811575
  122.28695636  163.04927515   61.14347818  203.81159393   81.52463757
  122.28695636 1161.72608542   81.52463757   81.52463757   40.76231879
   40.76231879   61.14347818   61.14347818   40.76231879   40.76231879
   81.52463757 1039.43912906  119.51621102  149.39526378   89.63715827
  119.51621102   89.63715827   89.63715827  119.51621102  119.51621102
   29.87905276   29.87905276   29.87905276   29.87905276   29.87905276
   59.75810551   29.87905276   29.87905276    0.            0.
   77.88437555    0.            0.            0.            0.
    0.            0.            0.            0.            0.        ]
