[  61.23381961  124.55392348   72.65645536   62.27696174   62.27696174
   51.89746812   93.41544261  198.50781555  249.10784696  143.03033531
   54.48774678   76.2828455    54.48774678   43.59019743   43.59019743
   54.48774678   21.79509871   76.2828455    54.48774678  141.66814164
 1729.98596036 1913.88210575 1627.82143514  504.01165774  228.84853649
   94.61524083   82.78833573   59.13452552   70.96143062  141.92286124
  141.92286124  130.09595614   70.96143062   59.13452552   70.96143062
  141.92286124  106.44214593  189.23048166 2563.48168121  879.62606708
 1744.46850278 1506.45203757 1354.18063436 1339.39700298   70.96143062
  133.3074544    79.98447264   53.32298176  133.3074544   146.63819984
  119.97670896  133.3074544   119.97670896  159.96894528  159.96894528
   53.32298176   79.98447264   93.31521808  159.96894528 2701.1422948
 1068.12597839   66.6537272    93.31521808   93.31521808  909.82337629
  199.9611816   991.47419211  963.14635805   93.31521808   94.95476206
   63.30317471  126.60634942  126.60634942   63.30317471   31.65158735
   31.65158735   15.82579368   63.30317471  110.78055574  142.43214309
   63.30317471   94.95476206  379.81904825 3895.12346874   79.12896838
   47.47738103   47.47738103   63.30317471   79.12896838   63.30317471
   63.30317471  633.03174708  126.60634942   81.52463757   61.14347818
  122.28695636   40.76231879   81.52463757  101.90579697  101.90579697
   81.52463757  122.28695636   40.76231879  122.28695636   61.14347818
  101.90579697 2287.7851419   101.90579697   81.52463757   40.76231879
   20.38115939   40.76231879   40.76231879   20.38115939   20.38115939
   61.14347818  876.38985391  119.51621102  149.39526378   59.75810551
   89.63715827   59.75810551   59.75810551   89.63715827   89.63715827
   29.87905276   59.75810551   29.87905276    0.            0.
   29.87905276    0.           29.87905276    0.            0.
   77.88437555    0.            0.            0.            0.
    0.            0.            0.            0.            0.        ]
