[ 256.4166196   573.46702269  384.04126406  229.64629642  260.78477729
  259.48734058  311.3848087   563.08752906  727.86199033  491.75191472
  219.3131808   228.84853649  196.15588842  185.25833906  175.72298338
  185.25833906  108.97549357  272.43873392  152.56569099  239.74608585
 3284.24893735 2659.00204301 2494.17660899  964.43311806  677.01025378
  248.36500718  248.36500718  177.40357655  261.67027542  603.17216028
  626.82597049  533.6890928   248.36500718  189.23048166   94.61524083
  510.03528259  272.01881738  579.51835008 2148.06163944 1117.64253229
 2813.32505152 4129.0682443  5156.53062518 2992.20699122  201.05738676
  308.2734883   226.62267248  253.28416336  521.56541534  573.22205392
  494.90392446  546.56056304  481.57317902  586.55279936  599.8835448
  186.63043616  253.28416336  306.60714512  359.93012688 4094.20519329
 1469.71468477  133.3074544   213.29192704  213.29192704 2317.8833634
  521.56541534 2462.85522006 1901.2975684   334.93497918  427.29642928
  174.08373045  458.94801663  506.42539766  332.34166722  174.08373045
  189.90952412  158.25793677  316.51587354  474.77381031  508.40362187
  253.21269883  300.69007986  951.52584483 2480.69315886  205.7353178
  142.43214309  158.25793677  174.08373045  316.51587354  205.7353178
  174.08373045 1586.53581611  381.79727246  570.67246301  264.95507211
  448.38550665  203.81159393  366.86086908  366.86086908  326.09855029
  326.09855029  387.24202847  203.81159393  450.93315158  244.57391272
  305.7173909  1778.25615707  183.43043454  163.04927515  101.90579697
  101.90579697  122.28695636  183.43043454  101.90579697  122.28695636
  163.04927515 2415.16738811  239.03242204  268.9114748   239.03242204
  209.15336929  179.27431653  239.03242204  239.03242204  328.66958031
  119.51621102  119.51621102   89.63715827   89.63715827   89.63715827
  119.51621102   89.63715827  149.39526378   77.88437555    0.
  155.76875111   77.88437555    0.           77.88437555   77.88437555
    0.            0.            0.            0.           77.88437555]
