[ 102.05636601  228.34885971  145.31291073  124.55392348  124.55392348
  103.79493623  186.83088522  395.71819439  435.93873218  186.62053273
  130.77059228  141.66814164  119.87304292  108.97549357   98.07794421
   98.07794421   54.48774678  130.77059228   98.07794421  261.54118456
 2977.75536169 3391.86223724 2766.61534291  963.07092439  457.69707298
  141.92286124  153.74976635  106.44214593  141.92286124  283.84572249
  283.84572249  260.19191228  118.26905104   94.61524083  165.57667145
  224.71119697  165.57667145  248.36500718 4511.96429703 1460.6227803
 3799.39326454 5807.01040588 4288.7314632  2029.79258841  130.09595614
  213.29192704  133.3074544   133.3074544   228.28901566  266.6149088
  239.95341792  239.95341792  226.62267248  279.94565424  279.94565424
  106.64596352  159.96894528  133.3074544   226.62267248 3865.91617763
 2139.58464314  146.63819984  173.29969072  186.63043616 4514.12367466
  694.86510607 1832.97749801 1191.43537371  159.96894528  142.43214309
   94.95476206  237.38690515  237.38690515  142.43214309   63.30317471
   79.12896838   79.12896838  142.43214309  221.56111148  253.21269883
  126.60634942  142.43214309  474.77381031 3863.47188138  158.25793677
  110.78055574  110.78055574  126.60634942  221.56111148  142.43214309
  110.78055574  617.2059534   205.7353178   203.81159393  122.28695636
  224.19275333  101.90579697  183.43043454  203.81159393  183.43043454
  163.04927515  224.19275333   81.52463757  244.57391272  122.28695636
  183.43043454 2782.02825719  142.66811575  122.28695636   81.52463757
   81.52463757  101.90579697  101.90579697   61.14347818   81.52463757
  101.90579697 1100.58260724  179.27431653  209.15336929  149.39526378
  149.39526378  119.51621102  149.39526378  149.39526378  149.39526378
   59.75810551   89.63715827   59.75810551   29.87905276   59.75810551
   89.63715827   59.75810551   59.75810551   77.88437555    0.
  155.76875111    0.            0.           77.88437555    0.
    0.            0.            0.            0.           77.88437555]
