[ 214.31836862  385.33870077  207.58987247  176.4513916   197.21037884
  197.21037884  259.48734058  511.19006095  613.68756048  295.5960263
  185.25833906  196.15588842  163.46324035  141.66814164  141.66814164
  141.66814164   87.18039485  228.84853649  130.77059228  283.33628327
 3021.34555912 3774.6386584  3009.08581609 1073.40861163  577.5701159
  165.57667145  212.88429187  141.92286124  177.40357655  342.980248
  342.980248    308.97789583  165.57667145  141.92286124   70.96143062
  403.59313666  212.88429187  532.21072966 2872.45957704 2066.75166686
 4594.75263276 3919.14067871 1379.31280771 1410.35843361  141.92286124
  213.29192704  186.63043616  173.29969072  293.27639968  306.60714512
  266.6149088   279.94565424  266.6149088   319.93789056  346.59938144
  146.63819984  186.63043616  253.28416336  319.93789056 2514.51185864
 1376.39946669  133.3074544   173.29969072  173.29969072 1459.71662569
  268.28125198 1286.41693497 1164.77388283  239.95341792  269.03849251
  142.43214309  269.03849251  269.03849251  158.25793677   79.12896838
   94.95476206   79.12896838  158.25793677  253.21269883  332.34166722
  189.90952412  253.21269883  935.70005115 2828.86061975  142.43214309
   94.95476206  110.78055574  126.60634942  158.25793677  126.60634942
  110.78055574  949.54762062  237.38690515  285.33623151  163.04927515
  244.57391272  122.28695636  224.19275333  224.19275333  183.43043454
   81.52463757  244.57391272  101.90579697  264.95507211  163.04927515
  224.19275333 2596.05017772  142.66811575  122.28695636   81.52463757
   81.52463757   81.52463757  142.66811575   61.14347818   81.52463757
  101.90579697 1143.89257095  209.15336929  209.15336929  149.39526378
  149.39526378  119.51621102  149.39526378  119.51621102   59.75810551
   89.63715827   89.63715827   59.75810551   59.75810551   59.75810551
   89.63715827   59.75810551   59.75810551   77.88437555    0.
   77.88437555    0.            0.           77.88437555    0.
    0.            0.            0.            0.           77.88437555]
