[  81.64509281  145.31291073  103.79493623   93.41544261  103.79493623
   72.65645536  114.17442986  240.02579004  301.00531508  186.62053273
   98.07794421  108.97549357   87.18039485   76.2828455    76.2828455
   76.2828455    32.69264807   98.07794421   54.48774678   98.07794421
  732.86019423  929.01608265  994.40137879  656.57734874  316.02893134
   94.61524083  118.26905104   82.78833573   94.61524083  212.88429187
  224.71119697  201.05738676   94.61524083   70.96143062  118.26905104
  177.40357655  106.44214593  153.74976635  888.49624591  487.85983552
 1292.08938257 1055.5512805  1828.73520165 1827.25683851   82.78833573
  146.63819984  106.64596352   93.31521808  173.29969072  199.9611816
  173.29969072  186.63043616  173.29969072  226.62267248  239.95341792
   79.98447264  119.97670896   79.98447264  133.3074544  1764.65742763
  706.52950833   53.32298176   93.31521808   93.31521808 1124.78164651
  226.62267248 1366.40140761 1164.77388283  119.97670896  126.60634942
   79.12896838  174.08373045  174.08373045   94.95476206   47.47738103
   47.47738103   47.47738103  110.78055574  174.08373045  221.56111148
  110.78055574   94.95476206  269.03849251 1240.34657943   63.30317471
   47.47738103   63.30317471   63.30317471  126.60634942   79.12896838
   79.12896838 1159.23938684  158.25793677  183.43043454   81.52463757
  163.04927515   61.14347818  122.28695636  122.28695636  142.66811575
  122.28695636  163.04927515   61.14347818  203.81159393   81.52463757
  122.28695636 1388.46648367   61.14347818   81.52463757   40.76231879
   40.76231879   40.76231879   81.52463757   20.38115939   40.76231879
   81.52463757  978.29565088  119.51621102  149.39526378   89.63715827
   89.63715827   59.75810551   89.63715827   89.63715827  119.51621102
   29.87905276   29.87905276   29.87905276    0.            0.
   59.75810551   29.87905276   29.87905276    0.            0.
   77.88437555    0.            0.            0.            0.
    0.            0.            0.            0.           77.88437555]
