[ 183.70145882  312.6822454   176.4513916   176.4513916   186.83088522
  155.69240435  249.10784696  426.85667526  529.35417479  295.5960263
  163.46324035  174.36078971  141.66814164  130.77059228  130.77059228
  130.77059228   76.2828455   207.05343778  130.77059228  261.54118456
 3119.42350333 2943.70051995 1792.64686916  645.67979938  578.93230957
  165.57667145  201.05738676  130.09595614  165.57667145  342.980248
  342.980248    297.15099073  153.74976635  130.09595614   59.13452552
  403.59313666  212.88429187  532.21072966 3812.69853278 1413.31515988
 4108.37116037 2564.96004435 1497.58185875 1672.02870902  141.92286124
  186.63043616  173.29969072  159.96894528  268.28125198  306.60714512
  266.6149088   266.6149088   266.6149088   346.59938144  373.26087232
  133.3074544   173.29969072  239.95341792  319.93789056 3799.26245043
 2499.51477002  146.63819984  173.29969072  173.29969072 1018.13568299
  253.28416336 1243.09201229 1418.05804619  226.62267248  253.21269883
  142.43214309  269.03849251  269.03849251  158.25793677   79.12896838
   94.95476206   63.30317471  158.25793677  269.03849251  318.49409775
  174.08373045  253.21269883  872.39687644 5165.14341131  174.08373045
  110.78055574  110.78055574  126.60634942  142.43214309  126.60634942
  110.78055574 1491.58105405  237.38690515  285.33623151  163.04927515
  264.95507211  101.90579697  203.81159393  203.81159393  203.81159393
  183.43043454  244.57391272  101.90579697  285.33623151  142.66811575
  244.57391272 3230.41376384  163.04927515  122.28695636   81.52463757
   81.52463757   81.52463757  101.90579697   61.14347818   81.52463757
  122.28695636 1920.92427282  239.03242204  268.9114748   149.39526378
  149.39526378  119.51621102  149.39526378  179.27431653  209.15336929
   89.63715827  119.51621102   59.75810551   59.75810551   59.75810551
   89.63715827   59.75810551   89.63715827   77.88437555    0.
   77.88437555    0.            0.           77.88437555    0.
    0.            0.            0.            0.           77.88437555]
