[ 163.29018562  302.30275178  207.58987247  176.4513916   186.83088522
  155.69240435  228.34885971  437.23616888  529.35417479  295.5960263
  174.36078971  174.36078971  141.66814164  130.77059228  130.77059228
  130.77059228   65.38529614  185.25833906  108.97549357  207.05343778
 1445.28748342 1946.57475382 1400.33509232  754.65529295  523.08236912
  177.40357655  201.05738676  130.09595614  153.74976635  319.3264378
  319.3264378   285.32408562  153.74976635  118.26905104   59.13452552
  391.76623156  189.23048166  461.24929904 1612.89418351  879.62606708
 1340.87536612 1400.00989164 2115.53765041 2718.70981069  153.74976635
  186.63043616  173.29969072  159.96894528  241.6197611   279.94565424
  253.28416336  266.6149088   253.28416336  319.93789056  346.59938144
  119.97670896  146.63819984  239.95341792  279.94565424 3102.73100118
 1911.29562748  119.97670896  133.3074544   133.3074544  1204.76611915
  481.57317902 2596.16267446 2757.79796292  226.62267248  269.03849251
  142.43214309  253.21269883  253.21269883  158.25793677   79.12896838
   94.95476206   79.12896838  158.25793677  269.03849251  316.51587354
  174.08373045  221.56111148  775.46389017 3671.58413305  126.60634942
   94.95476206   94.95476206  110.78055574  174.08373045  126.60634942
  126.60634942 1270.01994257  316.51587354  264.95507211  163.04927515
  224.19275333  101.90579697  203.81159393  203.81159393  203.81159393
  183.43043454  244.57391272  101.90579697  264.95507211  142.66811575
  224.19275333 1612.659237    142.66811575  101.90579697   61.14347818
   61.14347818   81.52463757  142.66811575   61.14347818   81.52463757
  101.90579697 1760.4226426   179.27431653  209.15336929  149.39526378
  149.39526378  119.51621102  149.39526378  179.27431653  179.27431653
   89.63715827   89.63715827   59.75810551   29.87905276   29.87905276
   89.63715827   59.75810551   89.63715827   77.88437555    0.
   77.88437555    0.            0.           77.88437555    0.
    0.            0.            0.            0.           77.88437555]
