[ 122.46763921  219.26680279  166.07189797  145.31291073  145.31291073
  114.17442986  186.83088522  406.09768801  456.69771943  219.3131808
  152.56569099  152.56569099  130.77059228  119.87304292  108.97549357
  108.97549357   54.48774678  152.56569099  108.97549357  250.6436352
 2879.67741748 4398.52335906 2713.4897898  1172.84874951  468.59462233
  153.74976635  165.57667145  130.09595614  153.74976635  307.49953269
  307.49953269  272.01881738  130.09595614   94.61524083  177.40357655
  248.36500718  177.40357655  272.01881738 3966.44829913 1769.60067613
 4868.24981328 3061.6900587  4027.06118778 2825.15195663  141.92286124
  226.62267248  146.63819984  146.63819984  279.94565424  279.94565424
  253.28416336  266.6149088   253.28416336  293.27639968  293.27639968
  106.64596352  186.63043616  146.63819984  226.62267248 3504.31970757
 2326.2150793   159.96894528  186.63043616  199.9611816  4729.08194488
  668.20361519 2839.44877874 1861.30533207  186.63043616  158.25793677
  110.78055574  253.21269883  253.21269883  158.25793677   79.12896838
   94.95476206   79.12896838  158.25793677  237.38690515  284.86428619
  174.08373045  142.43214309  506.42539766 3465.84881525  158.25793677
  110.78055574  110.78055574  142.43214309  269.03849251  142.43214309
  126.60634942  759.63809649  221.56111148  224.19275333  122.28695636
  244.57391272  101.90579697  203.81159393  203.81159393  203.81159393
  183.43043454  244.57391272  101.90579697  264.95507211  142.66811575
  183.43043454 2534.90669954  142.66811575  142.66811575   81.52463757
   81.52463757  101.90579697  101.90579697   81.52463757   81.52463757
  101.90579697 1100.58260724  179.27431653  179.27431653  149.39526378
  149.39526378  119.51621102  149.39526378  149.39526378  179.27431653
   59.75810551   89.63715827   59.75810551   59.75810551   59.75810551
   89.63715827   59.75810551   59.75810551   77.88437555    0.
   77.88437555    0.            0.           77.88437555    0.
    0.            0.            0.            0.           77.88437555]
