[ 122.46763921  271.16427091  176.4513916   176.4513916   145.31291073
  124.55392348  259.48734058  531.94904819  570.87214928  230.21073016
  163.46324035  174.36078971  163.46324035  152.56569099  152.56569099
  130.77059228   87.18039485  141.66814164  141.66814164  316.02893134
 2342.97311167 2635.84475063 2460.12176725  777.81258533  414.10687555
  177.40357655  201.05738676  153.74976635  189.23048166  402.11477352
  413.94167863  368.11242135  189.23048166  153.74976635  224.71119697
  344.45861114  224.71119697  378.46096332 5045.65338983 2507.30388197
 4535.61810724 4844.59600307 2721.66653697 1315.74319278  141.92286124
  268.28125198  186.63043616  186.63043616  359.93012688  373.26087232
  308.2734883   346.59938144  308.2734883   426.58385408  453.24534496
  159.96894528  226.62267248  199.9611816   293.27639968 6302.10990681
 2661.15005848  174.9660339   213.29192704  199.9611816  1031.46642843
  334.93497918 1752.99302537 1204.76611915  213.29192704  205.7353178
  142.43214309  316.51587354  332.34166722  205.7353178   110.78055574
  126.60634942   94.95476206  205.7353178   348.16746089  413.44885981
  205.7353178   205.7353178   617.2059534  5277.90219126  221.56111148
  142.43214309  142.43214309  142.43214309  158.25793677  142.43214309
  126.60634942 1078.13219424  253.21269883  326.09855029  183.43043454
  305.7173909   142.66811575  264.95507211  264.95507211  244.57391272
  244.57391272  305.7173909   142.66811575  366.86086908  183.43043454
  224.19275333 3640.58459663  203.81159393  163.04927515  101.90579697
  101.90579697  101.90579697  101.90579697   81.52463757  101.90579697
  122.28695636 1370.6329692   239.03242204  268.9114748   179.27431653
  179.27431653  149.39526378  179.27431653  209.15336929  239.03242204
   89.63715827  149.39526378   89.63715827   59.75810551   59.75810551
   89.63715827   59.75810551   89.63715827   77.88437555    0.
   77.88437555    0.            0.           77.88437555    0.
    0.            0.            0.            0.           77.88437555]
