[  81.64509281  145.31291073  103.79493623   93.41544261   93.41544261
   72.65645536  103.79493623  228.34885971  280.24632783  175.72298338
   87.18039485  108.97549357   87.18039485   76.2828455    76.2828455
   76.2828455    32.69264807   98.07794421   65.38529614  108.97549357
  711.06509552  918.11853329  852.73323715  623.88470067  294.23383263
   94.61524083  118.26905104   82.78833573   94.61524083  224.71119697
  236.53810207  212.88429187  106.44214593   82.78833573  118.26905104
  177.40357655  106.44214593  153.74976635 1292.08938257  606.12888656
 1506.45203757 1281.7408406  1342.35372926 2040.14113037   82.78833573
  146.63819984  106.64596352   93.31521808  186.63043616  199.9611816
  173.29969072  186.63043616  173.29969072  226.62267248  239.95341792
   79.98447264  119.97670896   79.98447264  133.3074544  1711.33444587
  786.51398097   79.98447264   93.31521808   93.31521808 1393.06289849
  239.95341792 1486.37811657 1218.09686459  119.97670896  126.60634942
   79.12896838  174.08373045  174.08373045   94.95476206   47.47738103
   47.47738103   47.47738103  110.78055574  174.08373045  221.56111148
   94.95476206   79.12896838  269.03849251 1988.11533067   79.12896838
   63.30317471   63.30317471   79.12896838  126.60634942   79.12896838
   79.12896838 1206.71676787  158.25793677  183.43043454   81.52463757
  163.04927515   61.14347818  142.66811575  142.66811575  142.66811575
  122.28695636  163.04927515   61.14347818  203.81159393   81.52463757
  122.28695636 1324.77536057   81.52463757   81.52463757   40.76231879
   40.76231879   61.14347818   81.52463757   40.76231879   40.76231879
   81.52463757  978.29565088  119.51621102  149.39526378   89.63715827
   89.63715827   89.63715827   89.63715827  119.51621102  119.51621102
   29.87905276   29.87905276   29.87905276    0.            0.
   59.75810551   29.87905276   29.87905276    0.            0.
   77.88437555    0.            0.            0.            0.
    0.            0.            0.            0.            0.        ]
