[ 153.08454902  312.6822454   207.58987247  186.83088522  145.31291073
  124.55392348  259.48734058  500.81056732  518.97468117  273.80092758
  174.36078971  207.05343778  174.36078971  174.36078971  174.36078971
  163.46324035   98.07794421  163.46324035  141.66814164  294.23383263
 2069.17218409 2987.29071738 2285.76097755  732.86019423  457.69707298
  212.88429187  212.88429187  165.57667145  212.88429187  449.42239394
  473.07620414  439.07385197  212.88429187  177.40357655  272.01881738
  379.93932645  236.53810207  413.94167863 3692.9511186  2708.36126873
 6386.52875595 5639.95537129 2519.13078707 1374.8777183   153.74976635
  308.2734883   199.9611816   199.9611816   361.59647006  399.9223632
  348.26572462  386.59161776  361.59647006  466.5760904   519.89907216
  186.63043616  266.6149088   226.62267248  306.60714512 5257.31273294
 2754.46527656  161.63528846  226.62267248  226.62267248 1821.31309575
  601.54988798 2356.20925654 1284.75059179  239.95341792  237.38690515
  158.25793677  332.34166722  348.16746089  221.56111148  110.78055574
  142.43214309  110.78055574  237.38690515  395.64484192  460.92624084
  221.56111148  237.38690515  712.16071546 3879.29767506  221.56111148
  142.43214309  142.43214309  158.25793677  221.56111148  174.08373045
  142.43214309 1127.58779948  269.03849251  387.24202847  203.81159393
  326.09855029  163.04927515  285.33623151  285.33623151  285.33623151
  264.95507211  346.47970969  163.04927515  387.24202847  203.81159393
  264.95507211 3087.74564809  203.81159393  163.04927515  101.90579697
  101.90579697  122.28695636  122.28695636   81.52463757  101.90579697
  122.28695636 1452.15760677  239.03242204  298.79052755  209.15336929
  209.15336929  179.27431653  209.15336929  209.15336929  268.9114748
  119.51621102  149.39526378   89.63715827   59.75810551   59.75810551
  119.51621102   59.75810551  119.51621102   77.88437555    0.
  155.76875111   77.88437555    0.           77.88437555    0.
    0.            0.            0.            0.           77.88437555]
