[  81.64509281  145.31291073  103.79493623   93.41544261   93.41544261
   72.65645536  103.79493623  291.92325816  301.00531508  175.72298338
   87.18039485  108.97549357   87.18039485   76.2828455    76.2828455
   76.2828455    32.69264807   98.07794421   65.38529614  108.97549357
  756.01748661  929.01608265  863.63078651  612.98715131  294.23383263
   94.61524083  118.26905104   82.78833573   94.61524083  224.71119697
  236.53810207  212.88429187  106.44214593   70.96143062  118.26905104
  189.23048166  106.44214593  153.74976635 2313.6383109  1212.25777312
 1636.54799371 1329.04846102 1259.56539354 1933.69898444   82.78833573
  146.63819984  106.64596352   93.31521808  186.63043616  199.9611816
  173.29969072  186.63043616  186.63043616  226.62267248  239.95341792
   79.98447264  119.97670896   93.31521808  133.3074544  2232.89986122
 1001.47225119   79.98447264  106.64596352  106.64596352 2129.58658406
  241.6197611  1419.72438937 1231.42761003  119.97670896  126.60634942
   79.12896838  174.08373045  174.08373045  110.78055574   47.47738103
   63.30317471   47.47738103  110.78055574  189.90952412  221.56111148
   94.95476206   79.12896838  269.03849251 2304.63120421   94.95476206
   63.30317471   63.30317471   79.12896838  126.60634942   79.12896838
   79.12896838 1222.54256154  158.25793677  163.04927515  101.90579697
  163.04927515   61.14347818  142.66811575  142.66811575  142.66811575
  142.66811575  163.04927515   61.14347818  183.43043454   81.52463757
  122.28695636 1345.15651996   81.52463757   81.52463757   40.76231879
   40.76231879   61.14347818   61.14347818   40.76231879   40.76231879
   81.52463757 1039.43912906  119.51621102  149.39526378   89.63715827
  119.51621102   89.63715827   89.63715827  119.51621102  119.51621102
   29.87905276   59.75810551   29.87905276   29.87905276   29.87905276
   59.75810551   29.87905276   29.87905276    0.            0.
   77.88437555    0.            0.            0.            0.
    0.            0.            0.            0.            0.        ]
