[ 408.22546404  927.66724258  529.35417479  302.30275178  509.89262424
  467.07721305  415.17974493  729.15942704 1009.40575487  777.81258533
  306.49357565  523.08236912 1069.32203062  884.06369155  459.05926665
  261.54118456  174.36078971  501.2872704   239.74608585  370.51667812
 3559.4120586  3939.46409241 5098.69090522 1215.07675326  950.81118136
  366.63405821  354.80715311  962.41440281 1519.75730581 3323.36033412
 3394.32176474 3196.22110425 1030.41910715  413.94167863  141.92286124
  901.80151415  508.55691946  721.44121132 5592.64775087 2899.07011352
 6460.44691285 6484.10072306 5215.6651507  2017.9656833   260.19191228
  601.54988798  586.55279936 1378.06580987 2181.24322264  559.89130848
  481.57317902  506.56832672  468.24243358  613.21429024 3102.73100118
  641.54212431  906.49068993  559.89130848  519.89907216 5912.18560269
 1241.42566911  319.93789056  399.9223632   426.58385408 2759.4643061
  763.18517645 3199.37890563 2047.93576824  534.89616078  664.68333443
  712.16071546  759.63809649  506.42539766  348.16746089  174.08373045
  205.7353178   174.08373045  350.1456851   490.59960399 2686.42847666
 1000.98145007  555.8810029  1141.43536895 4737.84698204  381.79727246
  411.4706356   332.34166722  332.34166722  490.59960399  395.64484192
  300.69007986 2445.08512309  476.75203452  815.24637573 1388.46648367
  652.19710059  244.57391272  387.24202847  349.02735461  366.86086908
  346.47970969  428.00434726  224.19275333  471.31431097  815.24637573
  509.52898483 3803.63387178  366.86086908  305.7173909   183.43043454
  163.04927515  183.43043454  407.62318787  183.43043454  244.57391272
  285.33623151 2043.21122918  358.54863306  388.42768582  298.79052755
  268.9114748   239.03242204  268.9114748   298.79052755  358.54863306
  239.03242204  268.9114748   179.27431653  149.39526378  149.39526378
  209.15336929  149.39526378  239.03242204  155.76875111   77.88437555
  233.65312666   77.88437555   77.88437555  155.76875111  155.76875111
   77.88437555   77.88437555   77.88437555   77.88437555  155.76875111]
