[ 225.7997098   447.61566251  249.10784696  198.50781555  219.26680279
  217.96936609  280.24632783  521.56955457  686.34401584  350.08377308
  186.62053273  261.54118456  228.84853649  207.05343778  197.51808209
  174.36078971  108.97549357  250.6436352   141.66814164  272.43873392
 2868.77986813 4398.52335906 3807.33130647 1260.02914436  621.16031333
  177.40357655  248.36500718  190.7088448   249.84337031  496.73001435
  473.07620414  450.90075708  236.53810207  177.40357655   82.78833573
  450.90075708  248.36500718  567.69144497 2789.67124132 2316.59503717
 4608.057901   5427.07107942 1924.82880561 1173.82033153  153.74976635
  279.94565424  239.95341792  253.28416336  361.59647006  373.26087232
  294.94274286  333.268636    294.94274286  399.9223632   466.5760904
  186.63043616  226.62267248  279.94565424  359.93012688 2969.42354678
 1483.04543021  134.97379758  199.9611816   213.29192704 2222.90180214
  334.93497918 1646.34706185  963.14635805  254.95050654  316.51587354
  189.90952412  316.51587354  316.51587354  189.90952412   79.12896838
  110.78055574   79.12896838  189.90952412  316.51587354  413.44885981
  253.21269883  300.69007986  999.00322586 2907.98958814  174.08373045
  126.60634942  142.43214309  158.25793677  237.38690515  158.25793677
  126.60634942  999.00322586  237.38690515  387.24202847  244.57391272
  285.33623151  142.66811575  244.57391272  244.57391272  244.57391272
  224.19275333  285.33623151  122.28695636  326.09855029  203.81159393
  264.95507211 2883.93405416  163.04927515  142.66811575  101.90579697
   81.52463757  101.90579697  163.04927515   81.52463757  101.90579697
  122.28695636 1059.82028845  239.03242204  239.03242204  179.27431653
  179.27431653  149.39526378  179.27431653  179.27431653  209.15336929
  119.51621102  119.51621102   89.63715827   59.75810551   59.75810551
   89.63715827   59.75810551   89.63715827   77.88437555    0.
   77.88437555   77.88437555    0.           77.88437555    0.
    0.            0.            0.            0.           77.88437555]
