[ 214.31836862  478.75414338  332.14379595  271.16427091  228.34885971
  197.21037884  342.52328957  614.98499718  674.66708551  405.93371353
  273.80092758  283.33628327  239.74608585  228.84853649  208.41563145
  207.05343778  119.87304292  207.05343778  185.25833906  326.9264807
 4051.16397332 4845.32288268 2648.10449366 1182.38410519  633.42005635
  295.67262759  331.1533429   202.5357499   261.67027542  603.17216028
  626.82597049  557.34290301  272.01881738  224.71119697  106.44214593
  545.5159979   319.3264378   579.51835008 6413.13929244 2839.93558801
 5734.57061212 2362.42429445 1913.00190051 2384.59974152  201.05738676
  428.25019726  279.94565424  279.94565424  508.2346699   559.89130848
  494.90392446  519.89907216  481.57317902  613.21429024  639.87578113
  226.62267248  319.93789056  359.93012688  453.24534496 4629.10135408
 2674.48080392  239.95341792  293.27639968  266.6149088  2196.24031126
  348.26572462 1309.74573949 1284.75059179  321.60423374  348.16746089
  205.7353178   474.77381031  522.25119134  348.16746089  174.08373045
  205.7353178   158.25793677  332.34166722  522.25119134  587.53259026
  332.34166722  363.99325457 1046.48060689 3784.342913    269.03849251
  189.90952412  205.7353178   205.7353178   363.99325457  205.7353178
  158.25793677 1270.01994257  300.69007986  550.29130362  285.33623151
  489.14782544  244.57391272  448.38550665  410.17083279  407.62318787
  387.24202847  468.76666605  224.19275333  491.69547036  285.33623151
  326.09855029 4050.75542942  244.57391272  203.81159393  142.66811575
  142.66811575  142.66811575  264.95507211  101.90579697  142.66811575
  163.04927515 1182.10724481  298.79052755  388.42768582  328.66958031
  268.9114748   239.03242204  298.79052755  268.9114748   388.42768582
  149.39526378  179.27431653  119.51621102   89.63715827   89.63715827
  149.39526378   89.63715827  149.39526378  155.76875111   77.88437555
  155.76875111   77.88437555    0.          155.76875111   77.88437555
    0.            0.            0.           77.88437555   77.88437555]
