[ 327.85607581  844.6312936   498.21569392  302.30275178  478.75414338
  394.42075769  404.80025131  708.40043979  967.88778037  689.26999681
  306.49357565  448.16171729  905.85879027  577.5701159   317.39112501
  272.43873392  163.46324035  435.90197426  239.74608585  435.90197426
 4236.42231238 5273.05169493 3588.01812566 1467.08258213  918.11853329
  354.80715311  366.63405821  759.87865291 1342.35372926 2907.94029235
 3049.8631536  1283.21920374  532.21072966  390.28786842  141.92286124
  783.53246311  473.07620414  603.17216028 4239.94547965 1651.33162509
 4167.50568589 6294.8702414  6593.49959527 3990.10210933  295.67262759
  561.55765166  399.9223632  1204.76611915 2716.13938342 2006.27718874
  601.54988798  586.55279936  628.21137887 2487.85036776 2567.8348404
  348.26572462  799.84472641  493.23758128  493.23758128 4695.75508128
 1228.09492367  306.60714512  439.91459952  453.24534496 3054.40704896
  883.16188541 3509.31873711 2959.4254877   508.2346699   585.55436605
  601.38015972 2237.37158108  553.90277869  363.99325457  189.90952412
  237.38690515  205.7353178   348.16746089  585.55436605 2607.29950828
  874.37510065  476.75203452  967.3516385  2670.60268298  397.62306613
  411.4706356   363.99325457  363.99325457  348.16746089  443.12222295
  332.34166722 2844.68641343  636.9881955   733.72173816 1266.17952731
  509.52898483  285.33623151  407.62318787  369.408514    366.86086908
  366.86086908  448.38550665  244.57391272  634.36358612  774.48405695
  529.91014423 2942.52988741  366.86086908  326.09855029  224.19275333
  163.04927515  203.81159393  326.09855029  224.19275333  305.7173909
  326.09855029 3887.70615428  358.54863306  448.18579133  328.66958031
  298.79052755  268.9114748   298.79052755  328.66958031  388.42768582
  209.15336929  268.9114748   209.15336929  179.27431653  179.27431653
  209.15336929  179.27431653  298.79052755  233.65312666   77.88437555
  233.65312666   77.88437555   77.88437555  233.65312666  155.76875111
  155.76875111   77.88437555   77.88437555  155.76875111  155.76875111]
