[  81.64509281  155.69240435  114.17442986  103.79493623  103.79493623
   83.03594899  114.17442986  281.54376453  321.76430232  197.51808209
   98.07794421  108.97549357   87.18039485   76.2828455    76.2828455
   76.2828455    32.69264807   98.07794421   54.48774678   98.07794421
  743.75774359 1016.1964775  1136.06952043  721.96264488  326.9264807
  106.44214593  118.26905104   70.96143062   82.78833573  212.88429187
  224.71119697  201.05738676   94.61524083   70.96143062  130.09595614
  177.40357655   94.61524083  153.74976635  912.15005612  450.90075708
  984.58984988 1079.20509071 2767.49579425 1553.75965799   82.78833573
  146.63819984  106.64596352   79.98447264  173.29969072  199.9611816
  173.29969072  186.63043616  173.29969072  226.62267248  239.95341792
   79.98447264  119.97670896   93.31521808  119.97670896 1174.77194191
  466.5760904    39.99223632   79.98447264   93.31521808 1058.12791931
  239.95341792 1621.35191415 1138.11239195  119.97670896  126.60634942
   79.12896838  158.25793677  174.08373045   94.95476206   47.47738103
   47.47738103   47.47738103  110.78055574  174.08373045  221.56111148
  110.78055574   94.95476206  284.86428619 1097.91443634   63.30317471
   47.47738103   47.47738103   63.30317471  110.78055574   79.12896838
   79.12896838 1159.23938684  174.08373045  183.43043454   81.52463757
  142.66811575   61.14347818  122.28695636  122.28695636  142.66811575
  122.28695636  163.04927515   61.14347818  183.43043454   81.52463757
  122.28695636 1345.15651996   61.14347818   61.14347818   40.76231879
   20.38115939   40.76231879   81.52463757   20.38115939   40.76231879
   61.14347818 1019.05796967  119.51621102  119.51621102   89.63715827
   89.63715827   59.75810551   89.63715827   89.63715827  119.51621102
   29.87905276   29.87905276   29.87905276    0.            0.
   59.75810551   29.87905276   29.87905276    0.            0.
   77.88437555    0.            0.            0.            0.
    0.            0.            0.            0.            0.        ]
