[ 193.90709542  374.95920714  228.34885971  177.7488283   217.96936609
  197.21037884  301.00531508  521.56955457  655.20553497  328.28867437
  196.15588842  217.95098713  185.25833906  174.36078971  174.36078971
  163.46324035   98.07794421  217.95098713  141.66814164  261.54118456
 2889.21277317 3983.05428984 3653.4034218  1358.10708857  666.11270442
  189.23048166  224.71119697  177.40357655  236.53810207  484.90310925
  473.07620414  427.24694687  212.88429187  153.74976635   70.96143062
  415.42004176  224.71119697  484.90310925 3123.78131049 1473.92804854
 2695.05600049 5011.65103766 5085.56919456 3490.41536871  189.23048166
  228.28901566  213.29192704  226.62267248  401.58870638  413.25310864
  321.60423374  346.59938144  321.60423374  439.91459952  493.23758128
  159.96894528  186.63043616  266.6149088   319.93789056 3184.38181701
 1001.47225119  133.3074544   199.9611816   213.29192704 2786.12579698
  736.52368557 4272.50391355 3026.0792149   268.28125198  300.69007986
  174.08373045  363.99325457  332.34166722  205.7353178   110.78055574
  110.78055574   94.95476206  189.90952412  332.34166722  397.62306613
  205.7353178   253.21269883  838.76706488 1908.98636228  174.08373045
  110.78055574  126.60634942  158.25793677  221.56111148  189.90952412
  174.08373045 2892.16379446  460.92624084  326.09855029  224.19275333
  305.7173909   142.66811575  244.57391272  244.57391272  244.57391272
  224.19275333  264.95507211  122.28695636  326.09855029  203.81159393
  285.33623151 2328.54746069  163.04927515  142.66811575   81.52463757
   81.52463757  122.28695636  142.66811575  101.90579697  122.28695636
  163.04927515 3169.27028566  209.15336929  179.27431653  179.27431653
  179.27431653  149.39526378  179.27431653  209.15336929  209.15336929
  119.51621102  119.51621102   89.63715827   59.75810551   59.75810551
  119.51621102   89.63715827  149.39526378   77.88437555    0.
  155.76875111    0.            0.           77.88437555   77.88437555
    0.            0.            0.            0.           77.88437555]
