[ 297.23916601  718.77993341  446.3182258   219.26680279  291.92325816
  352.90278319  373.66177044  677.26195892  831.65692657  634.78225002
  273.80092758  305.13138199  457.69707298  283.33628327  208.41563145
  207.05343778  130.77059228  381.41422748  196.15588842  305.13138199
 2518.69609505 4647.80480059 2919.1810339  1062.51106227  851.37104349
  331.1533429   272.01881738  427.24694687  974.24130791 2183.54235476
 2278.15759558 1080.68345384  354.80715311  201.05738676  106.44214593
  700.74412739  402.11477352  591.34525518 1756.29540789 1212.25777312
 2303.28976893 3905.83541047 5036.783211   3551.02825736  260.19191228
  468.24243358  253.28416336  829.83890365 1967.9512956  2152.91538858
 1981.28204104 2057.93382732 1766.32377081 1296.41499405  866.49845361
  266.6149088   599.8835448   373.26087232  426.58385408 2474.51962232
 1041.46448751  201.62752478  373.26087232  359.93012688 2049.60211142
  601.54988798 3964.23042525 3214.37599425  414.91945182  522.25119134
  316.51587354 1634.01319714 1760.61954656  379.81904825  205.7353178
  221.56111148  189.90952412  348.16746089 1984.15888225 1366.95292885
  777.44211438  395.64484192  951.52584483 1875.35655072  348.16746089
  253.21269883  300.69007986  316.51587354  284.86428619  379.81904825
  284.86428619 1649.83899082  508.40362187  652.19710059  815.24637573
  937.53333209  244.57391272  387.24202847  346.47970969  326.09855029
  305.7173909   366.86086908  244.57391272 1903.09075835  652.19710059
  407.62318787 2680.12246022  285.33623151  285.33623151  224.19275333
  142.66811575  183.43043454  224.19275333  163.04927515  264.95507211
  285.33623151 3230.41376384  298.79052755  358.54863306  268.9114748
  239.03242204  179.27431653  209.15336929  268.9114748   746.97631888
  179.27431653  239.03242204  179.27431653  149.39526378  149.39526378
  179.27431653  149.39526378  239.03242204  155.76875111   77.88437555
  155.76875111   77.88437555   77.88437555  155.76875111   77.88437555
    0.            0.           77.88437555   77.88437555  155.76875111]
