[ 256.4166196   573.46702269  321.76430232  250.40528366  291.92325816
  269.86683421  332.14379595  646.12347805  884.85183139  469.956816
  241.10827951  316.02893134  403.20932619  305.13138199  241.10827951
  217.95098713  130.77059228  316.02893134  185.25833906  359.61912877
 4258.2174111  5734.83534892 3840.02395454 1292.72179243  785.98574735
  260.19191228  295.67262759  344.45861114  592.82361832 1280.26247747
 1315.74319278  771.70555801  354.80715311  224.71119697  106.44214593
  592.82361832  342.980248    567.69144497 4168.98404903 1688.29070354
 3787.56635943 6176.60119036 6427.92292382 3978.27520423  248.36500718
  348.26572462  279.94565424  521.56541534 1163.10753965 1068.12597839
  574.8883971   559.89130848  588.21914254 1228.09492367 1108.11821471
  253.28416336  386.59161776  399.9223632   426.58385408 4162.52526367
 1174.77194191  188.29677934  306.60714512  319.93789056 4394.1469657
 1003.13859437 4085.87347739 3092.7329421   401.58870638  395.64484192
  284.86428619  983.17743218  522.25119134  316.51587354  158.25793677
  189.90952412  158.25793677  300.69007986  553.90277869 1190.89097419
  474.77381031  379.81904825  904.0484638  2496.51895254  284.86428619
  221.56111148  237.38690515  253.21269883  379.81904825  300.69007986
  253.21269883 2955.46696917  476.75203452  509.52898483  591.05362241
  448.38550665  224.19275333  366.86086908  366.86086908  346.47970969
  326.09855029  407.62318787  203.81159393  552.83894854  428.00434726
  428.00434726 2720.88477901  264.95507211  224.19275333  142.66811575
  142.66811575  163.04927515  264.95507211  142.66811575  203.81159393
  244.57391272 3745.03803852  298.79052755  328.66958031  268.9114748
  268.9114748   239.03242204  268.9114748   298.79052755  328.66958031
  179.27431653  179.27431653  149.39526378  119.51621102  119.51621102
  179.27431653  119.51621102  209.15336929  155.76875111   77.88437555
  155.76875111   77.88437555   77.88437555  155.76875111   77.88437555
    0.            0.           77.88437555   77.88437555  155.76875111]
