[  81.64509281  155.69240435  103.79493623   93.41544261   93.41544261
   72.65645536  124.55392348  260.78477729  290.62582145  175.72298338
   87.18039485  108.97549357   87.18039485   76.2828455    76.2828455
   76.2828455    32.69264807   98.07794421   76.2828455   207.05343778
 2167.2501283  2494.17660899 2526.86925706  941.27582568  272.43873392
  106.44214593  118.26905104   70.96143062   94.61524083  212.88429187
  224.71119697  201.05738676   94.61524083   82.78833573  106.44214593
  177.40357655  130.09595614  189.23048166 2968.55318101 1354.18063436
 2539.827871   2386.07810465 2210.15289124 2077.10020882  106.44214593
  159.96894528  106.64596352   93.31521808  186.63043616  199.9611816
  173.29969072  186.63043616  173.29969072  226.62267248  226.62267248
   79.98447264  119.97670896  106.64596352  159.96894528 3357.68150773
 1696.33735725   93.31521808  119.97670896  133.3074544  1553.03184377
  334.93497918 1912.96197066 1861.30533207  133.3074544   126.60634942
   79.12896838  174.08373045  189.90952412  110.78055574   47.47738103
   63.30317471   63.30317471  110.78055574  174.08373045  205.7353178
  110.78055574   94.95476206  332.34166722 2367.93437891  110.78055574
   79.12896838   79.12896838   94.95476206  110.78055574   94.95476206
   94.95476206 1062.30640057  205.7353178   163.04927515  101.90579697
  163.04927515   81.52463757  142.66811575  142.66811575  142.66811575
  122.28695636  183.43043454   61.14347818  183.43043454   81.52463757
  142.66811575 2083.97354797  101.90579697  101.90579697   61.14347818
   61.14347818   61.14347818   81.52463757   40.76231879   61.14347818
   81.52463757 1306.9418461   149.39526378  179.27431653  119.51621102
  119.51621102   89.63715827  119.51621102  119.51621102  119.51621102
   29.87905276   59.75810551   29.87905276   29.87905276   29.87905276
   59.75810551   29.87905276   59.75810551    0.            0.
   77.88437555    0.            0.            0.            0.
    0.            0.            0.            0.           77.88437555]
