[  71.43945621  124.55392348   72.65645536   51.89746812   62.27696174
   51.89746812   93.41544261  198.50781555  238.72835334  143.03033531
   54.48774678   76.2828455    54.48774678   43.59019743   43.59019743
   54.48774678   21.79509871   76.2828455    54.48774678  119.87304292
 1630.54582248 1792.64686916 1574.69588203  482.21655903  228.84853649
   94.61524083   82.78833573   35.48071531   59.13452552  130.09595614
  153.74976635  130.09595614   59.13452552   59.13452552   70.96143062
  141.92286124  106.44214593  189.23048166 2195.36925986  819.01317843
 1565.58656309 1400.00989164 1187.12559978 1244.78176216   70.96143062
  133.3074544    79.98447264   53.32298176  119.97670896  133.3074544
  106.64596352  119.97670896  106.64596352  133.3074544   146.63819984
   53.32298176   79.98447264   93.31521808  146.63819984 4174.18966593
  974.81076031   53.32298176   79.98447264   79.98447264  816.50815821
  173.29969072  843.16964909  843.16964909   93.31521808   94.95476206
   47.47738103  110.78055574  126.60634942   63.30317471   31.65158735
   31.65158735   31.65158735   63.30317471  110.78055574  126.60634942
   79.12896838   79.12896838  395.64484192 3879.29767506   79.12896838
   47.47738103   47.47738103   63.30317471   63.30317471   47.47738103
   47.47738103  601.38015972  110.78055574   81.52463757   61.14347818
  122.28695636   40.76231879   81.52463757   81.52463757  101.90579697
   61.14347818  122.28695636   40.76231879  122.28695636   61.14347818
  101.90579697 2308.16630129  101.90579697   61.14347818   40.76231879
   20.38115939   40.76231879   20.38115939   20.38115939   20.38115939
   61.14347818  815.24637573  119.51621102  119.51621102   59.75810551
   89.63715827   59.75810551   59.75810551   59.75810551   89.63715827
   29.87905276   59.75810551   29.87905276    0.            0.
   29.87905276    0.           29.87905276    0.            0.
   77.88437555    0.            0.            0.            0.
    0.            0.            0.            0.            0.        ]
