[  81.64509281  134.9334171    93.41544261   83.03594899   93.41544261
   72.65645536  103.79493623  250.40528366  259.48734058  164.82543402
   87.18039485   98.07794421   76.2828455    65.38529614   65.38529614
   76.2828455    32.69264807   87.18039485   65.38529614  185.25833906
 2769.33973025 2165.88793463 1047.5269319   645.67979938  239.74608585
   94.61524083  106.44214593   70.96143062   94.61524083  201.05738676
  224.71119697  201.05738676   94.61524083   70.96143062  106.44214593
  165.57667145   94.61524083  153.74976635 1339.39700298 1212.25777312
 2315.11667403 1173.82033153 1651.33162509 1660.20180392   82.78833573
  133.3074544    93.31521808   79.98447264  173.29969072  199.9611816
  173.29969072  186.63043616  173.29969072  213.29192704  226.62267248
   79.98447264  106.64596352   79.98447264  133.3074544  1336.40723037
  879.82919905   79.98447264  106.64596352  106.64596352 1326.40917129
  348.26572462 2262.89403846 1473.04737113  106.64596352  110.78055574
   63.30317471  158.25793677  174.08373045   94.95476206   47.47738103
   47.47738103   47.47738103  110.78055574  174.08373045  205.7353178
  110.78055574   79.12896838  253.21269883 2383.76017259   79.12896838
   63.30317471   63.30317471   79.12896838  126.60634942   79.12896838
   79.12896838 1062.30640057  158.25793677  163.04927515   81.52463757
  163.04927515   61.14347818  142.66811575  142.66811575  142.66811575
  122.28695636  163.04927515   61.14347818  183.43043454   61.14347818
  122.28695636 1161.72608542   81.52463757   81.52463757   40.76231879
   40.76231879   61.14347818   61.14347818   40.76231879   40.76231879
   81.52463757  998.67681027  119.51621102  149.39526378   89.63715827
  119.51621102   89.63715827   89.63715827   89.63715827  119.51621102
   29.87905276   29.87905276   29.87905276    0.           29.87905276
   59.75810551   29.87905276   29.87905276    0.            0.
   77.88437555    0.            0.            0.            0.
    0.            0.            0.            0.           77.88437555]
