[  71.43945621  134.9334171    72.65645536   51.89746812   62.27696174
   51.89746812   93.41544261  198.50781555  249.10784696  153.92788466
   54.48774678   65.38529614   43.59019743   43.59019743   43.59019743
   54.48774678   21.79509871   76.2828455    54.48774678  108.97549357
 1456.18503278 1585.59343139 1422.13019104  602.08960195  228.84853649
   94.61524083   70.96143062   35.48071531   47.30762041  130.09595614
  141.92286124  106.44214593   59.13452552   59.13452552   70.96143062
  153.74976635  106.44214593  212.88429187 2006.1387782   617.95579166
 1185.64723664 1067.3781856   879.62606708  983.11148674   59.13452552
  133.3074544    66.6537272    53.32298176  119.97670896  119.97670896
  106.64596352  106.64596352  106.64596352  133.3074544   146.63819984
   53.32298176   79.98447264   93.31521808  159.96894528 4840.72693794
  826.50621729   66.6537272    66.6537272    66.6537272   709.86219469
  159.96894528  816.50815821  749.85443101   93.31521808   94.95476206
   47.47738103  110.78055574  110.78055574   47.47738103   31.65158735
   31.65158735   31.65158735   63.30317471   94.95476206  126.60634942
   79.12896838   94.95476206  427.29642928 3339.24246584   63.30317471
   47.47738103   31.65158735   47.47738103   47.47738103   47.47738103
   47.47738103  585.55436605   94.95476206   81.52463757   40.76231879
  101.90579697   40.76231879   81.52463757   81.52463757   81.52463757
   61.14347818  101.90579697   20.38115939  122.28695636   61.14347818
  101.90579697 2185.87934493   81.52463757   61.14347818   40.76231879
   20.38115939   40.76231879   20.38115939   20.38115939   20.38115939
   40.76231879  733.72173816  119.51621102  119.51621102   59.75810551
   59.75810551   29.87905276   59.75810551   59.75810551   59.75810551
   29.87905276   59.75810551   29.87905276    0.            0.
   29.87905276    0.            0.            0.            0.
    0.            0.            0.            0.            0.
    0.            0.            0.            0.            0.        ]
