[  81.64509281  176.4513916   114.17442986  103.79493623  114.17442986
   83.03594899  134.9334171   302.30275178  342.52328957  219.3131808
   98.07794421  108.97549357   76.2828455    76.2828455    76.2828455
   76.2828455    32.69264807   98.07794421   54.48774678  108.97549357
  897.68562825 1213.71455959 1912.51991208  743.75774359  359.61912877
  106.44214593  118.26905104   82.78833573   94.61524083  212.88429187
  236.53810207  212.88429187  106.44214593   82.78833573  130.09595614
  177.40357655  106.44214593  153.74976635  746.57338467  439.07385197
 1280.26247747 1601.0672784  1924.82880561 1244.78176216   94.61524083
  159.96894528  106.64596352   93.31521808  173.29969072  199.9611816
  173.29969072  186.63043616  186.63043616  239.95341792  239.95341792
   79.98447264  133.3074544    93.31521808  133.3074544   881.49554223
  479.90683584   53.32298176   93.31521808   93.31521808 1004.80493755
  334.93497918 1754.65936855 1084.78941019  119.97670896  126.60634942
   79.12896838  174.08373045  174.08373045   94.95476206   47.47738103
   63.30317471   63.30317471  110.78055574  189.90952412  221.56111148
   94.95476206   94.95476206  300.69007986  953.50406904   63.30317471
   47.47738103   63.30317471   63.30317471   94.95476206   79.12896838
   79.12896838 1030.65481321  142.43214309  203.81159393   81.52463757
  163.04927515   61.14347818  142.66811575  142.66811575  142.66811575
  122.28695636  163.04927515   61.14347818  203.81159393   81.52463757
  122.28695636 1653.42155578   61.14347818   61.14347818   40.76231879
   40.76231879   61.14347818   61.14347818   20.38115939   40.76231879
   61.14347818 1080.20144785  119.51621102  149.39526378   89.63715827
   89.63715827   59.75810551   89.63715827  119.51621102  119.51621102
   29.87905276   29.87905276   29.87905276    0.            0.
   59.75810551   29.87905276   29.87905276    0.            0.
   77.88437555    0.            0.            0.            0.
    0.            0.            0.            0.            0.        ]
