[ 102.05636601  198.50781555  134.9334171   124.55392348  134.9334171
  103.79493623  186.83088522  447.61566251  529.35417479  164.82543402
  119.87304292  141.66814164  119.87304292  108.97549357  108.97549357
  108.97549357   54.48774678  141.66814164  108.97549357  207.05343778
 2342.97311167 2626.30939494 1759.95422109  656.57734874  337.82403005
  130.09595614  153.74976635  118.26905104  141.92286124  295.67262759
  295.67262759  272.01881738  130.09595614  106.44214593  165.57667145
  272.01881738  189.23048166  295.67262759 3277.53107684 2887.24320842
 4321.25545223 2551.65477611 2304.76813207 1185.64723664  106.44214593
  226.62267248  133.3074544   133.3074544   228.28901566  266.6149088
  239.95341792  239.95341792  239.95341792  293.27639968  306.60714512
  119.97670896  173.29969072  146.63819984  253.28416336 6033.82865483
 2071.26457276  146.63819984  173.29969072  159.96894528 1433.05513481
  226.62267248  911.48971947 1029.80008525  173.29969072  158.25793677
  110.78055574  237.38690515  237.38690515  142.43214309   63.30317471
   79.12896838   63.30317471  142.43214309  237.38690515  300.69007986
  142.43214309  158.25793677  522.25119134 5070.18864925  174.08373045
  110.78055574   94.95476206  110.78055574  126.60634942  110.78055574
   94.95476206  981.19920797  221.56111148  224.19275333  122.28695636
  224.19275333  101.90579697  183.43043454  183.43043454  183.43043454
  163.04927515  224.19275333   81.52463757  244.57391272  101.90579697
  183.43043454 3413.84419838  163.04927515  122.28695636   81.52463757
   81.52463757   81.52463757   81.52463757   40.76231879   61.14347818
   81.52463757 1141.34492603  209.15336929  239.03242204  149.39526378
  149.39526378  119.51621102  119.51621102  149.39526378  179.27431653
   59.75810551  119.51621102   59.75810551   59.75810551   29.87905276
   59.75810551   29.87905276   59.75810551   77.88437555    0.
   77.88437555    0.            0.           77.88437555    0.
    0.            0.            0.            0.           77.88437555]
