[  81.64509281  166.07189797  114.17442986  103.79493623  103.79493623
   72.65645536  134.9334171   364.57971352  363.28227682  197.51808209
   98.07794421   98.07794421   87.18039485   76.2828455    76.2828455
   76.2828455    32.69264807   98.07794421   54.48774678  119.87304292
  984.8660231  1618.28607946 1606.02633643  623.88470067  370.51667812
  106.44214593  118.26905104   82.78833573   94.61524083  212.88429187
  224.71119697  189.23048166   94.61524083   70.96143062  118.26905104
  177.40357655   94.61524083  153.74976635  876.66934081  546.99436104
 1447.31751206 2600.44075966 1580.37019447  994.93839184   82.78833573
  159.96894528  106.64596352   79.98447264  173.29969072  199.9611816
  159.96894528  173.29969072  159.96894528  199.9611816   213.29192704
   66.6537272   119.97670896   93.31521808  133.3074544  1134.77970559
  506.56832672   39.99223632   93.31521808   93.31521808 1486.37811657
  468.24243358 1566.36258921  789.84666733  119.97670896  110.78055574
   79.12896838  174.08373045  174.08373045   94.95476206   47.47738103
   47.47738103   47.47738103   94.95476206  158.25793677  189.90952412
   94.95476206   94.95476206  332.34166722 1271.99816678   63.30317471
   47.47738103   47.47738103   63.30317471  110.78055574   79.12896838
   79.12896838  917.89603326  142.43214309  183.43043454   81.52463757
  163.04927515   61.14347818  122.28695636  122.28695636  122.28695636
  101.90579697  142.66811575   40.76231879  163.04927515   61.14347818
  142.66811575 1798.63731646   61.14347818   61.14347818   40.76231879
   40.76231879   40.76231879   61.14347818   20.38115939   40.76231879
   61.14347818  978.29565088  119.51621102  149.39526378   89.63715827
   89.63715827   59.75810551   89.63715827   89.63715827  119.51621102
   29.87905276   29.87905276   29.87905276    0.            0.
   59.75810551   29.87905276    0.            0.            0.
   77.88437555    0.            0.            0.            0.
    0.            0.            0.            0.           77.88437555]
