[ 346.99164444  855.01078722  518.97468117  312.6822454   489.133637
  404.80025131  446.3182258   751.21585099  988.64676762  711.06509552
  317.39112501  523.08236912  950.81118136  719.23825754  339.18622372
  294.23383263  174.36078971  457.69707298  250.6436352   457.69707298
 4301.80760852 4879.37772442 3696.99361923 1719.08841101  961.70873072
  354.80715311  378.46096332  830.84008353 1389.66134968 2992.20699122
 3168.13220463 2125.88619238  591.34525518  449.42239394  141.92286124
  795.35936822  484.90310925  626.82597049 3799.39326454 1568.54328937
 6161.81755898 6735.42245651 6238.69244216 4312.38527341  307.49953269
  574.8883971   453.24534496 1244.75835547 2797.79019924 1751.32668219
  561.55765166  573.22205392  548.22690622 2259.5613521  3036.07727398
  388.25796094  839.83696273  493.23758128  506.56832672 4922.37775376
 1229.76126685  306.60714512  453.24534496  466.5760904  6067.15551843
  763.18517645 3800.92879361 2879.44101506  548.22690622  617.2059534
  648.85754075 2316.50054946  553.90277869  363.99325457  189.90952412
  221.56111148  205.7353178   348.16746089  553.90277869 2702.25427034
  906.02668801  492.57782819  999.00322586 2894.14201867  413.44885981
  427.29642928  379.81904825  379.81904825  363.99325457  458.94801663
  348.16746089 2540.03988515  587.53259026  754.10289755 1327.32300549
  509.52898483  264.95507211  428.00434726  369.408514    387.24202847
  366.86086908  448.38550665  244.57391272  552.83894854  794.86521634
  550.29130362 3291.55724202  387.24202847  326.09855029  203.81159393
  163.04927515  203.81159393  326.09855029  224.19275333  305.7173909
  326.09855029 3704.27571974  388.42768582  448.18579133  328.66958031
  298.79052755  268.9114748   298.79052755  358.54863306  388.42768582
  239.03242204  268.9114748   209.15336929  179.27431653  179.27431653
  239.03242204  179.27431653  298.79052755  233.65312666  155.76875111
  233.65312666  155.76875111   77.88437555  233.65312666  155.76875111
   77.88437555   77.88437555  155.76875111  155.76875111  233.65312666]
