[ 122.46763921  229.64629642  166.07189797  145.31291073  155.69240435
  124.55392348  197.21037884  416.47718164  477.45670667  295.5960263
  163.46324035  163.46324035  130.77059228  119.87304292  119.87304292
  119.87304292   54.48774678  141.66814164  108.97549357  250.6436352
 2845.62257574 4596.04144115 2998.18826674 1149.69145712  479.49217169
  165.57667145  177.40357655  118.26905104  153.74976635  319.3264378
  319.3264378   273.49718052  141.92286124  106.44214593  189.23048166
  248.36500718  177.40357655  272.01881738 4143.85187568 1509.40876385
 5697.61153367 3419.45393808 3729.91019705 2955.24791277  141.92286124
  239.95341792  159.96894528  146.63819984  279.94565424  293.27639968
  266.6149088   279.94565424  241.6197611   319.93789056  306.60714512
  119.97670896  186.63043616  146.63819984  239.95341792 4160.85892049
 1722.99884813  159.96894528  186.63043616  213.29192704 4649.09747224
  468.24243358 2677.81349028 2116.25583862  186.63043616  158.25793677
  110.78055574  253.21269883  269.03849251  158.25793677   79.12896838
   94.95476206   79.12896838  158.25793677  253.21269883  300.69007986
  158.25793677  158.25793677  522.25119134 3115.70313015  174.08373045
  110.78055574  126.60634942  142.43214309  300.69007986  142.43214309
  126.60634942  917.89603326  221.56111148  244.57391272  122.28695636
  244.57391272  122.28695636  224.19275333  224.19275333  224.19275333
  203.81159393  244.57391272  101.90579697  264.95507211  122.28695636
  203.81159393 2555.28785894  142.66811575  122.28695636   81.52463757
   81.52463757  101.90579697  122.28695636   81.52463757   81.52463757
  101.90579697 1120.96376663  179.27431653  239.03242204  149.39526378
  179.27431653  149.39526378  179.27431653  179.27431653  179.27431653
   89.63715827   89.63715827   59.75810551   59.75810551   59.75810551
   89.63715827   59.75810551   89.63715827   77.88437555    0.
  155.76875111    0.            0.           77.88437555    0.
    0.            0.            0.            0.           77.88437555]
