[ 142.87891241  302.30275178  197.21037884  167.36933468  145.31291073
  124.55392348  269.86683421  552.70803544  570.87214928  262.90337823
  174.36078971  196.15588842  174.36078971  163.46324035  163.46324035
  152.56569099   98.07794421  152.56569099  141.66814164  305.13138199
 2112.76238151 3030.88091481 2571.82164816  777.81258533  446.79952362
  201.05738676  212.88429187  153.74976635  212.88429187  437.59548883
  449.42239394  403.59313666  201.05738676  165.57667145  248.36500718
  368.11242135  236.53810207  402.11477352 5330.97747546 2578.26531259
 5271.84294994 5224.53532952 2910.89701863 1351.22390809  153.74976635
  294.94274286  199.9611816   199.9611816   374.9272155   399.9223632
  321.60423374  373.26087232  348.26572462  466.5760904   493.23758128
  173.29969072  266.6149088   213.29192704  306.60714512 5725.55516653
 2687.81154936  188.29677934  226.62267248  213.29192704 1219.76320777
  468.24243358 1899.63122522 1271.41984635  239.95341792  221.56111148
  158.25793677  348.16746089  348.16746089  221.56111148  110.78055574
  126.60634942  110.78055574  237.38690515  395.64484192  476.75203452
  237.38690515  221.56111148  680.50912811 4308.57232855  221.56111148
  142.43214309  142.43214309  158.25793677  174.08373045  158.25793677
  142.43214309 1078.13219424  269.03849251  366.86086908  203.81159393
  326.09855029  142.66811575  264.95507211  264.95507211  264.95507211
  244.57391272  326.09855029  163.04927515  428.00434726  183.43043454
  244.57391272 3291.55724202  224.19275333  163.04927515  101.90579697
  101.90579697  122.28695636  122.28695636   81.52463757  101.90579697
  122.28695636 1411.39528799  209.15336929  298.79052755  209.15336929
  179.27431653  179.27431653  209.15336929  209.15336929  268.9114748
  119.51621102  149.39526378   89.63715827   59.75810551   59.75810551
  119.51621102   59.75810551  119.51621102   77.88437555    0.
  155.76875111    0.            0.           77.88437555    0.
    0.            0.            0.            0.           77.88437555]
