[  81.64509281  155.69240435  103.79493623   83.03594899   93.41544261
   72.65645536  124.55392348  260.78477729  259.48734058  175.72298338
   87.18039485   98.07794421   87.18039485   76.2828455    65.38529614
   76.2828455    32.69264807   98.07794421   65.38529614  196.15588842
 3109.88814764 3566.22302695 2340.24872433  754.65529295  239.74608585
  106.44214593  106.44214593   82.78833573   94.61524083  201.05738676
  212.88429187  189.23048166   94.61524083   70.96143062  106.44214593
  177.40357655  118.26905104  177.40357655 2789.67124132  903.27987729
 2254.50378538 2433.38572507 2684.70745852 1815.42993341   94.61524083
  146.63819984  106.64596352   79.98447264  173.29969072  186.63043616
  173.29969072  173.29969072  173.29969072  213.29192704  213.29192704
   79.98447264  106.64596352   93.31521808  146.63819984 3797.59610725
 1028.13374207   79.98447264  106.64596352  119.97670896 1539.70109833
  348.26572462 1887.96682296 1553.03184377  119.97670896  126.60634942
   79.12896838  174.08373045  174.08373045   94.95476206   47.47738103
   47.47738103   31.65158735   94.95476206  158.25793677  189.90952412
   94.95476206   79.12896838  269.03849251 1669.62123292   94.95476206
   63.30317471   63.30317471   79.12896838  142.43214309   94.95476206
   94.95476206 1285.84573625  158.25793677  163.04927515   81.52463757
  163.04927515   61.14347818  122.28695636  142.66811575  142.66811575
  122.28695636  163.04927515   61.14347818  163.04927515   81.52463757
  122.28695636  794.86521634   81.52463757   81.52463757   61.14347818
   40.76231879   61.14347818   81.52463757   40.76231879   40.76231879
   81.52463757 1184.65488974  119.51621102  119.51621102   89.63715827
   89.63715827   59.75810551   89.63715827  119.51621102  119.51621102
   29.87905276   29.87905276   29.87905276   29.87905276   29.87905276
   59.75810551   29.87905276   29.87905276    0.            0.
   77.88437555    0.            0.            0.            0.
    0.            0.            0.            0.            0.        ]
