[  81.64509281  155.69240435  103.79493623   93.41544261   93.41544261
   72.65645536  124.55392348  240.02579004  269.86683421  186.62053273
   98.07794421  108.97549357   87.18039485   76.2828455    76.2828455
   76.2828455    32.69264807   98.07794421   76.2828455   239.74608585
 2605.8764899  3052.67601352 2582.71919752  743.75774359  261.54118456
  106.44214593  118.26905104   82.78833573  106.44214593  212.88429187
  224.71119697  201.05738676   94.61524083   82.78833573  106.44214593
  177.40357655  118.26905104  177.40357655 2706.88290559  974.24130791
 2315.11667403 2612.26766476 2601.9191228  1898.21826913   94.61524083
  159.96894528  106.64596352   93.31521808  186.63043616  199.9611816
  173.29969072  186.63043616  173.29969072  226.62267248  226.62267248
   79.98447264  119.97670896  106.64596352  146.63819984 2004.61084556
 1028.13374207   79.98447264  119.97670896  119.97670896 1634.68265959
  361.59647006 1939.62346154 1659.67780729  133.3074544   126.60634942
   79.12896838  174.08373045  189.90952412  110.78055574   47.47738103
   63.30317471   47.47738103  110.78055574  174.08373045  205.7353178
   94.95476206   79.12896838  284.86428619 1113.74023002   94.95476206
   63.30317471   63.30317471   79.12896838  142.43214309   94.95476206
   94.95476206 1301.67152993  221.56111148  163.04927515   81.52463757
  163.04927515   61.14347818  142.66811575  142.66811575  142.66811575
  122.28695636  163.04927515   61.14347818  163.04927515   81.52463757
  142.66811575  878.93749884   81.52463757   81.52463757   61.14347818
   40.76231879   61.14347818   81.52463757   40.76231879   61.14347818
   81.52463757 1225.41720852  119.51621102  149.39526378   89.63715827
  119.51621102   89.63715827  119.51621102  119.51621102  119.51621102
   29.87905276   29.87905276   29.87905276   29.87905276   29.87905276
   59.75810551   29.87905276   59.75810551    0.            0.
   77.88437555    0.            0.            0.            0.
    0.            0.            0.            0.            0.        ]
