[ 214.31836862  364.57971352  207.58987247  198.50781555  240.02579004
  186.83088522  280.24632783  457.99515613  570.87214928  339.18622372
  174.36078971  196.15588842  174.36078971  163.46324035  174.36078971
  152.56569099   98.07794421  250.6436352   152.56569099  283.33628327
 3940.82628608 4092.02978341 2560.9240988   908.58317761  621.16031333
  189.23048166  212.88429187  153.74976635  212.88429187  437.59548883
  449.42239394  403.59313666  201.05738676  165.57667145   82.78833573
  462.72766218  248.36500718  603.17216028 6330.35095671 3077.95205322
 5082.61246828 2053.44639862 1176.77705781 1422.18533871  153.74976635
  239.95341792  199.9611816   199.9611816   361.59647006  373.26087232
  308.2734883   346.59938144  308.2734883   413.25310864  453.24534496
  159.96894528  199.9611816   279.94565424  359.93012688 3825.92394131
 2446.19178826  161.63528846  213.29192704  199.9611816  1138.11239195
  253.28416336 1124.78164651 1311.41208267  253.28416336  284.86428619
  158.25793677  332.34166722  332.34166722  205.7353178   110.78055574
  126.60634942   94.95476206  205.7353178   316.51587354  381.79727246
  205.7353178   284.86428619  999.00322586 5770.48001946  205.7353178
  126.60634942  142.43214309  142.43214309  158.25793677  142.43214309
  126.60634942 1634.01319714  253.21269883  305.7173909   203.81159393
  305.7173909   142.66811575  264.95507211  244.57391272  244.57391272
  224.19275333  285.33623151  122.28695636  326.09855029  183.43043454
  264.95507211 3413.84419838  183.43043454  163.04927515  101.90579697
   81.52463757  101.90579697  101.90579697   61.14347818  101.90579697
  122.28695636 1676.3503601   239.03242204  268.9114748   179.27431653
  179.27431653  149.39526378  179.27431653  179.27431653  209.15336929
  119.51621102  119.51621102   89.63715827   59.75810551   59.75810551
   89.63715827   59.75810551  119.51621102   77.88437555    0.
  155.76875111    0.            0.           77.88437555    0.
    0.            0.            0.            0.           77.88437555]
