[ 408.22546404  844.6312936   498.21569392  271.16427091  468.37464975
  446.3182258   394.42075769  677.26195892  936.7492995   734.2223879
  273.80092758  557.13721086 1003.93673448  884.06369155  482.21655903
  261.54118456  174.36078971  501.2872704   228.84853649  359.61912877
 3119.42350333 4333.13806292 4136.9821745  1477.98013149  896.32343458
  342.980248    342.980248    879.62606708 1413.31515988 2943.42100766
 2502.86879255 2922.72392373 1150.16652133  413.94167863  141.92286124
  878.14770394  484.90310925  745.09502153 4275.42619496 1853.86737499
 5234.88387149 5011.65103766 2934.55082884 1482.79822737  224.71119697
  561.55765166  613.21429024 1284.75059179 1324.74282811  533.2298176
  454.91168814  493.23758128  441.5809427   573.22205392 2166.24613402
  709.86219469  839.83696273  533.2298176   506.56832672 4535.786136
 2566.16849722  306.60714512  359.93012688  373.26087232 3992.55825931
  641.54212431 2384.5370906  1593.02408009  441.5809427   633.03174708
  743.81230282  538.07698502  474.77381031  300.69007986  174.08373045
  189.90952412  158.25793677  300.69007986  474.77381031 2033.61448749
  937.67827536  540.05520923 1204.73854366 5070.18864925  350.1456851
  348.16746089  284.86428619  284.86428619  300.69007986  332.34166722
  253.21269883 1254.1941489   365.97147878  631.81594119 1306.9418461
  448.38550665  203.81159393  346.47970969  328.64619522  326.09855029
  326.09855029  387.24202847  203.81159393  450.93315158  774.48405695
  468.76666605 3373.08187959  326.09855029  264.95507211  163.04927515
  142.66811575  163.04927515  244.57391272  163.04927515  224.19275333
  224.19275333 1411.39528799  298.79052755  358.54863306  268.9114748
  239.03242204  209.15336929  239.03242204  268.9114748   358.54863306
  209.15336929  239.03242204  149.39526378  119.51621102  119.51621102
  179.27431653  119.51621102  209.15336929  155.76875111   77.88437555
  155.76875111   77.88437555   77.88437555  155.76875111   77.88437555
   77.88437555    0.           77.88437555   77.88437555  155.76875111]
