[  81.64509281  155.69240435  103.79493623   93.41544261   93.41544261
   72.65645536  124.55392348  323.06173903  290.62582145  186.62053273
   98.07794421  108.97549357   87.18039485   76.2828455    76.2828455
   76.2828455    32.69264807   98.07794421   76.2828455   228.84853649
 2649.46668733 2965.49561867 2604.51429623  723.32483854  261.54118456
  106.44214593  118.26905104   82.78833573  106.44214593  212.88429187
  236.53810207  201.05738676   94.61524083   70.96143062  118.26905104
  177.40357655  118.26905104  165.57667145 2612.26766476 1104.33726405
 2338.77048424 2659.57528518 2483.65007176 1815.42993341  106.44214593
  159.96894528  106.64596352   93.31521808  186.63043616  213.29192704
  186.63043616  186.63043616  186.63043616  226.62267248  226.62267248
   79.98447264  119.97670896  106.64596352  146.63819984 1363.06872125
 1054.79523295   79.98447264  119.97670896  133.3074544  1727.99787767
  374.9272155  2019.60793418 1754.65936855  133.3074544   126.60634942
   79.12896838  174.08373045  189.90952412  110.78055574   47.47738103
   63.30317471   47.47738103  110.78055574  174.08373045  205.7353178
  110.78055574   79.12896838  284.86428619 2209.67644214   94.95476206
   63.30317471   63.30317471   94.95476206  142.43214309   94.95476206
   94.95476206 1317.49732361  174.08373045  163.04927515  101.90579697
  163.04927515   81.52463757  142.66811575  142.66811575  142.66811575
  122.28695636  183.43043454   61.14347818  183.43043454   81.52463757
  142.66811575 1001.2244552    81.52463757   81.52463757   61.14347818
   40.76231879   61.14347818   81.52463757   40.76231879   61.14347818
   81.52463757 1245.79836792  149.39526378  149.39526378  119.51621102
  119.51621102   89.63715827  119.51621102  119.51621102  119.51621102
   29.87905276   29.87905276   29.87905276   29.87905276   29.87905276
   59.75810551   29.87905276   59.75810551    0.            0.
   77.88437555    0.            0.            0.            0.
    0.            0.            0.            0.            0.        ]
