[  317.65043921   875.76977447   613.68756048   521.56955457
   614.98499718   384.04126406   539.73366841  1001.62113465
   831.65692657   941.27582568   602.08960195   677.01025378
   566.67256654   435.90197426   382.77642115   392.31177684
   197.51808209   468.59462233   316.02893134   698.80535249
  7598.3162889   9785.99932224  7870.75502281  2891.93716051
   972.60628008   473.07620414   721.44121132   557.34290301
   545.5159979   1042.24601226  1030.41910715   889.97460905
   496.73001435   532.21072966   759.87865291   854.49389374
   508.55691946   709.61430622 11001.97847264  5739.00570153
 12258.5871399  10046.95588552  8080.73291205  6167.73101154
   425.76858373   789.84666733   666.53727201   614.88063342
   829.83890365   868.16479679   763.18517645   839.83696273
   776.51592189   961.48001487  1014.80299663   428.25019726
   759.85249009   546.56056304   574.8883971  11827.70389173
  6005.50082077   493.23758128   546.56056304   559.89130848
  7891.80130054  1338.07357355  5745.55128469  5342.29623512
   521.56541534   538.07698502   427.29642928   775.46389017
   791.28968385   553.90277869   300.69007986   348.16746089
   300.69007986   619.18417761   870.41865223  1000.98145007
   682.48735232   445.10044716   872.39687644  7978.17823739
   508.40362187   363.99325457   381.79727246   443.12222295
   949.54762062   443.12222295   379.81904825  3717.08328987
   684.46557653   591.05362241   550.29130362   754.10289755
   407.62318787   754.10289755   695.5070643    652.19710059
   652.19710059   774.48405695   387.24202847   858.55633944
   611.4347818    570.67246301  3151.43677119   428.00434726
   387.24202847   264.95507211   285.33623151   305.7173909
   654.74474551   244.57391272   326.09855029   326.09855029
  2866.10053969   507.94389684   627.46010786   567.70200235
   507.94389684   507.94389684   567.70200235   537.8229496
   717.09726613   268.9114748    298.79052755   268.9114748
   239.03242204   239.03242204   268.9114748    209.15336929
   358.54863306   311.53750222   233.65312666   389.42187777
   155.76875111   233.65312666   311.53750222   233.65312666
   155.76875111   155.76875111   155.76875111   155.76875111
   233.65312666]
