[  307.44480261   822.57486965   603.30806685   563.08752906
   635.74398443   404.80025131   518.97468117   834.25179997
   717.48249671   854.09543082   634.78225002   775.08819799
   697.44315882   610.26276397   469.956816     425.00442491
   228.84853649   501.2872704    337.82403005   730.13580689
  6985.32913759  8099.6035593   5669.45005278  2607.23868357
   994.40137879   496.73001435   804.22954705   641.60960187
   594.30198146  1636.54799371  1766.64394985  1496.10349561
   662.3066858    662.3066858    830.84008353   901.80151415
   520.38382456   640.13123873  8553.80911619  5798.14022705
 10830.48834864  8074.8194595   6643.76394196  5523.16468339
   437.59548883   723.19294013   759.85249009   856.50039453
  1178.10462827  1751.32668219  1364.73506443  1281.41790543
  1178.10462827  1643.01437549  1309.74573949   614.88063342
   826.50621729   533.2298176    626.54503569 12444.25086834
  5322.30011696   493.23758128   574.8883971    599.8835448
  7731.83235526  1484.71177339  6991.97598334  5395.61921688
   494.90392446   474.77381031   538.07698502  1539.05843508
  1141.43536895   696.33492179   302.66830407   379.81904825
   332.34166722   650.83576496   965.37341429  1986.13710646
   761.6163207    460.92624084   935.70005115 11093.88136754
   555.8810029    427.29642928   429.27465349   490.59960399
   902.07023959   522.25119134   411.4706356   3400.56741633
   635.00997129   529.91014423   957.91449149   815.24637573
   631.81594119   754.10289755   715.88822369   692.95941937
   692.95941937   774.48405695   407.62318787  1533.68224435
   672.57825998   591.05362241  3969.23079185   491.69547036
   448.38550665   285.33623151   285.33623151   326.09855029
   654.74474551   264.95507211   349.02735461   366.86086908
  2371.8574244    567.70200235   746.97631888   631.19498946
   507.94389684   507.94389684   567.70200235   537.8229496
  1225.04116297   298.79052755   358.54863306   298.79052755
   268.9114748    239.03242204   298.79052755   239.03242204
   388.42768582   311.53750222   233.65312666   389.42187777
   311.53750222   233.65312666   311.53750222   233.65312666
   155.76875111   155.76875111   233.65312666   233.65312666
   233.65312666]
