[  489.87055685  1093.73914056   895.23132501   739.53892066
   855.01078722   487.8362003    570.87214928  1313.00594335
   904.31338193  1193.28165455   875.89052954   994.40137879
   806.41865239   479.49217169   415.46906922   479.49217169
   219.3131808    555.77501719   326.9264807    796.8832967
  8056.01336187  8690.7956119   7769.95269126  2935.52735794
  1126.53416474   544.03763477  1030.41910715   748.0517478
   533.6890928    935.80386632   888.49624591   807.18627332
   437.59548883   685.96049601  1068.85654874  1057.02964364
   532.21072966   709.61430622 10931.01704202  5050.08847924
  9973.03772863  9834.07159366  8163.52124777  6333.30768299
   473.07620414   938.15121035   961.48001487   574.8883971
   763.18517645   814.84181503   708.19585151   759.85249009
   696.53144925   854.83405135   908.15703311   374.9272155
  1054.79523295   626.54503569   588.21914254 11267.81258325
  6085.48529341   466.5760904    519.89907216   546.56056304
  8814.95542227  1473.04737113  7045.2989651   5770.54643239
   574.8883971    664.68333443   601.38015972   712.16071546
   743.81230282   506.42539766   269.03849251   332.34166722
   284.86428619   555.8810029    807.11547752   921.85248168
   953.50406904   524.22941555   888.22267012  6674.52848325
   476.75203452   348.16746089   395.64484192   427.29642928
  1107.80555739   443.12222295   379.81904825  3893.14524453
   716.11716388   692.95941937   570.67246301   774.48405695
   387.24202847   713.34057877   613.98242672   631.81594119
   713.34057877   835.62753513   366.86086908   756.65054248
   835.62753513   611.4347818   2720.88477901   410.17083279
   387.24202847   264.95507211   264.95507211   305.7173909
   613.98242672   244.57391272   326.09855029   346.47970969
  2927.24401787   507.94389684   597.58105511   537.8229496
   537.8229496    448.18579133   567.70200235   507.94389684
   776.85537164   328.66958031   328.66958031   268.9114748
   239.03242204   239.03242204   268.9114748    209.15336929
   358.54863306   311.53750222   233.65312666   389.42187777
   311.53750222   233.65312666   311.53750222   233.65312666
   155.76875111   155.76875111   155.76875111   233.65312666
   233.65312666]
