[  204.11273202   500.81056732   280.24632783   240.02579004
   271.16427091   217.96936609   363.28227682   740.83635736
   560.49265566   514.9092071    262.90337823   337.82403005
   283.33628327   272.43873392   241.10827951   228.84853649
   141.66814164   316.02893134   261.54118456   730.13580689
 10772.22753901 10962.93465275  7726.36249384  2792.49702263
   742.39554992   295.67262759   342.980248     261.67027542
   320.80480094   687.43885915   685.96049601   582.47507635
   307.49953269   260.19191228   344.45861114   474.55456728
   378.46096332   532.21072966  9310.73104282  5347.23946997
  9594.57676531  6271.21643119  6427.92292382  5190.53297735
   307.49953269   454.91168814   319.93789056   346.59938144
   628.21137887   666.53727201   534.89616078   586.55279936
   548.22690622   719.86025377   759.85249009   266.6149088
   333.268636     239.95341792   439.91459952 13997.28271211
  8065.10099126   428.25019726   453.24534496   439.91459952
  6120.47850019  1058.12791931  5165.66385804  4004.22266157
   321.60423374   300.69007986   237.38690515   585.55436605
   587.53259026   395.64484192   205.7353178    253.21269883
   221.56111148   445.10044716   648.85754075   714.13893967
   316.51587354   253.21269883   648.85754075  8822.8799749
   429.27465349   300.69007986   316.51587354   332.34166722
   617.2059534    332.34166722   284.86428619  3082.07331859
   381.79727246   305.7173909    346.47970969   570.67246301
   305.7173909    550.29130362   491.69547036   509.52898483
   489.14782544   570.67246301   285.33623151   593.60126733
   305.7173909    366.86086908  2004.99655532   346.47970969
   326.09855029   203.81159393   224.19275333   244.57391272
   308.26503582   183.43043454   244.57391272   244.57391272
  1327.32300549   448.18579133   567.70200235   418.30673857
   388.42768582   388.42768582   418.30673857   418.30673857
   478.06484408   179.27431653   239.03242204   209.15336929
   179.27431653   179.27431653   209.15336929   149.39526378
   239.03242204   233.65312666   155.76875111   311.53750222
   233.65312666   155.76875111   233.65312666   155.76875111
    77.88437555    77.88437555   155.76875111   155.76875111
   233.65312666]
