[  338.06171241   969.18521708   810.89793932   718.77993341
   822.57486965   477.45670667   560.49265566   886.14926809
   862.79540744  1093.84151667   841.8356878    972.60628008
   687.90780314   392.31177684   328.28867437   414.10687555
   207.05343778   490.38972105   294.23383263   588.46766526
  8911.47098637 10371.74260015  7287.73613223  2891.93716051
  1081.58177364   508.55691946   983.11148674   724.3979376
   320.80480094   663.78504894   721.44121132   629.78269677
   390.28786842   449.42239394   986.06821301   937.28222946
   473.07620414   603.17216028 11430.70378265  2532.43605531
  9026.88532034 10310.10452408  8388.23244474  6250.51934726
   437.59548883   856.50039453   933.15218081   374.9272155
   588.21914254   693.19876289   641.54212431   653.20652657
   561.55765166   666.53727201   693.19876289   279.94565424
   988.14150575   546.56056304   559.89130848  9221.54315819
  3490.98896213   386.59161776   426.58385408   466.5760904
  6390.42609535  1298.08133723  7471.88281918  5863.86165047
   521.56541534   617.2059534    443.12222295   569.72857237
   601.38015972   411.4706356    237.38690515   269.03849251
   237.38690515   413.44885981   601.38015972   729.96473335
   906.02668801   476.75203452   824.91949541  6803.11305688
   381.79727246   284.86428619   332.34166722   363.99325457
   775.46389017   379.81904825   363.99325457  4146.35794336
   747.76875124   652.19710059   428.00434726   550.29130362
   387.24202847   550.29130362   532.45778915   489.14782544
   509.52898483   570.67246301   285.33623151   613.98242672
   794.86521634   570.67246301  4094.06539313   369.408514
   326.09855029   224.19275333   224.19275333   264.95507211
   491.69547036   224.19275333   285.33623151   366.86086908
  3087.74564809   478.06484408   537.8229496    418.30673857
   388.42768582   358.54863306   448.18579133   418.30673857
   537.8229496    298.79052755   298.79052755   209.15336929
   179.27431653   209.15336929   239.03242204   209.15336929
   328.66958031   233.65312666   233.65312666   311.53750222
   155.76875111   155.76875111   311.53750222   233.65312666
   155.76875111   155.76875111   155.76875111   155.76875111
   311.53750222]
