[  307.44480261   865.39028084   592.92857323   511.19006095
   583.84651631   384.04126406   498.21569392   844.6312936
   810.89793932   919.48072696   580.29450324   675.64806011
   555.77501719   435.90197426   382.77642115   392.31177684
   197.51808209   446.79952362   326.9264807    720.60045121
  8560.02501962 10044.81611945  7429.40427387  2913.73225922
  1027.09402686   508.55691946   697.78740111   533.6890928
   545.5159979   1102.85890091  1065.89982246   913.62841925
   544.03763477   520.38382456   724.3979376    830.84008353
   508.55691946   709.61430622 10407.67649118  5666.56590777
 12090.05374217  9216.11580199  7486.43093059  6144.07720133
   425.76858373   776.51592189   639.87578113   628.21137887
   869.83113997   908.15703311   776.51592189   866.49845361
   816.50815821  1001.47225119  1054.79523295   428.25019726
   719.86025377   533.2298176    574.8883971  12630.8813045
  6125.47752973   468.24243358   559.89130848   573.22205392
  8265.06217287  1431.38879163  6467.07788163  5049.01983544
   521.56541534   522.25119134   427.29642928   807.11547752
   822.9412712    569.72857237   286.84251039   363.99325457
   316.51587354   635.00997129   886.24444591  1048.4588311
   635.00997129   445.10044716   904.0484638   7756.61712591
   508.40362187   363.99325457   381.79727246   443.12222295
  1076.15397003   458.94801663   379.81904825  3687.40992673
   666.66155864   570.67246301   570.67246301   774.48405695
   407.62318787   774.48405695   715.88822369   672.57825998
   672.57825998   774.48405695   407.62318787   878.93749884
   591.05362241   570.67246301  3171.81793059   428.00434726
   407.62318787   264.95507211   285.33623151   305.7173909
   634.36358612   244.57391272   326.09855029   346.47970969
  2866.10053969   537.8229496    657.33916062   541.55783119
   507.94389684   507.94389684   597.58105511   537.8229496
   717.09726613   268.9114748    298.79052755   268.9114748
   239.03242204   239.03242204   298.79052755   209.15336929
   358.54863306   311.53750222   233.65312666   389.42187777
   155.76875111   233.65312666   311.53750222   233.65312666
   155.76875111   155.76875111   155.76875111     0.
   233.65312666]
