[ 276.8278928   843.33385689  769.37996483  646.12347805  718.77993341
  352.90278319  425.55923856  635.74398443  665.58502859  941.27582568
  743.75774359  294.23383263  185.25833906  185.25833906  164.82543402
  196.15588842  130.77059228  381.41422748  185.25833906  337.82403005
 3963.98357847 3173.91125011 3732.41065464 1347.20953921  829.57594477
  378.46096332  733.26811642  189.23048166  261.67027542  496.73001435
  532.21072966  462.72766218  224.71119697  189.23048166  925.45532436
  771.70555801  354.80715311  437.59548883 4844.59600307 1473.92804854
 2909.41865549 3587.98733581 2459.99626155 3692.9511186   319.3264378
  829.83890365  453.24534496  266.6149088   614.88063342  719.86025377
  441.5809427   453.24534496  428.25019726  599.8835448   626.54503569
  199.9611816   866.49845361  479.90683584  413.25310864 4655.76284496
 2539.50700634  199.9611816   279.94565424  266.6149088  1929.62540246
  454.91168814 1967.9512956  3227.70673969  414.91945182  490.59960399
  174.08373045  522.25119134  743.81230282  316.51587354  158.25793677
  189.90952412  189.90952412  363.99325457  474.77381031  587.53259026
  524.22941555  413.44885981  712.16071546 4896.10491881  269.03849251
  189.90952412  205.7353178   221.56111148  395.64484192  253.21269883
  205.7353178  1841.72673915  508.40362187  509.52898483  244.57391272
  428.00434726  244.57391272  428.00434726  389.7896734   387.24202847
  448.38550665  448.38550665  203.81159393  491.69547036  611.4347818
  387.24202847 3087.74564809  244.57391272  224.19275333  142.66811575
  142.66811575  163.04927515  366.86086908  122.28695636  183.43043454
  224.19275333 2043.21122918  358.54863306 1045.76684643  418.30673857
  717.09726613  328.66958031  328.66958031  268.9114748   418.30673857
  448.18579133  209.15336929  149.39526378  119.51621102  119.51621102
  209.15336929  119.51621102  209.15336929  155.76875111   77.88437555
  233.65312666   77.88437555   77.88437555  155.76875111   77.88437555
    0.            0.           77.88437555   77.88437555  155.76875111]
