[  224.52400522   542.32854182   321.76430232   271.16427091
   312.6822454    249.10784696   384.04126406   688.93888925
   572.16958598   591.1920526    306.49357565   370.51667812
   305.13138199   283.33628327   262.90337823   250.6436352
   141.66814164   316.02893134   261.54118456   742.39554992
  8099.6035593   8053.28897453  8056.01336187  2607.23868357
   753.29309928   331.1533429    366.63405821   273.49718052
   344.45861114   746.57338467   756.92192663   641.60960187
   331.1533429    272.01881738   379.93932645   498.20837749
   378.46096332   544.03763477  7649.05087576  4442.48122955
 10138.61440008  9003.23151013  7986.11767122  5416.72253746
   319.3264378    494.90392446   346.59938144   348.26572462
   694.86510607   693.19876289   601.54988798   653.20652657
   628.21137887   746.52174465   813.17547185   279.94565424
   373.26087232   333.268636     453.24534496  7198.60253766
  6287.11281819   401.58870638   466.5760904    466.5760904
  7488.54625098  1138.11239195  5732.22053925  3187.71450337
   348.26572462   332.34166722   253.21269883   633.03174708
   619.18417761   443.12222295   237.38690515   269.03849251
   237.38690515   476.75203452   696.33492179   761.6163207
   363.99325457   300.69007986   727.98650914 10793.19128768
   397.62306613   284.86428619   332.34166722   363.99325457
   712.16071546   363.99325457   300.69007986  2542.01810936
   381.79727246   346.47970969   387.24202847   611.4347818
   326.09855029   591.05362241   573.22010794   550.29130362
   529.91014423   611.4347818    305.7173909    654.74474551
   326.09855029   407.62318787  2697.95597469   366.86086908
   326.09855029   203.81159393   224.19275333   244.57391272
   448.38550665   203.81159393   264.95507211   244.57391272
  1388.46648367   478.06484408   567.70200235   478.06484408
   448.18579133   418.30673857   448.18579133   418.30673857
   507.94389684   179.27431653   268.9114748    209.15336929
   179.27431653   179.27431653   239.03242204   149.39526378
   239.03242204   233.65312666   155.76875111   311.53750222
   233.65312666   155.76875111   233.65312666   155.76875111
    77.88437555    77.88437555   155.76875111   155.76875111
   233.65312666]
