[  142.87891241   312.6822454    155.69240435   145.31291073
   166.07189797   166.07189797   280.24632783   583.84651631
   456.69771943   667.47489809   163.46324035   207.05343778
   174.36078971   163.46324035   152.56569099   141.66814164
   119.87304292   239.74608585   250.6436352    741.03335625
  9785.99932224  8249.44486295  4770.40223086  1938.40159181
   578.93230957   201.05738676   224.71119697   165.57667145
   190.7088448    425.76858373   437.59548883   368.11242135
   201.05738676   177.40357655   190.7088448    332.63170604
   354.80715311   628.30433363 16256.08106492  5109.22300476
  8811.0443022   5629.60682932  4585.88245393  2053.44639862
   189.23048166   388.25796094   199.9611816    213.29192704
   374.9272155    413.25310864   334.93497918   359.93012688
   334.93497918   439.91459952   466.5760904    173.29969072
   199.9611816    186.63043616   386.59161776 13324.08006739
  5295.63862608   401.58870638   334.93497918   319.93789056
  2612.82610626   508.2346699   1404.72730075  1473.04737113
   214.95827022   221.56111148   174.08373045   379.81904825
   395.64484192   253.21269883   126.60634942   158.25793677
   142.43214309   284.86428619   395.64484192   413.44885981
   205.7353178    205.7353178    506.42539766  8549.88503397
   350.1456851    253.21269883   237.38690515   237.38690515
   379.81904825   237.38690515   174.08373045   872.39687644
   271.01671672   224.19275333   244.57391272   387.24202847
   203.81159393   326.09855029   305.7173909    305.7173909
   326.09855029   366.86086908   183.43043454   407.62318787
   183.43043454   264.95507211  2555.28785894   305.7173909
   264.95507211   183.43043454   183.43043454   163.04927515
   183.43043454   122.28695636   142.66811575   163.04927515
  1266.17952731   448.18579133   388.42768582   268.9114748
   268.9114748    239.03242204   268.9114748    268.9114748
   298.79052755   119.51621102   209.15336929   179.27431653
   149.39526378   119.51621102   149.39526378    89.63715827
   179.27431653   155.76875111    77.88437555   233.65312666
   155.76875111    77.88437555    77.88437555    77.88437555
     0.            77.88437555    77.88437555    77.88437555
   155.76875111]
