[ 236.0053464   698.02094617  613.68756048  468.37464975  552.70803544
  269.86683421  352.90278319  583.84651631  592.92857323  788.71013468
  547.60185517  250.6436352   185.25833906  174.36078971  174.36078971
  174.36078971  108.97549357  316.02893134  152.56569099  294.23383263
 2355.2328547  2189.04522701 2231.27323077 1151.05365079  720.60045121
  331.1533429   532.21072966  189.23048166  260.19191228  520.38382456
  532.21072966  474.55456728  224.71119697  177.40357655  665.26341208
  640.13123873  307.49953269  390.28786842 2956.7262759  1082.16181698
 2066.75166686 2387.55646779 1973.61478917 3100.12750029  272.01881738
  723.19294013  319.93789056  253.28416336  641.54212431  626.54503569
  481.57317902  533.2298176   494.90392446  559.89130848  586.55279936
  186.63043616  639.87578113  399.9223632   359.93012688 3852.58543219
 1483.04543021  148.30454302  239.95341792  239.95341792 3362.68053727
  414.91945182 2999.41772402 2892.7717605   361.59647006  443.12222295
  174.08373045  427.29642928  538.07698502  332.34166722  189.90952412
  221.56111148  174.08373045  334.31989143  458.94801663  540.05520923
  443.12222295  363.99325457  664.68333443 3608.28095834  253.21269883
  158.25793677  189.90952412  205.7353178   443.12222295  237.38690515
  189.90952412 1602.36160979  460.92624084  468.76666605  244.57391272
  468.76666605  407.62318787  692.95941937  410.17083279  366.86086908
  326.09855029  428.00434726  183.43043454  468.76666605  448.38550665
  346.47970969 2924.69637294  203.81159393  203.81159393  122.28695636
  122.28695636  142.66811575  450.93315158  122.28695636  163.04927515
  203.81159393 1920.92427282  298.79052755  388.42768582  687.21821337
  268.9114748   209.15336929  268.9114748   268.9114748   388.42768582
  358.54863306  149.39526378  119.51621102   89.63715827   89.63715827
  179.27431653   89.63715827  179.27431653  155.76875111   77.88437555
  155.76875111   77.88437555    0.          155.76875111   77.88437555
    0.            0.            0.           77.88437555   77.88437555]
