[  317.65043921   844.6312936    717.48249671   625.3644908
   729.15942704   384.04126406   508.59518754   979.5647107
   790.13895207   908.58317761   689.26999681   830.93813844
   566.67256654   316.02893134   284.69847694   370.51667812
   185.25833906   425.00442491   261.54118456   675.64806011
  7641.90648632  9369.16805934  7146.0679906   2650.828881
   994.40137879   402.11477352   816.05645215   486.38147239
   297.15099073   616.47742853   674.13359091   558.82126615
   283.84572249   331.1533429    901.80151415   830.84008353
   437.59548883   532.21072966  9573.87968138  3827.48216416
 10664.91167719  8822.8712073   7427.29640507  6058.33213933
   390.28786842   601.54988798   706.52950833   308.2734883
   548.22690622   586.55279936   534.89616078   559.89130848
   508.2346699    599.8835448    639.87578113   279.94565424
   933.15218081   479.90683584   506.56832672  8178.41232751
  2379.53806106   308.2734883    413.25310864   453.24534496
  7651.84788262  1284.75059179  7018.63747422  5783.87717783
   454.91168814   411.4706356    332.34166722   522.25119134
   648.85754075   411.4706356    205.7353178    237.38690515
   205.7353178    381.79727246   538.07698502   603.35838393
   856.57108276   445.10044716   777.44211438  6532.09634016
   363.99325457   253.21269883   300.69007986   348.16746089
   838.76706488   363.99325457   332.34166722  4130.53214968
   635.00997129   428.00434726   346.47970969   509.52898483
   285.33623151   489.14782544   450.93315158   468.76666605
   509.52898483   509.52898483   244.57391272   552.83894854
   611.4347818    509.52898483  4499.14093608   346.47970969
   285.33623151   203.81159393   224.19275333   244.57391272
   593.60126733   203.81159393   264.95507211   305.7173909
  2741.2659384    448.18579133   507.94389684   418.30673857
   358.54863306   358.54863306   388.42768582   418.30673857
   448.18579133   268.9114748    268.9114748    209.15336929
   179.27431653   179.27431653   239.03242204   179.27431653
   298.79052755   233.65312666   155.76875111   311.53750222
   233.65312666   155.76875111   233.65312666   233.65312666
    77.88437555    77.88437555   155.76875111   155.76875111
   233.65312666]
