[  234.72964182   604.60550356   384.04126406   323.06173903
   364.57971352   259.48734058   404.80025131   614.98499718
   592.92857323   645.67979938   350.08377308   403.20932619
   337.82403005   316.02893134   284.69847694   272.43873392
   152.56569099   326.9264807    261.54118456   566.67256654
  8581.82011833  6584.84419873  7451.19937258  2322.54020663
   829.57594477   378.46096332   425.76858373   297.15099073
   379.93932645   805.70791018   829.36172039   771.70555801
   366.63405821   307.49953269   439.07385197   557.34290301
   390.28786842   567.69144497 10049.9126118   5073.74228945
  8095.51654343  9405.34628365  8009.77148143  5583.77757205
   354.80715311   561.55765166   386.59161776   388.25796094
   723.19294013   788.18032415   683.20070381   746.52174465
   694.86510607   854.83405135   908.15703311   294.94274286
   439.91459952   373.26087232   479.90683584  7705.17086438
  3742.60678231   348.26572462   453.24534496   453.24534496
  7718.50160982  1364.73506443  6965.31449246  4727.4156017
   388.25796094   363.99325457   284.86428619   696.33492179
   712.16071546   474.77381031   253.21269883   300.69007986
   253.21269883   508.40362187   775.46389017   858.54930697
   365.97147878   348.16746089   793.26790806  8427.23513297
   397.62306613   284.86428619   332.34166722   363.99325457
   854.59285856   379.81904825   332.34166722  2619.16885353
   508.40362187   509.52898483   428.00434726   672.57825998
   366.86086908   652.19710059   593.60126733   570.67246301
   591.05362241   672.57825998   326.09855029   756.65054248
   387.24202847   468.76666605  5564.05651438   369.408514
   326.09855029   224.19275333   224.19275333   244.57391272
   450.93315158   203.81159393   285.33623151   285.33623151
  2371.8574244    507.94389684   597.58105511   507.94389684
   448.18579133   418.30673857   478.06484408   448.18579133
   567.70200235   209.15336929   268.9114748    209.15336929
   179.27431653   179.27431653   239.03242204   179.27431653
   268.9114748    233.65312666   155.76875111   311.53750222
   233.65312666   155.76875111   233.65312666   155.76875111
    77.88437555    77.88437555   155.76875111   155.76875111
   233.65312666]
