[  224.52400522   552.70803544   332.14379595   281.54376453
   312.6822454    238.72835334   384.04126406   709.69787649
   581.25164291   591.1920526    306.49357565   370.51667812
   305.13138199   294.23383263   262.90337823   250.6436352
   152.56569099   316.02893134   261.54118456   731.49800056
  7881.65257217  9194.80726964  8121.39865801  2781.59947327
   753.29309928   331.1533429    378.46096332   285.32408562
   356.28551625   746.57338467   734.74647956   653.43650697
   342.980248     295.67262759   391.76623156   498.20837749
   378.46096332   544.03763477 10168.18166284  6024.32978716
 12116.66427866  8264.04994115  7403.64259486  5333.93420173
   319.3264378    508.2346699    346.59938144   348.26572462
   694.86510607   693.19876289   601.54988798   653.20652657
   641.54212431   746.52174465   826.50621729   279.94565424
   386.59161776   319.93789056   453.24534496  5350.62795102
  5080.68035586   401.58870638   466.5760904    466.5760904
  7581.86146906   976.47710349  5732.22053925  3134.39152161
   348.26572462   348.16746089   253.21269883   633.03174708
   619.18417761   443.12222295   237.38690515   269.03849251
   237.38690515   476.75203452   712.16071546   747.76875124
   348.16746089   284.86428619   743.81230282  8644.83979603
   397.62306613   284.86428619   332.34166722   363.99325457
   759.63809649   363.99325457   300.69007986  2302.65298
   397.62306613   346.47970969   387.24202847   631.81594119
   326.09855029   611.4347818    573.22010794   550.29130362
   509.52898483   611.4347818    305.7173909    654.74474551
   346.47970969   407.62318787  2901.76756862   328.64619522
   326.09855029   203.81159393   224.19275333   244.57391272
   448.38550665   203.81159393   264.95507211   244.57391272
  1347.70416488   478.06484408   627.46010786   478.06484408
   448.18579133   418.30673857   448.18579133   418.30673857
   507.94389684   179.27431653   268.9114748    209.15336929
   179.27431653   179.27431653   239.03242204   149.39526378
   179.27431653   233.65312666   155.76875111   311.53750222
   233.65312666   155.76875111   233.65312666   155.76875111
    77.88437555    77.88437555   155.76875111   155.76875111
   233.65312666]
