[ 317.65043921  875.76977447  822.57486965  708.40043979  781.05689515
  373.66177044  456.69771943  969.18521708  696.72350946 1028.45622053
  820.04058908  468.59462233  185.25833906  185.25833906  174.36078971
  228.84853649  141.66814164  403.20932619  196.15588842  403.20932619
 4850.77165736 3929.92873673 3413.65733596 1698.65550596  918.11853329
  413.94167863  864.8424357   189.23048166  248.36500718  473.07620414
  496.73001435  439.07385197  224.71119697  177.40357655  974.24130791
  830.84008353  378.46096332  449.42239394 4749.98076224 1639.50471999
 3242.05036153 2684.70745852 3351.44923374 4763.28603048  342.980248
  923.15412173  573.22205392  239.95341792  641.54212431  479.90683584
  401.58870638  439.91459952  454.91168814  546.56056304  533.2298176
  199.9611816   959.81367169  519.89907216  439.91459952 5605.57845756
 2099.59240682  188.29677934  266.6149088   266.6149088  2237.89889076
  468.24243358 2477.85230868 3977.56117069  441.5809427   553.90277869
  189.90952412  712.16071546  902.07023959  300.69007986  174.08373045
  189.90952412  158.25793677  413.44885981  522.25119134  492.57782819
  650.83576496  429.27465349  743.81230282 5944.5637499   284.86428619
  174.08373045  205.7353178   221.56111148  395.64484192  237.38690515
  221.56111148 2795.23080819  508.40362187  570.67246301  285.33623151
  489.14782544  244.57391272  366.86086908  346.47970969  366.86086908
  468.76666605  550.29130362  203.81159393  491.69547036  631.81594119
  407.62318787 3846.94383549  264.95507211  224.19275333  142.66811575
  142.66811575  163.04927515  387.24202847  122.28695636  183.43043454
  244.57391272 1862.32843956  358.54863306  836.61347715  298.79052755
  358.54863306  507.94389684  328.66958031  298.79052755  358.54863306
  328.66958031  239.03242204  149.39526378  119.51621102  119.51621102
  179.27431653  119.51621102  209.15336929  155.76875111   77.88437555
  233.65312666  155.76875111   77.88437555  155.76875111   77.88437555
    0.            0.           77.88437555    0.          155.76875111]
