[  297.23916601   583.84651631   332.14379595   312.6822454
   364.57971352   435.93873218   612.39012378   917.28774896
   634.44654772   591.1920526    360.98132244   469.956816
   435.90197426   425.00442491   404.57151986   370.51667812
   350.08377308  1037.99157622   807.78084606  1453.46064544
  9785.99932224  8908.74659903  6018.17163219  2672.62397971
   841.8356878    366.63405821   484.90310925   391.76623156
   498.20837749   996.41675498   816.05645215   617.95579166
   508.55691946   484.90310925   569.16980811   819.01317843
   816.05645215  2504.34715569 17154.9258528   7178.9313979
 10094.26350594  8240.39613095  6892.12894913  4894.86034976
   390.28786842   588.21914254   466.5760904    481.57317902
   963.14635805   988.14150575   601.54988798   613.21429024
   896.49263085  1148.11045103  1188.10268735   414.91945182
   533.2298176    426.58385408   721.52659695  6958.64911974
 51470.00814425  3429.33426447  1176.43828509   813.17547185
  6402.09049761  1124.78164651  4379.14987708  3895.91035487
   401.58870638   363.99325457   363.99325457   870.41865223
   997.02500165   601.38015972   284.86428619   316.51587354
   318.49409775   763.59454491  1014.82901953  1048.4588311
   508.40362187   413.44885981   856.57108276  4371.87550326
  2001.96290013  2365.9561547    826.89771962   648.85754075
   807.11547752   506.42539766   395.64484192  1683.46880239
   460.92624084   407.62318787   570.67246301   937.53333209
   448.38550665   611.4347818    695.5070643    692.95941937
   550.29130362   998.67681027   529.91014423   940.08097702
   509.52898483   550.29130362  3454.60651717   777.03170187
  1143.89257095   998.67681027   652.19710059   489.14782544
   468.76666605   326.09855029   349.02735461   366.86086908
  1368.08532428   840.34835874  1045.76684643   567.70200235
   537.8229496    627.46010786   776.85537164   687.21821337
   776.85537164   358.54863306   567.70200235   750.71120048
   717.09726613   388.42768582   358.54863306   298.79052755
   388.42768582   700.95937999   623.07500443   778.84375554
   700.95937999   623.07500443   623.07500443   467.30625332
   467.30625332   467.30625332   389.42187777   389.42187777
   545.19062888]
