[  214.31836862   531.94904819   321.76430232   271.16427091
   302.30275178   228.34885971   373.66177044   698.02094617
   560.49265566   569.39695388   295.5960263    359.61912877
   283.33628327   272.43873392   252.00582887   250.6436352
   141.66814164   294.23383263   250.6436352    577.5701159
  5824.74013111  7388.53846378  5952.78633605  2672.62397971
   742.39554992   331.1533429    366.63405821   261.67027542
   332.63170604   711.09266936   745.09502153   653.43650697
   319.3264378    272.01881738   368.11242135   486.38147239
   378.46096332   544.03763477  7625.39706556  4597.70935903
 11401.13651989  9455.61063034  7010.39800017  5452.20325277
   307.49953269   494.90392446   333.268636     334.93497918
   654.87286975   693.19876289   588.21914254   639.87578113
   614.88063342   733.19099921   786.51398097   266.6149088
   373.26087232   319.93789056   453.24534496  9608.13477596
  5923.85000495   388.25796094   439.91459952   439.91459952
  7688.50743258  1218.09686459  5447.27585546  4002.55631839
   348.26572462   363.99325457   253.21269883   601.38015972
   603.35838393   427.29642928   221.56111148   269.03849251
   237.38690515   460.92624084   664.68333443   745.79052703
   332.34166722   284.86428619   743.81230282  9028.6152927
   381.79727246   284.86428619   300.69007986   332.34166722
   822.9412712    348.16746089   284.86428619  2304.63120421
   413.44885981   428.00434726   366.86086908   591.05362241
   305.7173909    570.67246301   532.45778915   529.91014423
   489.14782544   591.05362241   285.33623151   613.98242672
   326.09855029   407.62318787  3434.22535777   346.47970969
   305.7173909    203.81159393   224.19275333   244.57391272
   448.38550665   183.43043454   244.57391272   244.57391272
  1490.37228064   448.18579133   567.70200235   448.18579133
   418.30673857   388.42768582   418.30673857   418.30673857
   478.06484408   179.27431653   239.03242204   209.15336929
   179.27431653   179.27431653   209.15336929   149.39526378
   239.03242204   233.65312666   155.76875111   311.53750222
   233.65312666   155.76875111   233.65312666   155.76875111
    77.88437555    77.88437555   155.76875111   155.76875111
   233.65312666]
