[  183.70145882   447.61566251   249.10784696   208.88730917
   249.10784696   207.58987247   342.52328957   751.21585099
   498.21569392   449.52391096   230.21073016   294.23383263
   239.74608585   228.84853649   197.51808209   207.05343778
   130.77059228   305.13138199   272.43873392   644.31760571
  9151.21707221  9829.58951966  8974.13189517  2584.08139119
   687.90780314   260.19191228   295.67262759   214.362655
   273.49718052   603.17216028   591.34525518   521.8621877
   272.01881738   236.53810207   297.15099073   427.24694687
   366.63405821   604.65052342 15138.43853263  5359.06637508
 10948.75739967  6342.17786182  6652.63412079  4953.99487528
   272.01881738   401.58870638   279.94565424   293.27639968
   534.89616078   573.22205392   454.91168814   506.56832672
   494.90392446   613.21429024   653.20652657   226.62267248
   293.27639968   213.29192704   399.9223632   9311.52568991
 16130.20198253   601.54988798   466.5760904    426.58385408
  4097.53787965  1098.12015563  5450.60854182  3910.90744349
   281.61199742   269.03849251   205.7353178    490.59960399
   522.25119134   348.16746089   189.90952412   221.56111148
   189.90952412   381.79727246   553.90277869   603.35838393
   284.86428619   237.38690515   569.72857237  7133.47649988
   476.75203452   395.64484192   316.51587354   316.51587354
   443.12222295   300.69007986   253.21269883  2255.17559896
   318.49409775   264.95507211   305.7173909    489.14782544
   264.95507211   448.38550665   430.55199218   448.38550665
   407.62318787   509.52898483   244.57391272   512.07662976
   264.95507211   346.47970969  2269.95162743   346.47970969
   326.09855029   244.57391272   224.19275333   224.19275333
   285.33623151   183.43043454   224.19275333   224.19275333
  1286.5606867    418.30673857   507.94389684   358.54863306
   358.54863306   328.66958031   388.42768582   358.54863306
   418.30673857   149.39526378   239.03242204   209.15336929
   209.15336929   179.27431653   209.15336929   149.39526378
   209.15336929   233.65312666   155.76875111   311.53750222
   233.65312666   155.76875111   233.65312666   155.76875111
    77.88437555    77.88437555   155.76875111   155.76875111
   233.65312666]
