[  204.11273202   552.70803544   301.00531508   271.16427091
   312.6822454    249.10784696   384.04126406   698.02094617
   560.49265566   558.49940453   306.49357565   381.41422748
   326.9264807    316.02893134   273.80092758   250.6436352
   152.56569099   359.61912877   272.43873392   588.46766526
  8802.4954928   8579.09573099  8581.82011833  2837.44941373
   764.19064863   319.3264378    390.28786842   285.32408562
   379.93932645   805.70791018   721.44121132   641.60960187
   366.63405821   307.49953269   403.59313666   557.34290301
   402.11477352   532.21072966 12022.04903783  5286.62658132
 10283.4939876   8787.39049199  7332.68116424  5499.51087318
   331.1533429    494.90392446   359.93012688   374.9272155
   723.19294013   733.19099921   574.8883971    639.87578113
   601.54988798   853.16770817   894.82628767   306.60714512
   386.59161776   266.6149088    453.24534496 12254.28774582
  6393.75878171   414.91945182   493.23758128   493.23758128
  6175.46782513  1298.08133723  4164.19160685  4017.55340701
   361.59647006   332.34166722   269.03849251   680.50912811
   682.48735232   443.12222295   253.21269883   300.69007986
   253.21269883   540.05520923   791.28968385   842.7235133
   363.99325457   269.03849251   664.68333443  7151.28051777
   445.10044716   316.51587354   363.99325457   379.81904825
   648.85754075   379.81904825   316.51587354  2844.68641343
   429.27465349   326.09855029   407.62318787   692.95941937
   366.86086908   672.57825998   552.83894854   570.67246301
   591.05362241   611.4347818    346.47970969   715.88822369
   346.47970969   407.62318787  2840.62409044   366.86086908
   346.47970969   224.19275333   244.57391272   264.95507211
   366.86086908   203.81159393   285.33623151   285.33623151
  1368.08532428   567.70200235   597.58105511   507.94389684
   478.06484408   418.30673857   478.06484408   448.18579133
   567.70200235   179.27431653   268.9114748    239.03242204
   209.15336929   179.27431653   239.03242204   179.27431653
   239.03242204   233.65312666   155.76875111   389.42187777
   233.65312666   155.76875111   311.53750222   155.76875111
    77.88437555    77.88437555   155.76875111   155.76875111
   233.65312666]
