[  183.70145882   457.99515613   249.10784696   208.88730917
   240.02579004   197.21037884   332.14379595   709.69787649
   498.21569392   469.956816     230.21073016   294.23383263
   239.74608585   239.74608585   208.41563145   207.05343778
   130.77059228   272.43873392   250.6436352    544.87746783
  8451.04952605  9911.32113984  8273.96434901  2594.97894054
   720.60045121   260.19191228   295.67262759   226.18956011
   273.49718052   614.99906539   614.99906539   545.5159979
   272.01881738   224.71119697   297.15099073   415.42004176
   354.80715311   520.38382456 15635.16854698  4979.12704862
 11303.56455278  6673.33120472  6892.12894913  4739.63222027
   272.01881738   401.58870638   279.94565424   306.60714512
   548.22690622   586.55279936   481.57317902   519.89907216
   494.90392446   639.87578113   679.86801745   239.95341792
   293.27639968   213.29192704   399.9223632  10891.21902457
  7995.1145777    428.25019726   426.58385408   426.58385408
  3682.61842783   683.20070381  5218.9868398   3870.91520717
   306.60714512   269.03849251   205.7353178    506.42539766
   538.07698502   348.16746089   189.90952412   221.56111148
   205.7353178    397.62306613   569.72857237   635.00997129
   300.69007986   237.38690515   585.55436605  9946.51132596
   413.44885981   284.86428619   300.69007986   316.51587354
   395.64484192   300.69007986   253.21269883  2158.24261269
   350.1456851    264.95507211   305.7173909    489.14782544
   264.95507211   468.76666605   430.55199218   448.38550665
   428.00434726   529.91014423   244.57391272   532.45778915
   264.95507211   346.47970969  2290.33278682   346.47970969
   305.7173909    203.81159393   203.81159393   224.19275333
   244.57391272   163.04927515   224.19275333   224.19275333
  1268.72717223   418.30673857   537.8229496    388.42768582
   358.54863306   358.54863306   388.42768582   388.42768582
   418.30673857   149.39526378   239.03242204   209.15336929
   179.27431653   149.39526378   209.15336929   149.39526378
   209.15336929   233.65312666   155.76875111   311.53750222
   233.65312666   155.76875111   233.65312666   155.76875111
    77.88437555    77.88437555   155.76875111    77.88437555
   233.65312666]
