[ 297.23916601  896.52876171  801.8158824   708.40043979  791.43638878
  394.42075769  487.8362003   718.77993341  707.10300309 1039.35376989
  830.93813844  577.5701159   207.05343778  196.15588842  185.25833906
  250.6436352   152.56569099  414.10687555  207.05343778  435.90197426
 5025.13244707 4530.65614501 3579.84496365 2014.6844373   983.50382943
  425.76858373  900.32315101  178.88193969  248.36500718  520.38382456
  520.38382456  462.72766218  236.53810207  201.05738676  974.24130791
  842.66698863  390.28786842  484.90310925 4832.76909797 1652.80998823
 3242.05036153 2944.8993708  4680.49769476 4917.03579683  354.80715311
  924.82046491  613.21429024  253.28416336  628.21137887  466.5760904
  388.25796094  453.24534496  468.24243358  546.56056304  559.89130848
  213.29192704  974.81076031  479.90683584  453.24534496 6020.49790939
 3222.70771015  201.62752478  279.94565424  279.94565424 2089.59434774
  494.90392446 3442.66500991 4312.49614987  468.24243358  569.72857237
  189.90952412 1093.95798792  443.12222295  284.86428619  174.08373045
  205.7353178   174.08373045  334.31989143  585.55436605  508.40362187
  745.79052703  445.10044716  745.79052703 5833.78319416  300.69007986
  189.90952412  205.7353178   237.38690515  458.94801663  253.21269883
  237.38690515 3131.52892383  603.35838393  570.67246301  285.33623151
  489.14782544  285.33623151  489.14782544  346.47970969  346.47970969
  346.47970969  407.62318787  203.81159393  491.69547036  570.67246301
  428.00434726 4050.75542942  285.33623151  244.57391272  142.66811575
  142.66811575  163.04927515  346.47970969  142.66811575  203.81159393
  224.19275333 2063.59238857  358.54863306  418.30673857  268.9114748
  239.03242204  268.9114748   478.06484408  298.79052755  388.42768582
  298.79052755  239.03242204  149.39526378  119.51621102  119.51621102
  179.27431653  119.51621102  239.03242204  155.76875111  155.76875111
  233.65312666  155.76875111   77.88437555  155.76875111   77.88437555
   77.88437555    0.           77.88437555    0.          155.76875111]
