[ 244.93527842  604.60550356  384.04126406  323.06173903  364.57971352
  259.48734058  394.42075769  771.97483823  603.30806685  656.57734874
  360.98132244  425.00442491  348.72157941  337.82403005  306.49357565
  283.33628327  163.46324035  337.82403005  261.54118456  555.77501719
 7467.54569662 6740.13427706 7331.32632966 2607.23868357  818.67839542
  378.46096332  437.59548883  320.80480094  415.42004176  805.70791018
  817.53481529  759.87865291  366.63405821  319.3264378   450.90075708
  545.5159979   390.28786842  555.86453987 7530.78182473 4776.59129872
 9878.4224878  9621.18730179 7569.21926632 5642.91209756  366.63405821
  574.8883971   399.9223632   414.91945182  789.84666733  814.84181503
  748.18808783  733.19099921  736.52368557  881.49554223  948.14926943
  308.2734883   439.91459952  359.93012688  466.5760904  9714.78073948
 5162.33117168  388.25796094  493.23758128  493.23758128 7101.95463322
 1311.41208267 5758.88203013 5060.6842377   401.58870638  395.64484192
  300.69007986  743.81230282  682.48735232  506.42539766  269.03849251
  332.34166722  269.03849251  540.05520923  822.9412712   906.02668801
  365.97147878  302.66830407  759.63809649 5291.74976073  413.44885981
  300.69007986  363.99325457  395.64484192  902.07023959  411.4706356
  332.34166722 3321.43844795  445.10044716  509.52898483  468.76666605
  733.72173816  366.86086908  713.34057877  695.5070643   672.57825998
  652.19710059  672.57825998  346.47970969  777.03170187  407.62318787
  468.76666605 4193.42354518  328.64619522  326.09855029  224.19275333
  244.57391272  264.95507211  491.69547036  224.19275333  285.33623151
  305.7173909  2249.57046804  567.70200235  687.21821337  567.70200235
  507.94389684  507.94389684  567.70200235  478.06484408  597.58105511
  209.15336929  239.03242204  239.03242204  209.15336929  209.15336929
  239.03242204  179.27431653  298.79052755  233.65312666  233.65312666
  389.42187777  311.53750222  155.76875111  311.53750222  155.76875111
   77.88437555   77.88437555  155.76875111  155.76875111  233.65312666]
