[ 287.0335294   770.67740153  675.96452222  542.32854182  625.3644908
  321.76430232  394.42075769  875.76977447  655.20553497  875.89052954
  634.78225002  294.23383263  185.25833906  185.25833906  164.82543402
  196.15588842  130.77059228  348.72157941  185.25833906  370.51667812
 3537.61695989 3458.60972705 3808.69350013 1456.18503278  840.47349413
  354.80715311  662.3066858   167.05503459  272.01881738  484.90310925
  508.55691946  450.90075708  224.71119697  177.40357655  771.70555801
  688.91722229  342.980248    425.76858373 5023.47794276 3148.91348384
 6043.54850795 2814.80341466 2603.39748593 4061.06353995  307.49953269
  776.51592189  426.58385408  279.94565424  508.2346699   559.89130848
  401.58870638  439.91459952  401.58870638  546.56056304  586.55279936
  186.63043616  733.19099921  453.24534496  399.9223632  4949.03924464
 2432.86104282  188.29677934  279.94565424  266.6149088  1942.9561479
  441.5809427  1874.63607752 3416.00351903  414.91945182  474.77381031
  174.08373045  538.07698502  759.63809649  300.69007986  174.08373045
  189.90952412  174.08373045  332.34166722  443.12222295  524.22941555
  490.59960399  381.79727246  696.33492179 5214.59901655  269.03849251
  174.08373045  205.7353178   221.56111148  474.77381031  237.38690515
  205.7353178  1938.65972543  476.75203452  489.14782544  244.57391272
  407.62318787  244.57391272  387.24202847  389.7896734   366.86086908
  407.62318787  428.00434726  183.43043454  468.76666605  529.91014423
  366.86086908 3189.65144505  244.57391272  224.19275333  142.66811575
  142.66811575  163.04927515  366.86086908  122.28695636  183.43043454
  224.19275333 1961.68659161  358.54863306  746.97631888  507.94389684
  537.8229496   298.79052755  298.79052755  268.9114748   388.42768582
  298.79052755  209.15336929  119.51621102  119.51621102  119.51621102
  209.15336929  119.51621102  209.15336929  155.76875111   77.88437555
  233.65312666   77.88437555   77.88437555  155.76875111   77.88437555
   77.88437555    0.           77.88437555   77.88437555  155.76875111]
