[  173.49582222   354.2002199    217.96936609   197.21037884
   228.34885971   207.58987247   342.52328957   708.40043979
   467.07721305   437.26416793   228.84853649   272.43873392
   239.74608585   239.74608585   197.51808209   196.15588842
   141.66814164   305.13138199   294.23383263   775.08819799
  9303.78276321  9499.93865162  6456.79799379  2070.53437776
   578.93230957   224.71119697   283.84572249   236.53810207
   273.49718052   626.82597049   591.34525518   486.38147239
   272.01881738   248.36500718   273.49718052   403.59313666
   413.94167863   687.43885915 17060.31061197  5239.3189609
  9358.03866324  6259.38952609  4027.06118778  2423.0371831
   236.53810207   494.90392446   279.94565424   306.60714512
   548.22690622   599.8835448    481.57317902   479.90683584
   521.56541534   653.20652657   693.19876289   239.95341792
   279.94565424   213.29192704   439.91459952 14610.49700236
 10727.91739293   561.55765166   428.25019726   413.25310864
  4982.36610824   896.49263085  3001.0840672   1688.00564135
   279.94565424   253.21269883   205.7353178    522.25119134
   538.07698502   363.99325457   174.08373045   205.7353178
   205.7353178    413.44885981   585.55436605   619.18417761
   284.86428619   237.38690515   569.72857237  6769.48324531
   460.92624084   363.99325457   286.84251039   316.51587354
   443.12222295   284.86428619   221.56111148   951.52584483
   318.49409775   244.57391272   305.7173909    529.91014423
   264.95507211   428.00434726   407.62318787   407.62318787
   448.38550665   550.29130362   264.95507211   532.45778915
   264.95507211   305.7173909   3844.39619057   366.86086908
   346.47970969   244.57391272   224.19275333   224.19275333
   224.19275333   163.04927515   203.81159393   203.81159393
  1164.27373034   478.06484408   507.94389684   388.42768582
   328.66958031   298.79052755   418.30673857   358.54863306
   418.30673857   149.39526378   268.9114748    239.03242204
   209.15336929   149.39526378   179.27431653   149.39526378
   209.15336929   155.76875111   155.76875111   311.53750222
   233.65312666   155.76875111   155.76875111   155.76875111
    77.88437555    77.88437555   155.76875111    77.88437555
   233.65312666]
