[ 225.7997098   708.40043979  624.0670541   500.81056732  583.84651631
  301.00531508  373.66177044  552.70803544  603.30806685  799.60768404
  591.1920526   261.54118456  185.25833906  174.36078971  174.36078971
  174.36078971  119.87304292  326.9264807   163.46324035  326.9264807
 2890.57496684 2845.62257574 2627.67158861 1303.61934178  742.39554992
  342.980248    591.34525518  177.40357655  236.53810207  484.90310925
  508.55691946  450.90075708  224.71119697  177.40357655  724.3979376
  629.78269677  319.3264378   402.11477352 4395.17360913 1426.62042812
 2767.49579425 2601.9191228  2080.0569351  3372.14631767  283.84572249
  723.19294013  373.26087232  253.28416336  694.86510607  719.86025377
  401.58870638  453.24534496  441.5809427   573.22205392  626.54503569
  186.63043616  693.19876289  413.25310864  373.26087232 4254.17413857
 2126.2538977   186.63043616  253.28416336  239.95341792 1982.94838422
  481.57317902 2009.6098751  3001.0840672   388.25796094  443.12222295
  174.08373045  458.94801663  553.90277869  300.69007986  174.08373045
  189.90952412  189.90952412  365.97147878  458.94801663  571.70679658
  474.77381031  379.81904825  664.68333443 4640.91399576  253.21269883
  174.08373045  189.90952412  205.7353178   363.99325457  221.56111148
  189.90952412 1746.77197709  492.57782819  468.76666605  244.57391272
  428.00434726  224.19275333  529.91014423  389.7896734   448.38550665
  387.24202847  428.00434726  203.81159393  471.31431097  489.14782544
  346.47970969 2965.45869173  224.19275333  203.81159393  122.28695636
  142.66811575  142.66811575  326.09855029  122.28695636  163.04927515
  203.81159393 2043.21122918  328.66958031  806.73442439  448.18579133
  418.30673857  239.03242204  328.66958031  268.9114748   418.30673857
  328.66958031  179.27431653  119.51621102   89.63715827   89.63715827
  209.15336929   89.63715827  179.27431653  155.76875111   77.88437555
  155.76875111   77.88437555    0.          155.76875111   77.88437555
    0.            0.            0.           77.88437555  155.76875111]
