[  224.52400522   563.08752906   342.52328957   291.92325816
   333.44123265   249.10784696   394.42075769   751.21585099
   592.92857323   612.98715131   328.28867437   392.31177684
   326.9264807    316.02893134   273.80092758   261.54118456
   152.56569099   337.82403005   261.54118456   764.19064863
  8034.21826316  9390.96315806  8426.53004     2815.65431501
   753.29309928   354.80715311   402.11477352   297.15099073
   379.93932645   793.88100508   768.74883174   677.09031718
   366.63405821   307.49953269   415.42004176   557.34290301
   390.28786842   555.86453987 11262.17038492  4906.68725486
 11495.75176072  8766.69340806  6915.78275934  5345.76110684
   331.1533429    521.56541534   373.26087232   388.25796094
   736.52368557   706.52950833   628.21137887   679.86801745
   694.86510607   773.18323553   894.82628767   306.60714512
   413.25310864   346.59938144   479.90683584  6662.04003369
  6792.01480173   388.25796094   479.90683584   479.90683584
  7568.53072362  1324.74282811  4900.71529242  3041.07630352
   361.59647006   363.99325457   269.03849251   680.50912811
   619.18417761   474.77381031   253.21269883   284.86428619
   253.21269883   492.57782819   775.46389017   826.89771962
   395.64484192   300.69007986   759.63809649  7675.50993332
   413.44885981   300.69007986   348.16746089   379.81904825
   838.76706488   379.81904825   300.69007986  2094.93943799
   397.62306613   448.38550665   428.00434726   672.57825998
   366.86086908   652.19710059   634.36358612   570.67246301
   529.91014423   611.4347818    326.09855029   715.88822369
   366.86086908   428.00434726  3131.0556118    366.86086908
   346.47970969   224.19275333   244.57391272   264.95507211
   468.76666605   203.81159393   264.95507211   264.95507211
  1368.08532428   537.8229496    657.33916062   507.94389684
   478.06484408   448.18579133   448.18579133   448.18579133
   537.8229496    179.27431653   268.9114748    239.03242204
   209.15336929   179.27431653   239.03242204   179.27431653
   239.03242204   233.65312666   155.76875111   389.42187777
   311.53750222   155.76875111   311.53750222   155.76875111
    77.88437555    77.88437555   155.76875111   155.76875111
   233.65312666]
