[  246.210983     677.26195892   425.55923856   354.2002199
   406.09768801   290.62582145   435.93873218   709.69787649
   686.34401584   700.16754616   393.67397051   437.26416793
   370.51667812   348.72157941   317.39112501   316.02893134
   174.36078971   359.61912877   294.23383263   653.8529614
  6217.05190795  7023.47056033  6565.77348736  2377.02795341
   896.32343458   402.11477352   461.24929904   344.45861114
   415.42004176   922.49859808   923.97696122   842.66698863
   413.94167863   331.1533429    486.38147239   606.12888656
   461.24929904   616.47742853  9955.29737097  5809.96713215
 12042.74612176 10117.91731615  7486.43093059  5809.96713215
   378.46096332   628.21137887   426.58385408   428.25019726
   789.84666733   828.17256047   734.85734239   786.51398097
   723.19294013   881.49554223   934.81852399   321.60423374
   479.90683584   399.9223632    546.56056304 13863.97525771
  4157.52623413   439.91459952   519.89907216   519.89907216
  8601.66349523  1499.70886201  7125.28343774  5288.97325336
   428.25019726   411.4706356    316.51587354   743.81230282
   759.63809649   522.25119134   284.86428619   332.34166722
   284.86428619   571.70679658   791.28968385   906.02668801
   413.44885981   379.81904825   809.09370173 10061.24833012
   460.92624084   316.51587354   363.99325457   411.4706356
   791.28968385   411.4706356    348.16746089  3099.87733647
   603.35838393   448.38550665   468.76666605   713.34057877
   387.24202847   692.95941937   634.36358612   611.4347818
   611.4347818    713.34057877   346.47970969   756.65054248
   428.00434726   489.14782544  3352.7007202    389.7896734
   366.86086908   244.57391272   264.95507211   285.33623151
   532.45778915   224.19275333   305.7173909    305.7173909
  2598.59782265   507.94389684   657.33916062   537.8229496
   478.06484408   448.18579133   507.94389684   478.06484408
   597.58105511   239.03242204   268.9114748    239.03242204
   209.15336929   209.15336929   268.9114748    209.15336929
   298.79052755   233.65312666   233.65312666   389.42187777
   311.53750222   233.65312666   311.53750222   233.65312666
   155.76875111   155.76875111   155.76875111   155.76875111
   233.65312666]
