[  163.29018562   364.57971352   176.4513916    176.4513916
   186.83088522   186.83088522   301.00531508   604.60550356
   477.45670667   460.42146032   196.15588842   239.74608585
   196.15588842   196.15588842   174.36078971   163.46324035
   174.36078971   294.23383263   305.13138199   751.93090561
 10137.44528899  8669.00051318  4890.27527378  1883.91384502
   644.31760571   224.71119697   272.01881738   201.05738676
   226.18956011   496.73001435   484.90310925   415.42004176
   224.71119697   201.05738676   248.36500718   356.28551625
   402.11477352   734.74647956 16398.00392617  5002.78085883
  7717.05558011  5938.58472515  5001.30249569  2088.92711393
   236.53810207   521.56541534   266.6149088    241.6197611
   468.24243358   479.90683584   388.25796094   413.25310864
   388.25796094   506.56832672   533.2298176    186.63043616
   226.62267248   226.62267248   439.91459952 14023.94420299
  5952.17783901   441.5809427    374.9272155    346.59938144
  3147.72226705   616.5469766   1648.01340503  1513.03960745
   253.28416336   300.69007986   237.38690515   458.94801663
   458.94801663   300.69007986   158.25793677   174.08373045
   174.08373045   332.34166722   443.12222295   476.75203452
   221.56111148   253.21269883   585.55436605  7770.46469538
   397.62306613   284.86428619   269.03849251   269.03849251
   506.42539766   253.21269883   189.90952412   888.22267012
   334.31989143   244.57391272   326.09855029   468.76666605
   244.57391272   366.86086908   346.47970969   346.47970969
   366.86086908   428.00434726   203.81159393   468.76666605
   224.19275333   305.7173909   3024.05452498   346.47970969
   305.7173909    203.81159393   203.81159393   183.43043454
   244.57391272   142.66811575   183.43043454   203.81159393
  1245.79836792   776.85537164   478.06484408   328.66958031
   268.9114748    268.9114748    328.66958031   328.66958031
   358.54863306   179.27431653   239.03242204   209.15336929
   149.39526378   119.51621102   179.27431653   119.51621102
   298.79052755   233.65312666   155.76875111   311.53750222
   155.76875111    77.88437555   233.65312666   155.76875111
     0.            77.88437555    77.88437555    77.88437555
   233.65312666]
