[  327.85607581   906.90825534   779.75945845   677.26195892
   770.67740153   415.17974493   539.73366841   865.39028084
   821.27743294  1039.35376989   798.24549037   918.11853329
   653.8529614    348.72157941   295.5960263    392.31177684
   196.15588842   446.79952362   272.43873392   523.08236912
  8211.30344021 10044.81611945  7135.17044124  2727.11172649
   994.40137879   473.07620414   923.97696122   606.12888656
   297.15099073   628.30433363   685.96049601   582.47507635
   319.3264378    366.63405821   960.93603967   878.14770394
   449.42239394   555.86453987 11333.13181554  3530.33117343
 10117.91731615  9692.14873241  8116.21362736  6084.94267581
   425.76858373   803.17741277   853.16770817   321.60423374
   561.55765166   666.53727201   614.88063342   639.87578113
   534.89616078   626.54503569   666.53727201   279.94565424
   948.14926943   493.23758128   533.2298176   8591.66543615
  2541.17334952   359.93012688   426.58385408   466.5760904
  7288.58506938  1378.06580987  7391.89834654  5810.53866871
   494.90392446   569.72857237   395.64484192   538.07698502
   553.90277869   395.64484192   221.56111148   253.21269883
   221.56111148   397.62306613   585.55436605   635.00997129
   888.22267012   445.10044716   777.44211438  6771.46146952
   350.1456851    253.21269883   316.51587354   363.99325457
   854.59285856   379.81904825   348.16746089  4114.70635601
   668.63978285   611.4347818    387.24202847   509.52898483
   326.09855029   509.52898483   471.31431097   468.76666605
   489.14782544   529.91014423   264.95507211   654.74474551
   713.34057877   529.91014423  3638.03695171   349.02735461
   305.7173909    203.81159393   224.19275333   264.95507211
   593.60126733   224.19275333   285.33623151   326.09855029
  2886.48169908   478.06484408   507.94389684   418.30673857
   388.42768582   358.54863306   418.30673857   418.30673857
   478.06484408   268.9114748    298.79052755   209.15336929
   179.27431653   179.27431653   239.03242204   179.27431653
   298.79052755   233.65312666   233.65312666   311.53750222
   233.65312666   155.76875111   233.65312666   233.65312666
   155.76875111   155.76875111   155.76875111   155.76875111
   233.65312666]
