[  224.52400522   561.79009236   321.76430232   271.16427091
   312.6822454    228.34885971   373.66177044   666.8824653
   570.87214928   580.29450324   306.49357565   359.61912877
   294.23383263   283.33628327   252.00582887   250.6436352
   141.66814164   316.02893134   250.6436352    686.54560947
  6249.74455602  7562.89925349  5819.29135643  2694.41907842
   764.19064863   331.1533429    366.63405821   261.67027542
   344.45861114   734.74647956   745.09502153   653.43650697
   331.1533429    272.01881738   379.93932645   510.03528259
   378.46096332   555.86453987  8408.92952867  4705.6298681
 11448.4441403   9239.7696122   6903.95585424  5285.14821818
   307.49953269   508.2346699    346.59938144   348.26572462
   681.53436063   679.86801745   601.54988798   639.87578113
   641.54212431   733.19099921   801.51106959   279.94565424
   373.26087232   333.268636     453.24534496 11614.41196469
  5952.17783901   374.9272155    439.91459952   453.24534496
  7985.11651862  1098.12015563  5272.30982156  3815.92588223
   348.26572462   363.99325457   253.21269883   617.2059534
   603.35838393   443.12222295   237.38690515   269.03849251
   237.38690515   460.92624084   696.33492179   777.44211438
   348.16746089   271.01671672   743.81230282  7103.80313674
   397.62306613   284.86428619   286.84251039   348.16746089
   807.11547752   348.16746089   284.86428619  2320.45699788
   350.1456851    448.38550665   387.24202847   611.4347818
   326.09855029   570.67246301   552.83894854   550.29130362
   489.14782544   591.05362241   305.7173909    634.36358612
   326.09855029   407.62318787  3108.12680748   328.64619522
   326.09855029   203.81159393   224.19275333   244.57391272
   407.62318787   183.43043454   244.57391272   244.57391272
  1352.79945473   478.06484408   597.58105511   448.18579133
   418.30673857   418.30673857   448.18579133   418.30673857
   507.94389684   179.27431653   268.9114748    209.15336929
   179.27431653   179.27431653   209.15336929   149.39526378
   239.03242204   233.65312666   155.76875111   311.53750222
   233.65312666   155.76875111   233.65312666   155.76875111
    77.88437555    77.88437555   155.76875111   155.76875111
   233.65312666]
