[  153.08454902   354.2002199    166.07189797   155.69240435
   176.4513916    166.07189797   269.86683421   552.70803544
   456.69771943   371.87887179   174.36078971   217.95098713
   174.36078971   174.36078971   163.46324035   152.56569099
   141.66814164   272.43873392   272.43873392   731.49800056
  9415.48264411  7614.66261293  4803.09487893  2069.17218409
   589.82985893   212.88429187   248.36500718   177.40357655
   202.5357499    437.59548883   449.42239394   368.11242135
   201.05738676   177.40357655   202.5357499    332.63170604
   342.980248     603.17216028 15635.16854698  4800.24510893
  8932.27007951  5094.43937338  4027.06118778  1970.65806289
   201.05738676   468.24243358   213.29192704   213.29192704
   388.25796094   426.58385408   334.93497918   373.26087232
   334.93497918   439.91459952   466.5760904    173.29969072
   199.9611816    239.95341792   399.9223632  13970.62122123
  5322.30011696   388.25796094   321.60423374   319.93789056
  2666.14908802   428.25019726  1206.43246233  1393.06289849
   226.62267248   284.86428619   174.08373045   395.64484192
   395.64484192   253.21269883   142.43214309   158.25793677
   142.43214309   284.86428619   379.81904825   429.27465349
   205.7353178    253.21269883   553.90277869  8486.58185926
   334.31989143   237.38690515   237.38690515   237.38690515
   332.34166722   221.56111148   158.25793677   872.39687644
   348.16746089   224.19275333   264.95507211   387.24202847
   203.81159393   326.09855029   305.7173909    305.7173909
   305.7173909    366.86086908   163.04927515   407.62318787
   183.43043454   264.95507211  2514.52554015   285.33623151
   264.95507211   183.43043454   183.43043454   163.04927515
   183.43043454   122.28695636   142.66811575   163.04927515
  1327.32300549   388.42768582   418.30673857   268.9114748
   239.03242204   239.03242204   239.03242204   268.9114748
   298.79052755   119.51621102   209.15336929   179.27431653
   119.51621102   119.51621102   149.39526378    89.63715827
   179.27431653   155.76875111    77.88437555   233.65312666
   155.76875111    77.88437555   155.76875111    77.88437555
     0.            77.88437555    77.88437555    77.88437555
   155.76875111]
