[  173.49582222   364.57971352   217.96936609   188.12832192
   228.34885971   207.58987247   342.52328957   666.8824653
   446.3182258    415.46906922   208.41563145   272.43873392
   239.74608585   228.84853649   197.51808209   196.15588842
   141.66814164   337.82403005   305.13138199   742.39554992
  9412.75825677  9608.91414519  6609.36368478  2081.43192711
   568.03476021   224.71119697   272.01881738   214.362655
   283.84572249   591.34525518   579.51835008   486.38147239
   272.01881738   236.53810207   285.32408562   415.42004176
   425.76858373   758.40028977 17344.15633446  5002.78085883
  9145.15437137  5747.87588036  3920.61904185  2505.82551883
   236.53810207   428.25019726   266.6149088    293.27639968
   534.89616078   573.22205392   454.91168814   479.90683584
   494.90392446   626.54503569   653.20652657   226.62267248
   279.94565424   213.29192704   439.91459952 14663.81998412
 12014.3343279    628.21137887   441.5809427    413.25310864
  5412.28264868   816.50815821  3027.74555808  1794.65160487
   266.6149088    253.21269883   205.7353178    490.59960399
   522.25119134   348.16746089   174.08373045   205.7353178
   189.90952412   381.79727246   553.90277869   603.35838393
   284.86428619   237.38690515   585.55436605  6737.83165796
   492.57782819   411.4706356    302.66830407   316.51587354
   474.77381031   300.69007986   221.56111148   919.87425747
   348.16746089   244.57391272   305.7173909    489.14782544
   264.95507211   428.00434726   407.62318787   407.62318787
   448.38550665   529.91014423   264.95507211   532.45778915
   264.95507211   305.7173909   3925.92082814   366.86086908
   366.86086908   244.57391272   224.19275333   224.19275333
   224.19275333   163.04927515   203.81159393   203.81159393
  1105.67789709   448.18579133   507.94389684   358.54863306
   328.66958031   298.79052755   388.42768582   358.54863306
   418.30673857   149.39526378   268.9114748    239.03242204
   209.15336929   149.39526378   179.27431653   149.39526378
   179.27431653   155.76875111   155.76875111   311.53750222
   233.65312666   155.76875111   155.76875111   155.76875111
    77.88437555    77.88437555   155.76875111    77.88437555
   233.65312666]
