[  246.210983     687.64145254   425.55923856   354.2002199
   395.71819439   280.24632783   425.55923856   927.66724258
   696.72350946   700.16754616   382.77642115   415.46906922
   370.51667812   348.72157941   328.28867437   316.02893134
   185.25833906   348.72157941   283.33628327   730.13580689
  6677.47336826  8690.7956119   7320.4287803   2464.20834826
   885.42588522   402.11477352   449.42239394   332.63170604
   427.24694687   923.97696122   959.45767653   844.14535177
   425.76858373   342.980248     474.55456728   570.64817125
   437.59548883   614.99906539  9047.58240427  5276.27803935
 12353.20238073 10664.91167719  8340.92482433  5560.12376184
   378.46096332   616.5469766    413.25310864   428.25019726
   816.50815821   854.83405135   749.85443101   839.83696273
   776.51592189   948.14926943  1001.47225119   321.60423374
   466.5760904    426.58385408   519.89907216  8801.62467683
  3755.93752775   413.25310864   519.89907216   533.2298176
  8305.05440919  1391.39655531  6868.66658801  5288.97325336
   441.5809427    411.4706356    316.51587354   759.63809649
   791.28968385   553.90277869   300.69007986   348.16746089
   300.69007986   619.18417761   854.59285856   937.67827536
   427.29642928   379.81904825   809.09370173 10298.63523527
   445.10044716   316.51587354   379.81904825   411.4706356
  1044.50238268   427.29642928   363.99325457  3430.24077948
   524.22941555   448.38550665   468.76666605   733.72173816
   387.24202847   713.34057877   675.1259049    652.19710059
   652.19710059   754.10289755   366.86086908   797.41286126
   428.00434726   509.52898483  3332.31956081   407.62318787
   366.86086908   244.57391272   264.95507211   285.33623151
   715.88822369   244.57391272   305.7173909    305.7173909
  2680.12246022   507.94389684   627.46010786   567.70200235
   507.94389684   478.06484408   537.8229496    507.94389684
   627.46010786   239.03242204   268.9114748    239.03242204
   209.15336929   209.15336929   268.9114748    209.15336929
   298.79052755   233.65312666   233.65312666   389.42187777
   155.76875111   233.65312666   311.53750222   233.65312666
   155.76875111   155.76875111   155.76875111   155.76875111
   233.65312666]
