[  348.26734901   573.46702269   373.66177044   374.95920714
   426.85667526   561.79009236   842.03642019  1074.27759001
   686.34401584   678.37244745   415.46906922   480.85436536
   524.44456279   533.97991847   502.64946407   457.69707298
   482.21655903  1453.46064544  1279.09985573  2133.19528656
 10815.81773643  8557.30063228  8426.53004     2661.72643035
   829.57594477   390.28786842   579.51835008   462.72766218
   582.47507635  1232.95485705  1042.24601226   736.2248427
   626.82597049   626.82597049   724.3979376   1068.85654874
  1244.78176216  5190.53297735 19437.5185378   7190.758303
 11185.29550175  7267.63318617  5833.62094236  3218.39655132
   437.59548883  1164.77388283   573.22205392   601.54988798
  1151.44313739  1216.43052141   803.17741277   733.19099921
  1151.44313739  1429.72244845  1469.71468477   534.89616078
   639.87578113   573.22205392  1056.46157613 16323.49779141
 24408.59490084  3132.72517843  1338.07357355   946.48292625
  6388.75975217  1058.12791931  3414.33717585  2852.77952418
   454.91168814   427.29642928   443.12222295  1046.48060689
  1125.60957527   807.11547752   302.66830407   395.64484192
   413.44885981   953.50406904  1283.86751204  1319.47554782
   650.83576496   508.40362187  1078.13219424 10729.88811297
  2320.45699788  2431.23755362  1000.98145007   775.46389017
   917.89603326   617.2059534    458.94801663  1125.60957527
   508.40362187   448.38550665   692.95941937  1161.72608542
   652.19710059   692.95941937   593.60126733   611.4347818
  1039.43912906  1243.25072299   652.19710059  1126.05905648
   611.4347818    652.19710059  4152.66122639  1044.53441891
  1388.46648367  1182.10724481   815.24637573   591.05362241
   471.31431097   407.62318787   430.55199218   448.38550665
  1347.70416488  1139.1388863   1284.79926848   750.71120048
   597.58105511   567.70200235  1015.88779368   806.73442439
   926.25063541   418.30673857   776.85537164   989.74362252
  1139.1388863    507.94389684   478.06484408   358.54863306
   507.94389684   934.61250665   856.72813109   934.61250665
   778.84375554   778.84375554   778.84375554   623.07500443
   623.07500443   700.95937999   545.19062888   467.30625332
   856.72813109]
