[  224.52400522   531.94904819   321.76430232   271.16427091
   302.30275178   238.72835334   384.04126406   896.52876171
   591.63113653   569.39695388   295.5960263    359.61912877
   294.23383263   283.33628327   252.00582887   239.74608585
   141.66814164   316.02893134   261.54118456   775.08819799
  8102.32794664  7549.27731679  8143.19375673  2650.828881
   764.19064863   331.1533429    366.63405821   273.49718052
   344.45861114   722.91957446   722.91957446   641.60960187
   331.1533429    272.01881738   368.11242135   450.90075708
   378.46096332   532.21072966  7864.89189391  4396.65197227
  9526.57206096  9479.26444055  8045.25219674  5416.72253746
   319.3264378    494.90392446   333.268636     334.93497918
   681.53436063   693.19876289   601.54988798   639.87578113
   614.88063342   733.19099921   799.84472641   266.6149088
   373.26087232   253.28416336   453.24534496  8055.10293218
  5872.19336637   414.91945182   466.5760904    466.5760904
  7085.29120142  1138.11239195  5732.22053925  3227.70673969
   348.26572462   332.34166722   253.21269883   617.2059534
   603.35838393   443.12222295   237.38690515   269.03849251
   221.56111148   476.75203452   680.50912811   745.79052703
   348.16746089   269.03849251   727.98650914 11746.69535671
   397.62306613   284.86428619   316.51587354   348.16746089
   712.16071546   363.99325457   300.69007986  2666.64623457
   350.1456851    326.09855029   366.86086908   611.4347818
   326.09855029   570.67246301   532.45778915   529.91014423
   509.52898483   591.05362241   285.33623151   634.36358612
   326.09855029   387.24202847  2596.05017772   366.86086908
   326.09855029   203.81159393   224.19275333   244.57391272
   448.38550665   203.81159393   244.57391272   244.57391272
  1368.08532428   478.06484408   567.70200235   448.18579133
   418.30673857   418.30673857   448.18579133   418.30673857
   507.94389684   179.27431653   268.9114748    209.15336929
   179.27431653   179.27431653   239.03242204   149.39526378
   239.03242204   233.65312666   155.76875111   311.53750222
   233.65312666   155.76875111   233.65312666   155.76875111
    77.88437555    77.88437555   155.76875111   155.76875111
   233.65312666]
