[  399.29553202  1041.84167244   822.57486965   708.40043979
   813.49281273   456.69771943   612.39012378  1252.02641831
   905.61081863  1127.89635841   841.8356878    950.81118136
   764.19064863   490.38972105   415.46906922   468.59462233
   219.3131808    544.87746783   337.82403005   753.29309928
  7947.03786831  8382.93984257  8023.3207138   2924.62980858
  1115.63661538   532.21072966   983.11148674   724.3979376
   582.47507635  1030.41910715   923.97696122   830.84008353
   473.07620414   699.26576425  1021.54892832  1021.54892832
   532.21072966   721.44121132 11167.55514409  5430.0278057
 10735.87310781 10094.26350594  8128.04053246  6297.82696768
   473.07620414   924.82046491   921.48777855   641.54212431
   776.51592189   814.84181503   734.85734239   786.51398097
   723.19294013   919.82143537   934.81852399   414.91945182
  1028.13374207   599.8835448    599.8835448  11157.83393337
  6058.82380253   479.90683584   546.56056304   559.89130848
  8721.64020419  1458.05028251  6951.98374702  5730.55419607
   588.21914254   648.85754075   617.2059534    727.98650914
   759.63809649   522.25119134   300.69007986   332.34166722
   300.69007986   571.70679658   807.11547752   985.15565639
   921.85248168   524.22941555   888.22267012  6834.76464423
   492.57782819   348.16746089   381.79727246   443.12222295
  1091.97976371   458.94801663   395.64484192  3893.14524453
   700.2913702    713.34057877   611.4347818    835.62753513
   387.24202847   733.72173816   634.36358612   611.4347818
   631.81594119   733.72173816   366.86086908   797.41286126
   815.24637573   611.4347818   2636.81249651   448.38550665
   407.62318787   264.95507211   285.33623151   305.7173909
   695.5070643    264.95507211   346.47970969   346.47970969
  2924.69637294   537.8229496    627.46010786   567.70200235
   507.94389684   507.94389684   657.33916062   507.94389684
   746.97631888   328.66958031   328.66958031   268.9114748
   239.03242204   239.03242204   298.79052755   239.03242204
   358.54863306   311.53750222   233.65312666   389.42187777
   311.53750222   233.65312666   311.53750222   233.65312666
   155.76875111   155.76875111   155.76875111   155.76875111
   311.53750222]
