[  234.72964182   583.84651631   352.90278319   302.30275178
   343.82072627   249.10784696   394.42075769   855.01078722
   591.63113653   634.78225002   350.08377308   414.10687555
   337.82403005   326.9264807    284.69847694   272.43873392
   152.56569099   337.82403005   261.54118456   621.16031333
  5418.80641757  6849.10977063  7091.58024381  2748.9068252
   796.8832967    366.63405821   425.76858373   320.80480094
   403.59313666   793.88100508   780.57573684   688.91722229
   366.63405821   319.3264378    427.24694687   533.6890928
   390.28786842   544.03763477 10384.02268098  4894.86034976
 10614.6473305  10117.91731615  7663.83450714  5642.91209756
   342.980248     574.8883971    386.59161776   401.58870638
   763.18517645   746.52174465   694.86510607   679.86801745
   723.19294013   799.84472641   934.81852399   294.94274286
   426.58385408   346.59938144   466.5760904   7158.61030134
  2821.11900376   401.58870638   479.90683584   479.90683584
  6792.01480173  1231.42761003  5365.62503964  4365.81913163
   401.58870638   395.64484192   284.86428619   727.98650914
   664.68333443   490.59960399   269.03849251   300.69007986
   253.21269883   524.22941555   807.11547752   858.54930697
   365.97147878   286.84251039   759.63809649  8870.35735593
   413.44885981   300.69007986   348.16746089   379.81904825
   743.81230282   395.64484192   316.51587354  2063.28785063
   445.10044716   529.91014423   448.38550665   713.34057877
   366.86086908   631.81594119   654.74474551   652.19710059
   591.05362241   611.4347818    326.09855029   756.65054248
   366.86086908   448.38550665  4193.42354518   349.02735461
   346.47970969   224.19275333   244.57391272   264.95507211
   471.31431097   203.81159393   285.33623151   285.33623151
  1655.96920071   567.70200235   687.21821337   478.06484408
   507.94389684   507.94389684   507.94389684   448.18579133
   567.70200235   209.15336929   268.9114748    239.03242204
   209.15336929   179.27431653   239.03242204   179.27431653
   268.9114748    233.65312666   155.76875111   389.42187777
   311.53750222   155.76875111   311.53750222   155.76875111
    77.88437555    77.88437555   155.76875111   155.76875111
   233.65312666]
