[  236.0053464    677.26195892   352.90278319   354.2002199
   426.85667526   311.3848087    456.69771943   896.52876171
   634.44654772   678.37244745   437.26416793   546.2396615
   490.38972105   468.59462233   404.57151986   316.02893134
   196.15588842   555.77501719   337.82403005   764.19064863
  9042.24157865  8295.75944772  9894.9748158   2848.34696308
   841.8356878    390.28786842   555.86453987   439.07385197
   592.82361832  1256.60866726   758.40028977   712.57103249
   579.51835008   484.90310925   570.64817125   783.53246311
   484.90310925   579.51835008 10431.33030139  4894.86034976
 10330.80160801  9121.50056117  7628.35379183  5607.43138225
   413.94167863   588.21914254   519.89907216   588.21914254
  1151.44313739   961.48001487   654.87286975   813.17547185
   683.20070381  1174.77194191  1429.72244845   454.91168814
   559.89130848   333.268636     573.22205392 12257.62043218
  4170.85697957   454.91168814   614.88063342   626.54503569
  8301.72172283   829.83890365  4727.4156017   3924.23818893
   454.91168814   379.81904825   395.64484192  1046.48060689
   999.00322586   569.72857237   334.31989143   411.4706356
   318.49409775   763.59454491  1268.04171837  1335.30134149
   540.05520923   363.99325457   791.28968385  5386.70452279
   587.53259026   395.64484192   460.92624084   522.25119134
  1012.85079532   538.07698502   395.64484192  2874.35977658
   508.40362187   387.24202847   652.19710059  1100.58260724
   570.67246301  1062.36793338   797.41286126   652.19710059
  1039.43912906   754.10289755   570.67246301  1184.65488974
   509.52898483   509.52898483  2759.09945287   430.55199218
   468.76666605   305.7173909    346.47970969   346.47970969
   471.31431097   285.33623151   349.02735461   387.24202847
  1388.46648367   929.98551701   806.73442439   780.59025323
   806.73442439   507.94389684   717.09726613   657.33916062
   866.4925299    239.03242204   298.79052755   298.79052755
   268.9114748    268.9114748    328.66958031   239.03242204
   358.54863306   389.42187777   233.65312666   545.19062888
   389.42187777   233.65312666   389.42187777   233.65312666
   155.76875111   155.76875111   233.65312666   155.76875111
   311.53750222]
