[  256.4166196    801.8158824    518.97468117   428.15411196
   511.19006095   352.90278319   467.07721305   730.45686374
   655.20553497   886.78807889   524.44456279   599.36521461
   501.2872704    457.69707298   371.87887179   348.72157941
   185.25833906   414.10687555   294.23383263   566.67256654
  6963.53403887  7374.91652709  6740.13427706  2727.11172649
   918.11853329   484.90310925   626.82597049   462.72766218
   510.03528259  1150.16652133  1209.30104684  1127.99107426
   473.07620414   473.07620414   617.95579166   712.57103249
   461.24929904   614.99906539  8314.31428784  5656.21736581
 10283.4939876   8193.08851053  6652.63412079  5904.58237298
   402.11477352   736.52368557   573.22205392   601.54988798
   989.80784893  1229.76126685  1043.13083069  1013.13665345
   803.17741277  1283.08424861  1134.77970559   428.25019726
   626.54503569   453.24534496   546.56056304 13004.14217682
  4172.52332275   426.58385408   533.2298176    519.89907216
  7421.89252378  1204.76611915  6227.12446371  5007.36125594
   468.24243358   474.77381031   395.64484192  1078.13219424
  1014.82901953   553.90277869   302.66830407   363.99325457
   271.01671672   571.70679658   917.89603326  1335.30134149
   540.05520923   365.97147878   872.39687644  7295.69088507
   476.75203452   348.16746089   395.64484192   427.29642928
   807.11547752   458.94801663   363.99325457  3622.12852781
   619.18417761   529.91014423   672.57825998   794.86521634
   489.14782544   733.72173816   654.74474551   631.81594119
   631.81594119   713.34057877   387.24202847  1164.27373034
   529.91014423   529.91014423  5910.53622406   468.76666605
   387.24202847   244.57391272   264.95507211   285.33623151
   512.07662976   244.57391272   326.09855029   326.09855029
  2557.83550386   507.94389684   657.33916062   601.3159367
   507.94389684   478.06484408   507.94389684   507.94389684
   836.61347715   239.03242204   298.79052755   268.9114748
   209.15336929   209.15336929   268.9114748    209.15336929
   328.66958031   311.53750222   233.65312666   389.42187777
   311.53750222   233.65312666   311.53750222   233.65312666
   155.76875111   155.76875111   155.76875111   155.76875111
   233.65312666]
