[  317.65043921   822.57486965   561.79009236   499.51313062
   582.54907961   373.66177044   487.8362003   1010.70319157
   738.24148396   854.09543082   568.03476021   664.75051075
   566.67256654   479.49217169   404.57151986   381.41422748
   207.05343778   446.79952362   326.9264807    621.16031333
  6742.8586644   7726.36249384  5797.49625772  2420.61815084
   983.50382943   484.90310925   674.13359091   545.5159979
   533.6890928   1340.87536612  1469.49295912  1092.51035895
   603.17216028   520.38382456   700.74412739   783.53246311
   508.55691946   663.78504894  9952.34064469  6132.25029623
 12589.7404828  10046.95588552  6892.12894913  5845.44784746
   413.94167863   736.52368557   626.54503569   656.53921293
  1016.46933981  1203.09977597   816.50815821   906.49068993
   829.83890365  1068.12597839  1081.45672383   494.90392446
   706.52950833   493.23758128   586.55279936 11747.71941909
  5362.29235328   493.23758128   573.22205392   573.22205392
  8748.30169507  1471.38102795  6602.05167921  5543.9237599
   494.90392446   490.59960399   443.12222295  1109.7837816
   854.59285856   633.03174708   286.84251039   363.99325457
   316.51587354   635.00997129   886.24444591  1461.90769091
   619.18417761   413.44885981   872.39687644 10203.68047321
   524.22941555   379.81904825   397.62306613   458.94801663
  1044.50238268   474.77381031   395.64484192  3321.43844795
   555.8810029    550.29130362   713.34057877   774.48405695
   428.00434726   733.72173816   695.5070643    672.57825998
   672.57825998   774.48405695   387.24202847   899.31865823
   591.05362241   550.29130362  3151.43677119   468.76666605
   407.62318787   264.95507211   285.33623151   305.7173909
   613.98242672   264.95507211   346.47970969   346.47970969
  2639.36014144   537.8229496    687.21821337   567.70200235
   507.94389684   507.94389684   567.70200235   537.8229496
   866.4925299    268.9114748    298.79052755   268.9114748
   239.03242204   239.03242204   298.79052755   209.15336929
   358.54863306   311.53750222   233.65312666   389.42187777
   311.53750222   233.65312666   311.53750222   233.65312666
   155.76875111   155.76875111   233.65312666   155.76875111
   311.53750222]
