[ 225.7997098   739.53892066  644.82604135  480.05158008  583.84651631
  301.00531508  363.28227682  614.98499718  592.92857323  832.30033211
  591.1920526   250.6436352   196.15588842  185.25833906  174.36078971
  174.36078971  119.87304292  326.9264807   152.56569099  294.23383263
 2288.48536489 2101.86483216 2209.47813205 1138.79390777  709.70290185
  342.980248    567.69144497  189.23048166  285.32408562  532.21072966
  544.03763477  486.38147239  236.53810207  189.23048166  700.74412739
  629.78269677  307.49953269  390.28786842 2754.19052601 1034.85419657
 2006.1387782  2363.90265759 2151.01836572 3135.6082156   283.84572249
  749.85443101  333.268636    253.28416336  681.53436063  599.8835448
  521.56541534  586.55279936  561.55765166  626.54503569  599.8835448
  186.63043616  666.53727201  386.59161776  373.26087232 3905.90841395
 1576.36064829  148.30454302  253.28416336  239.95341792 2572.83386994
  401.58870638 3027.74555808 2919.43325138  388.25796094  474.77381031
  189.90952412  443.12222295  585.55436605  348.16746089  221.56111148
  237.38690515  189.90952412  350.1456851   474.77381031  540.05520923
  458.94801663  379.81904825  664.68333443 3624.10675202  253.21269883
  174.08373045  189.90952412  221.56111148  506.42539766  237.38690515
  205.7353178  1713.14216553  492.57782819  468.76666605  264.95507211
  468.76666605  529.91014423  838.17518005  369.408514    366.86086908
  326.09855029  407.62318787  203.81159393  468.76666605  468.76666605
  346.47970969 3008.76865544  203.81159393  203.81159393  122.28695636
  122.28695636  142.66811575  450.93315158  122.28695636  183.43043454
  224.19275333 1982.067751    328.66958031  418.30673857  870.2274115
  298.79052755  239.03242204  268.9114748   268.9114748   388.42768582
  388.42768582  179.27431653  119.51621102   89.63715827   89.63715827
  209.15336929   89.63715827  179.27431653  155.76875111   77.88437555
  155.76875111   77.88437555    0.           77.88437555   77.88437555
    0.            0.            0.            0.          155.76875111]
