[  214.31836862   437.23616888   259.48734058   229.64629642
   260.78477729   280.24632783   456.69771943   771.97483823
   518.97468117   471.31900967   262.90337823   337.82403005
   305.13138199   294.23383263   262.90337823   250.6436352
   217.95098713   577.5701159    490.38972105   905.85879027
  7225.07522343  8974.13189517  6217.05190795  2694.41907842
   709.70290185   272.01881738   342.980248     273.49718052
   332.63170604   711.09266936   674.13359091   545.5159979
   331.1533429    307.49953269   379.93932645   569.16980811
   555.86453987  1470.97132226 19059.05757448  6356.96149319
 11401.13651989  8145.78089012  6868.47513893  4086.1957133
   295.67262759   468.24243358   333.268636     334.93497918
   668.20361519   693.19876289   521.56541534   533.2298176
   614.88063342   773.18323553   788.18032415   293.27639968
   359.93012688   279.94565424   559.89130848 14370.54358444
 27567.98157014  1233.09395321   654.87286975   533.2298176
  5450.60854182   749.85443101  2757.79796292  3214.37599425
   294.94274286   284.86428619   253.21269883   601.38015972
   635.00997129   427.29642928   205.7353178    237.38690515
   237.38690515   492.57782819   696.33492179   745.79052703
   363.99325457   300.69007986   680.50912811  6263.05784765
   906.02668801   902.07023959   445.10044716   411.4706356
   538.07698502   363.99325457   284.86428619  1283.86751204
   350.1456851    285.33623151   387.24202847   631.81594119
   346.47970969   489.14782544   450.93315158   468.76666605
   509.52898483   652.19710059   326.09855029   634.36358612
   326.09855029   387.24202847  3844.39619057   471.31431097
   591.05362241   468.76666605   346.47970969   305.7173909
   305.7173909    224.19275333   264.95507211   244.57391272
  1184.65488974   597.58105511   687.21821337   448.18579133
   418.30673857   388.42768582   507.94389684   448.18579133
   507.94389684   239.03242204   328.66958031   418.30673857
   418.30673857   239.03242204   239.03242204   179.27431653
   239.03242204   311.53750222   311.53750222   467.30625332
   389.42187777   311.53750222   389.42187777   233.65312666
   233.65312666   233.65312666   233.65312666   233.65312666
   389.42187777]
