[  358.47298561   832.95436327   582.54907961   511.19006095
   563.08752906   373.66177044   498.21569392  1053.51860277
   790.13895207   821.40278275   569.39695388   687.90780314
   599.36521461   457.69707298   404.57151986   403.20932619
   217.95098713   468.59462233   326.9264807    775.08819799
  7489.34079533 10023.02102074  7791.74778998  2727.11172649
   983.50382943   461.24929904   709.61430622   558.82126615
   557.34290301  1232.95485705  1091.03199581   926.9336875
   614.99906539   555.86453987   759.87865291   830.84008353
   496.73001435   697.78740111  9047.58240427  5489.16233122
 11874.21272403  9597.53349159  6951.26347465  5869.10165767
   413.94167863   709.86219469   666.53727201   656.53921293
   883.16188541   934.81852399   803.17741277   879.82919905
   843.16964909  1014.80299663  1081.45672383   481.57317902
   759.85249009   519.89907216   573.22205392 12390.92788658
  4934.04215602   479.90683584   559.89130848   573.22205392
  8518.34633623  1379.73215305  6588.72093377  4834.06156522
   494.90392446   506.42539766   474.77381031   822.9412712
   838.76706488   585.55436605   286.84251039   363.99325457
   286.84251039   650.83576496   902.07023959  1080.11041845
   698.313146     445.10044716   888.22267012  8648.79624445
   508.40362187   363.99325457   381.79727246   443.12222295
  1139.45714474   458.94801663   395.64484192  3750.71310144
   603.35838393   570.67246301   631.81594119   774.48405695
   428.00434726   754.10289755   715.88822369   672.57825998
   692.95941937   794.86521634   407.62318787   878.93749884
   631.81594119   570.67246301  3192.19908998   448.38550665
   407.62318787   264.95507211   285.33623151   305.7173909
   654.74474551   264.95507211   308.26503582   346.47970969
  2764.19474272   537.8229496    687.21821337   541.55783119
   537.8229496    507.94389684   597.58105511   537.8229496
   717.09726613   268.9114748    298.79052755   268.9114748
   239.03242204   239.03242204   298.79052755   209.15336929
   328.66958031   311.53750222   233.65312666   389.42187777
   311.53750222   233.65312666   311.53750222   233.65312666
   155.76875111   155.76875111   155.76875111   155.76875111
   233.65312666]
