[ 236.0053464   666.8824653   425.55923856  374.95920714  426.85667526
  290.62582145  425.55923856  625.3644908   624.0670541   732.86019423
  415.46906922  469.956816    403.20932619  381.41422748  328.28867437
  305.13138199  174.36078971  370.51667812  272.43873392  577.5701159
 8625.41031576 8339.34964515 6159.83977382 2398.82305212  862.26859284
  413.94167863  508.55691946  368.11242135  462.72766218  888.49624591
  912.15005612  903.27987729  378.46096332  390.28786842  533.6890928
  629.78269677  413.94167863  591.34525518 8541.98221109 4585.88245393
 7953.59368218 9287.07723262 8116.21362736 5654.73900267  378.46096332
  641.54212431  466.5760904   494.90392446  869.83113997  988.14150575
  843.16964909  906.49068993  734.85734239 1108.11821471 1068.12597839
  348.26572462  519.89907216  413.25310864  519.89907216 9068.23958563
 3620.96373017  361.59647006  493.23758128  493.23758128 6832.00703805
 1324.74282811 7138.61418318 4767.40783802  428.25019726  411.4706356
  332.34166722  886.24444591  822.9412712   522.25119134  300.69007986
  363.99325457  300.69007986  540.05520923  917.89603326 1095.93621213
  445.10044716  379.81904825  824.91949541 8569.66727607  445.10044716
  316.51587354  363.99325457  395.64484192  902.07023959  427.29642928
  348.16746089 2716.10183981  619.18417761  570.67246301  529.91014423
  835.62753513  448.38550665  835.62753513  695.5070643   631.81594119
  692.95941937  815.24637573  366.86086908  940.08097702  448.38550665
  489.14782544 5750.03459384  407.62318787  366.86086908  244.57391272
  244.57391272  264.95507211  491.69547036  224.19275333  305.7173909
  305.7173909  2433.00090258  537.8229496   687.21821337  597.58105511
  537.8229496   448.18579133  507.94389684  507.94389684  717.09726613
  239.03242204  298.79052755  239.03242204  209.15336929  209.15336929
  268.9114748   179.27431653  298.79052755  233.65312666  233.65312666
  389.42187777  233.65312666  155.76875111  311.53750222  233.65312666
  155.76875111   77.88437555  155.76875111  155.76875111  233.65312666]
