[  358.47298561  1010.70319157   843.33385689   749.91841428
   844.6312936    477.45670667   612.39012378   979.5647107
   873.17490106  1127.89635841   864.99298018  1005.29892815
   751.93090561   425.00442491   339.18622372   435.90197426
   217.95098713   512.18481976   294.23383263   686.54560947
  9020.44647993 10480.71809372  7276.83858288  2924.62980858
  1081.58177364   532.21072966  1030.41910715   724.3979376
   356.28551625   687.43885915   745.09502153   653.43650697
   378.46096332   532.21072966  1033.37583343   974.24130791
   484.90310925   616.47742853 11383.39616223  2757.14725228
  8385.27571847 10165.22493656  8459.19387536  6297.82696768
   449.42239394   896.49263085   961.48001487   401.58870638
   614.88063342   706.52950833   654.87286975   653.20652657
   588.21914254   693.19876289   719.86025377   293.27639968
  1041.46448751   559.89130848   573.22205392  9488.158067
  4292.50003171   413.25310864   439.91459952   466.5760904
  6617.04876783  1258.08910091  7515.20774186  5863.86165047
   548.22690622   648.85754075   474.77381031   617.2059534
   603.35838393   427.29642928   237.38690515   284.86428619
   253.21269883   445.10044716   664.68333443   729.96473335
   953.50406904   508.40362187   840.74528909  7056.32575571
   397.62306613   300.69007986   332.34166722   379.81904825
   886.24444591   395.64484192   363.99325457  4100.85878654
   779.42033859   672.57825998   448.38550665   591.05362241
   550.29130362   570.67246301   695.5070643    529.91014423
   509.52898483   611.4347818    285.33623151   593.60126733
   815.24637573   570.67246301  3108.12680748   407.62318787
   346.47970969   224.19275333   244.57391272   264.95507211
   675.1259049    224.19275333   305.7173909    326.09855029
  3067.3644887    507.94389684   537.8229496    448.18579133
   418.30673857   358.54863306   507.94389684   448.18579133
   537.8229496    298.79052755   298.79052755   239.03242204
   209.15336929   209.15336929   239.03242204   209.15336929
   328.66958031   311.53750222   233.65312666   311.53750222
   233.65312666   155.76875111   311.53750222   233.65312666
   155.76875111   155.76875111   155.76875111   155.76875111
   233.65312666]
