[  193.90709542   406.09768801   238.72835334   198.50781555
   229.64629642   228.34885971   384.04126406   699.31838287
   487.8362003    438.6263616    230.21073016   294.23383263
   250.6436352    250.6436352    219.3131808    217.95098713
   163.46324035   415.46906922   359.61912877   666.11270442
  6655.67826955  6783.72447449  7769.95269126  2629.03378228
   698.80535249   260.19191228   307.49953269   226.18956011
   307.49953269   638.6528756    614.99906539   510.03528259
   283.84572249   248.36500718   308.97789583   450.90075708
   437.59548883   994.93839184 17438.77157528  6179.55791664
  9854.76867759  8122.12707991  6427.92292382  4621.36316924
   272.01881738   388.25796094   279.94565424   306.60714512
   574.8883971    613.21429024   481.57317902   493.23758128
   521.56541534   653.20652657   693.19876289   253.28416336
   306.60714512   239.95341792   453.24534496  8108.42591394
 18569.72839807   908.15703311   546.56056304   453.24534496
  4179.18869547   949.81561261  4244.17607949  2852.77952418
   293.27639968   253.21269883   221.56111148   522.25119134
   569.72857237   363.99325457   189.90952412   221.56111148
   205.7353178    413.44885981   585.55436605   619.18417761
   316.51587354   237.38690515   617.2059534   8807.05418122
   635.00997129   617.2059534    379.81904825   348.16746089
   490.59960399   316.51587354   253.21269883  1333.32311728
   302.66830407   264.95507211   326.09855029   529.91014423
   285.33623151   448.38550665   410.17083279   407.62318787
   428.00434726   529.91014423   264.95507211   532.45778915
   285.33623151   346.47970969  3925.92082814   369.408514
   428.00434726   326.09855029   264.95507211   244.57391272
   308.26503582   183.43043454   224.19275333   224.19275333
  1126.05905648   478.06484408   567.70200235   388.42768582
   358.54863306   328.66958031   418.30673857   388.42768582
   448.18579133   209.15336929   298.79052755   298.79052755
   298.79052755   179.27431653   209.15336929   149.39526378
   209.15336929   311.53750222   233.65312666   389.42187777
   311.53750222   233.65312666   311.53750222   155.76875111
   155.76875111   155.76875111   155.76875111   155.76875111
   311.53750222]
