[  234.72964182   572.16958598   332.14379595   281.54376453
   312.6822454    238.72835334   373.66177044   855.01078722
   602.01063015   591.1920526    306.49357565   370.51667812
   305.13138199   294.23383263   262.90337823   250.6436352
   141.66814164   316.02893134   250.6436352    719.23825754
  7083.4070818   8426.53004     7759.05514191  2770.70192392
   753.29309928   342.980248     378.46096332   285.32408562
   356.28551625   746.57338467   722.91957446   665.26341208
   342.980248     283.84572249   391.76623156   521.8621877
   378.46096332   544.03763477 11738.20331534  4894.86034976
 10378.10922842  8837.65483868  6880.30204403  5237.84059776
   319.3264378    508.2346699    346.59938144   361.59647006
   708.19585151   693.19876289   601.54988798   653.20652657
   654.87286975   746.52174465   853.16770817   279.94565424
   386.59161776   333.268636     466.5760904   8774.96318595
  6392.09243853   361.59647006   428.25019726   466.5760904
  7488.54625098  1218.09686459  4432.47285884  3214.37599425
   361.59647006   363.99325457   253.21269883   648.85754075
   603.35838393   443.12222295   237.38690515   269.03849251
   237.38690515   476.75203452   727.98650914   763.59454491
   348.16746089   300.69007986   743.81230282  7802.11628273
   397.62306613   284.86428619   332.34166722   348.16746089
   949.54762062   363.99325457   284.86428619  2081.09186852
   365.97147878   428.00434726   387.24202847   631.81594119
   326.09855029   611.4347818    573.22010794   550.29130362
   509.52898483   591.05362241   305.7173909    654.74474551
   326.09855029   407.62318787  3474.98767656   346.47970969
   326.09855029   203.81159393   224.19275333   244.57391272
   450.93315158   203.81159393   244.57391272   244.57391272
  1309.48949102   478.06484408   627.46010786   478.06484408
   448.18579133   418.30673857   448.18579133   418.30673857
   507.94389684   179.27431653   268.9114748    209.15336929
   179.27431653   179.27431653   239.03242204   149.39526378
   239.03242204   233.65312666   155.76875111   311.53750222
   233.65312666   155.76875111   233.65312666   155.76875111
    77.88437555    77.88437555   155.76875111   155.76875111
   233.65312666]
