[  256.4166196    687.64145254   415.17974493   395.71819439
   457.99515613   321.76430232   435.93873218   751.21585099
   634.44654772   776.45039166   469.956816     566.67256654
   479.49217169   457.69707298   382.77642115   326.9264807
   185.25833906   457.69707298   316.02893134   653.8529614
  5232.18588484  7549.27731679  7255.04348416  2748.9068252
   863.63078651   425.76858373   579.51835008   439.07385197
   592.82361832   925.45532436   804.22954705   712.57103249
   473.07620414   461.24929904   582.47507635   736.2248427
   484.90310925   579.51835008  9405.34628365  4668.67078965
 10472.72446925  9857.72540387  7379.98878466  5631.08519246
   413.94167863   656.53921293   533.2298176    574.8883971
  1111.45090107   881.49554223   923.15412173   733.19099921
  1111.45090107   879.82919905  1403.06095757   428.25019726
   586.55279936   413.25310864   559.89130848  7401.89640562
  3462.66112807   454.91168814   599.8835448    586.55279936
  6590.38727695  1364.73506443  5365.62503964  4257.50682493
   468.24243358   427.29642928   395.64484192  1046.48060689
   727.98650914   648.85754075   318.49409775   411.4706356
   286.84251039   603.35838393  1204.73854366  1287.82396046
   508.40362187   379.81904825   777.44211438 10108.72571115
   524.22941555   379.81904825   429.27465349   490.59960399
  1076.15397003   506.42539766   379.81904825  2112.74345587
   492.57782819   591.05362241   652.19710059  1059.82028845
   550.29130362   876.38985391  1082.74909277  1019.05796967
   713.34057877   672.57825998   428.00434726  1105.67789709
   509.52898483   509.52898483  4050.75542942   410.17083279
   428.00434726   285.33623151   326.09855029   346.47970969
   512.07662976   264.95507211   349.02735461   366.86086908
  1574.44456313   810.46930599  1105.52495195   541.55783119
   806.73442439   780.59025323   567.70200235   567.70200235
   836.61347715   239.03242204   298.79052755   298.79052755
   268.9114748    239.03242204   298.79052755   209.15336929
   328.66958031   311.53750222   233.65312666   467.30625332
   467.30625332   233.65312666   389.42187777   233.65312666
   155.76875111   155.76875111   155.76875111   155.76875111
   233.65312666]
