[  287.0335294    749.91841428   487.8362003    406.09768801
   468.37464975   311.3848087    446.3182258   1000.32369795
   738.24148396   766.91503597   448.16171729   491.75191472
   425.00442491   381.41422748   350.08377308   337.82403005
   185.25833906   381.41422748   294.23383263   730.13580689
  6789.17324917  8908.74659903  7693.66984577  2518.69609505
   950.81118136   437.59548883   532.21072966   391.76623156
   462.72766218  1042.24601226  1030.41910715   913.62841925
   484.90310925   402.11477352   557.34290301   653.43650697
   437.59548883   638.6528756   8811.0443022   5381.24182215
 12731.66334404 10236.18636718  8092.55981715  5416.72253746
   390.28786842   669.86995837   479.90683584   508.2346699
   856.50039453   894.82628767   776.51592189   853.16770817
   789.84666733   974.81076031  1028.13374207   374.9272155
   559.89130848   453.24534496   546.56056304 10917.88051545
  4225.84630451   439.91459952   533.2298176    546.56056304
  7315.24656026  1366.40140761  6855.33584257  5168.9965444
   468.24243358   443.12222295   348.16746089   775.46389017
   807.11547752   569.72857237   300.69007986   348.16746089
   271.01671672   635.00997129   870.41865223  1032.63303742
   492.57782819   411.4706356    840.74528909 10045.42253644
   460.92624084   332.34166722   365.97147878   427.29642928
   965.37341429   443.12222295   363.99325457  3446.06657316
   587.53259026   489.14782544   529.91014423   733.72173816
   407.62318787   733.72173816   675.1259049    652.19710059
   672.57825998   774.48405695   387.24202847   858.55633944
   489.14782544   509.52898483  2924.69637294   428.00434726
   366.86086908   244.57391272   264.95507211   285.33623151
   634.36358612   244.57391272   287.88387643   326.09855029
  2720.88477901   537.8229496    657.33916062   567.70200235
   507.94389684   478.06484408   567.70200235   507.94389684
   687.21821337   239.03242204   298.79052755   268.9114748
   209.15336929   209.15336929   268.9114748    209.15336929
   328.66958031   311.53750222   233.65312666   389.42187777
   311.53750222   233.65312666   311.53750222   233.65312666
   155.76875111   155.76875111   155.76875111   155.76875111
   233.65312666]
