[ 348.26734901  938.04673621  853.71335052  749.91841428  813.49281273
  435.93873218  550.11316204 1001.62113465  821.27743294 1093.84151667
  864.99298018  896.32343458  425.00442491  250.6436352   219.3131808
  359.61912877  174.36078971  435.90197426  228.84853649  588.46766526
 8047.84019986 9216.60236835 6652.95388221 2639.93133164 1048.88912557
  473.07620414 1030.41910715  308.97789583  249.84337031  591.34525518
  662.3066858   510.03528259  236.53810207  260.19191228 1009.72202322
  889.97460905  413.94167863  496.73001435 3539.20135226 2851.76249311
 5651.78227639 7770.27665308 5892.75546788 6058.33213933  402.11477352
  978.14344667  839.83696273  294.94274286  494.90392446  573.22205392
  521.56541534  479.90683584  428.25019726  506.56832672  533.2298176
  239.95341792 1014.80299663  479.90683584  493.23758128 7841.81100514
 2486.18402458  241.6197611   333.268636    359.93012688 3322.68830095
 1016.46933981 5165.66385804 5637.23897799  548.22690622  601.38015972
  348.16746089  490.59960399  569.72857237  332.34166722  174.08373045
  221.56111148  189.90952412  334.31989143  474.77381031  540.05520923
  906.02668801  460.92624084  777.44211438 5103.81846082  316.51587354
  205.7353178   253.21269883  284.86428619  664.68333443  300.69007986
  300.69007986 3655.75833937  684.46557653  631.81594119  285.33623151
  468.76666605  244.57391272  448.38550665  369.408514    387.24202847
  529.91014423  509.52898483  224.19275333  468.76666605  611.4347818
  509.52898483 4458.37861729  326.09855029  264.95507211  163.04927515
  183.43043454  203.81159393  491.69547036  183.43043454  244.57391272
  285.33623151 2331.09510561  388.42768582  866.4925299   328.66958031
  328.66958031  298.79052755  328.66958031  388.42768582  388.42768582
  268.9114748   268.9114748   179.27431653  119.51621102  149.39526378
  209.15336929  149.39526378  268.9114748   233.65312666  155.76875111
  233.65312666  155.76875111  155.76875111  233.65312666  155.76875111
   77.88437555   77.88437555   77.88437555  155.76875111  233.65312666]
