[  214.31836862   563.08752906   332.14379595   291.92325816
   333.44123265   249.10784696   384.04126406   687.64145254
   581.25164291   602.08960195   328.28867437   392.31177684
   326.9264807    316.02893134   273.80092758   261.54118456
   152.56569099   337.82403005   261.54118456   621.16031333
  6800.07079852  8865.1564016   6334.20056353  2683.52152907
   764.19064863   342.980248     402.11477352   297.15099073
   379.93932645   770.22719487   745.09502153   653.43650697
   366.63405821   307.49953269   427.24694687   569.16980811
   402.11477352   555.86453987 10620.56078305  4347.86598872
 11043.3726405   9216.11580199  7069.53252569  5001.30249569
   319.3264378    521.56541534   373.26087232   388.25796094
   749.85443101   693.19876289   641.54212431   666.53727201
   721.52659695   746.52174465   921.48777855   306.60714512
   413.25310864   359.93012688   479.90683584 12950.81919506
  4372.48450436   361.59647006   466.5760904    466.5760904
  7408.56177834  1178.10462827  4217.51458861  3640.95984833
   361.59647006   348.16746089   269.03849251   696.33492179
   603.35838393   458.94801663   253.21269883   284.86428619
   253.21269883   476.75203452   791.28968385   842.7235133
   395.64484192   300.69007986   759.63809649  7596.38096493
   413.44885981   300.69007986   348.16746089   363.99325457
   775.46389017   379.81904825   300.69007986  2207.69821793
   413.44885981   448.38550665   428.00434726   672.57825998
   366.86086908   652.19710059   654.74474551   611.4347818
   509.52898483   611.4347818    326.09855029   736.26938308
   366.86086908   407.62318787  3046.9833293    366.86086908
   326.09855029   224.19275333   244.57391272   264.95507211
   428.00434726   203.81159393   264.95507211   264.95507211
  1388.46648367   537.8229496    657.33916062   478.06484408
   478.06484408   478.06484408   448.18579133   448.18579133
   567.70200235   179.27431653   239.03242204   239.03242204
   179.27431653   179.27431653   239.03242204   179.27431653
   179.27431653   233.65312666   155.76875111   311.53750222
   233.65312666   155.76875111   311.53750222   155.76875111
    77.88437555    77.88437555   155.76875111   155.76875111
   233.65312666]
