[  685.05335684   948.42622983   592.92857323   635.74398443
   749.91841428  1124.87762143  1634.77024567  1803.43701705
  1123.58018472  1137.4317141    732.86019423   830.93813844
   972.60628008   993.03918512   952.17337503   852.73323715
  1073.40861163  3338.73668413  2921.90542124  4474.80620456
 12330.577097    9260.19256578  8952.33679645  3055.40040086
  1148.32926345   663.78504894  1054.07291736   832.31844667
  1080.68345384  2183.54235476  1683.85561413  1104.33726405
  1161.99342643  1246.26012529  1436.96897009  2173.19381279
  2588.61385455 12642.96155577 27379.28531488  8544.93893736
 11850.55891383  8385.27571847  6321.48077788  3670.77567154
   722.91957446  2344.54485428  1041.46448751  1111.45090107
  2181.24322264  2219.56911578  1324.74282811  1041.46448751
  2169.57882038  2661.15005848  2676.1471471   1018.13568299
  1201.43343279  1149.77679421  2074.59725912 20662.65543217
 38179.25494047  7435.22326922  2744.46721748  1736.32959357
  7461.8847601   1566.36258921  3161.05301249  3267.69897601
   749.85443101   759.63809649   822.9412712   1887.22589598
  2063.28785063  1428.27787934   555.8810029    696.33492179
   811.07192594  1827.87916969  2350.13036103  2462.88914097
  1238.36835522  1032.63303742  1889.20412019 11762.52115039
  5436.16012803  5885.21702361  2144.39504323  1444.10367302
  1505.42862352  1062.30640057   791.28968385  1317.49732361
   763.59454491   794.86521634  1286.5606867   2083.97354797
  1205.03604913  1080.20144785   881.48514376   896.77101331
  1880.16195403  2308.16630129  1245.79836792  2106.90235228
  1202.48840421  1202.48840421  5031.59872523  2231.73695357
  3087.74564809  2657.1936559   1694.18387457  1143.89257095
   919.69981762   754.10289755   838.17518005   815.24637573
  1571.89691821  2278.27777259  2603.2124713   1497.68751936
  1015.88779368   900.10646425  1945.87331069  1497.68751936
  1762.86411256   986.00874092  1732.98505981  2248.39871983
  2700.31939276  1019.62267527   896.37158266   661.07404221
   900.10646425  1801.07618469  1878.96056024  1947.10938885
  1713.45626219  1645.30743358  1635.57188663  1401.91875997
  1635.57188663  1635.57188663  1168.26563331  1090.38125776
  1791.34063774]
