[  255.14091503   677.26195892   332.14379595   343.82072627
   406.09768801   342.52328957   467.07721305   875.76977447
   624.0670541    700.16754616   415.46906922   546.2396615
   523.08236912   490.38972105   437.26416793   337.82403005
   217.95098713   807.78084606   381.41422748   894.96124091
 11387.93907766 11338.90010555  7377.64091442  2618.13623293
   818.67839542   402.11477352   567.69144497   462.72766218
   592.82361832  1268.43557236   793.88100508   700.74412739
   591.34525518   496.73001435   594.30198146   889.97460905
   532.21072966   640.13123873 12974.11489867  5097.39609966
 13157.43192777  8196.04523681  6179.55791664  4965.82178038
   402.11477352   654.87286975   533.2298176    574.8883971
  1138.11239195  1243.09201229   616.5469766    639.87578113
   668.20361519  1403.06095757  1443.05319389   454.91168814
   573.22205392   386.59161776   613.21429024 12067.65730966
  9414.83896708   694.86510607   654.87286975   639.87578113
  7151.94492862  1311.41208267  5205.65609436  3844.25371629
   428.25019726   363.99325457   395.64484192  1030.65481321
  1173.0869563    553.90277869   271.01671672   427.29642928
   271.01671672   953.50406904  1299.69330572  1319.47554782
   540.05520923   334.31989143   745.79052703 11378.74565372
   682.48735232   474.77381031   492.57782819   522.25119134
   759.63809649   522.25119134   395.64484192  2589.49549039
   524.22941555   387.24202847   652.19710059  1080.20144785
   428.00434726  1039.43912906   613.98242672   998.67681027
   774.48405695   815.24637573   570.67246301  1126.05905648
   509.52898483   489.14782544  2636.81249651   529.91014423
   509.52898483   326.09855029   366.86086908   366.86086908
   428.00434726   285.33623151   349.02735461   346.47970969
  1312.03713595   627.46010786  1254.92021572   780.59025323
   537.8229496    750.71120048   567.70200235   717.09726613
   896.37158266   239.03242204   358.54863306   358.54863306
   298.79052755   268.9114748    328.66958031   239.03242204
   358.54863306   389.42187777   311.53750222   467.30625332
   389.42187777   311.53750222   467.30625332   233.65312666
   155.76875111   233.65312666   233.65312666   233.65312666
   311.53750222]
