[  224.52400522   531.94904819   321.76430232   271.16427091
   302.30275178   238.72835334   384.04126406   699.31838287
   591.63113653   580.29450324   306.49357565   359.61912877
   294.23383263   283.33628327   252.00582887   239.74608585
   141.66814164   316.02893134   261.54118456   741.03335625
  8156.81569342  9083.10738873  7067.06075776  2672.62397971
   753.29309928   331.1533429    366.63405821   273.49718052
   344.45861114   746.57338467   722.91957446   641.60960187
   331.1533429    272.01881738   379.93932645   510.03528259
   378.46096332   532.21072966  8648.42435702  3920.61904185
  9429.00009386  9905.03302428  7915.1562406   5357.58801194
   319.3264378    494.90392446   346.59938144   348.26572462
   694.86510607   693.19876289   588.21914254   639.87578113
   614.88063342   746.52174465   801.51106959   279.94565424
   373.26087232   266.6149088    453.24534496  8405.03499999
  5710.55807791   401.58870638   466.5760904    466.5760904
  5960.50955491  1311.41208267  5718.88979381  3374.34493953
   348.26572462   348.16746089   253.21269883   617.2059534
   648.85754075   443.12222295   237.38690515   269.03849251
   237.38690515   476.75203452   696.33492179   747.76875124
   348.16746089   284.86428619   712.16071546 10346.1126163
   397.62306613   284.86428619   332.34166722   363.99325457
   633.03174708   363.99325457   300.69007986  2826.88239554
   381.79727246   326.09855029   387.24202847   611.4347818
   326.09855029   591.05362241   552.83894854   529.91014423
   529.91014423   611.4347818    305.7173909    654.74474551
   326.09855029   387.24202847  2657.1936559    366.86086908
   326.09855029   203.81159393   224.19275333   244.57391272
   428.00434726   203.81159393   244.57391272   244.57391272
  1347.70416488   478.06484408   567.70200235   448.18579133
   448.18579133   418.30673857   448.18579133   418.30673857
   507.94389684   179.27431653   239.03242204   209.15336929
   179.27431653   179.27431653   239.03242204   149.39526378
   179.27431653   233.65312666   155.76875111   311.53750222
   233.65312666   155.76875111   233.65312666   155.76875111
    77.88437555    77.88437555   155.76875111   155.76875111
   233.65312666]
