[ 276.8278928   855.01078722  810.89793932  687.64145254  760.29790791
  373.66177044  467.07721305  688.93888925  717.48249671  995.76357246
  798.24549037  305.13138199  196.15588842  196.15588842  175.72298338
  217.95098713  141.66814164  392.31177684  207.05343778  468.59462233
 4051.16397332 3534.89257255 3558.04986493 1675.49821358  907.22098394
  390.28786842  804.22954705  190.7088448   285.32408562  508.55691946
  532.21072966  462.72766218  224.71119697  189.23048166  960.93603967
  795.35936822  378.46096332  461.24929904 5153.5738989  2235.28506458
 2885.76484528 2791.14960445 2757.14725228 4334.56072048  354.80715311
  896.49263085  506.56832672  253.28416336  574.8883971   693.19876289
  481.57317902  453.24534496  414.91945182  573.22205392  586.55279936
  199.9611816   919.82143537  559.89130848  439.91459952 5472.27100316
 2419.53029738  266.6149088   319.93789056  293.27639968 2251.2296362
  481.57317902 1954.62055016 3615.96470063  494.90392446  553.90277869
  189.90952412  585.55436605  854.59285856  363.99325457  205.7353178
  221.56111148  205.7353178   334.31989143  474.77381031  587.53259026
  555.8810029   429.27465349  727.98650914 5483.63750906  316.51587354
  205.7353178   237.38690515  253.21269883  680.50912811  284.86428619
  237.38690515 2160.2208369   540.05520923  570.67246301  264.95507211
  428.00434726  264.95507211  428.00434726  777.03170187  448.38550665
  529.91014423  529.91014423  203.81159393  489.14782544  631.81594119
  428.00434726 3373.08187959  264.95507211  244.57391272  163.04927515
  183.43043454  183.43043454  471.31431097  142.66811575  224.19275333
  244.57391272 1880.16195403  388.42768582  567.70200235  687.21821337
  776.85537164  298.79052755  478.06484408  298.79052755  418.30673857
  418.30673857  239.03242204  149.39526378  149.39526378  119.51621102
  209.15336929  149.39526378  209.15336929  155.76875111   77.88437555
  467.30625332  155.76875111   77.88437555  155.76875111   77.88437555
   77.88437555    0.           77.88437555   77.88437555  155.76875111]
