[ 676.12342482 1146.93404538  603.30806685  343.82072627  509.89262424
  634.44654772  757.7030345   677.26195892 1196.23664009 1334.94979618
  524.44456279  261.54118456  217.95098713  196.15588842  196.15588842
  207.05343778  163.46324035  523.08236912  228.84853649  435.90197426
 2738.00927585 3161.65150709 3609.81322438 1073.40861163 1202.81701024
  697.78740111  366.63405821  201.05738676  248.36500718  520.38382456
  496.73001435  427.24694687  201.05738676  189.23048166  450.90075708
  830.84008353  579.51835008 1113.20744288 2933.0724657  1663.1585302
 3704.77802371 3574.68206757 3088.30059518 2836.97886173  354.80715311
 1098.12015563  253.28416336  213.29192704  401.58870638  426.58385408
  348.26572462  386.59161776  254.95050654  359.93012688  559.89130848
  173.29969072  333.268636    854.83405135  854.83405135 2701.1422948
 1616.35288461  266.6149088   239.95341792  239.95341792 3001.0840672
  696.53144925 3064.40510804 2584.4982722   694.86510607  664.68333443
  189.90952412  300.69007986  332.34166722  205.7353178    94.95476206
   94.95476206   79.12896838  237.38690515  490.59960399  714.13893967
  269.03849251  650.83576496 3161.20228697 5355.05293544  221.56111148
  189.90952412  142.43214309  158.25793677  458.94801663  221.56111148
  205.7353178  1907.00813807  571.70679658  754.10289755  264.95507211
  285.33623151  122.28695636  163.04927515  183.43043454  163.04927515
  142.66811575  203.81159393  163.04927515  410.17083279  224.19275333
  468.76666605 2371.8574244   326.09855029  163.04927515  122.28695636
  101.90579697  122.28695636  369.408514    101.90579697  122.28695636
  224.19275333 1819.01847585  239.03242204  268.9114748   119.51621102
  149.39526378   89.63715827  119.51621102  239.03242204  239.03242204
  209.15336929  209.15336929  119.51621102   59.75810551   89.63715827
  119.51621102   89.63715827  179.27431653  155.76875111    0.
  155.76875111    0.            0.           77.88437555   77.88437555
    0.            0.            0.            0.          155.76875111]
