[ 757.76851763 1052.22116606  529.35417479  437.23616888  426.85667526
  342.52328957  425.55923856  406.09768801  779.75945845 1204.17920391
  634.78225002  239.74608585  207.05343778  185.25833906  174.36078971
  185.25833906  152.56569099  446.79952362  163.46324035  228.84853649
  973.96847375 1333.58760252 2285.76097755  711.06509552  874.52833587
  674.13359091  508.55691946  189.23048166  212.88429187  413.94167863
  378.46096332  297.15099073  177.40357655  165.57667145  663.78504894
  854.49389374  473.07620414 1030.41910715  912.15005612  842.66698863
 2088.92711393 2409.73191486 2566.43840749 2242.67688027  248.36500718
 1084.78941019  239.95341792  199.9611816   306.60714512  306.60714512
  279.94565424  279.94565424  226.62267248  279.94565424  359.93012688
  159.96894528  413.25310864  788.18032415  679.86801745 1148.11045103
  626.54503569  119.97670896  133.3074544   146.63819984 1767.99011399
  534.89616078 3587.63686657 2959.4254877   481.57317902  664.68333443
  189.90952412  269.03849251  269.03849251  158.25793677   63.30317471
   63.30317471   63.30317471  158.25793677  284.86428619  334.31989143
  237.38690515  540.05520923 2476.73671044 1271.99816678  126.60634942
   94.95476206   94.95476206  110.78055574  269.03849251  142.43214309
  158.25793677 2733.90585769  492.57782819  733.72173816  224.19275333
  244.57391272   81.52463757  122.28695636  122.28695636  122.28695636
   81.52463757  142.66811575   81.52463757  326.09855029  203.81159393
  448.38550665 2328.54746069  142.66811575  101.90579697   81.52463757
   61.14347818   81.52463757  264.95507211   61.14347818  101.90579697
  183.43043454 2313.26159114  179.27431653  179.27431653   89.63715827
   89.63715827   59.75810551   59.75810551  179.27431653  209.15336929
  179.27431653  119.51621102   59.75810551   29.87905276   59.75810551
   89.63715827   59.75810551  149.39526378   77.88437555    0.
   77.88437555    0.            0.           77.88437555   77.88437555
    0.            0.            0.            0.           77.88437555]
