[ 408.22546404  760.29790791  415.17974493  250.40528366  364.57971352
  332.14379595  435.93873218  552.70803544 1019.78524849  830.93813844
  328.28867437  239.74608585  196.15588842  185.25833906  174.36078971
  185.25833906  119.87304292  337.82403005  207.05343778  435.90197426
 3120.785697   3600.27786869 3807.33130647 1216.43894693  961.70873072
  473.07620414  295.67262759  177.40357655  212.88429187  579.51835008
  520.38382456  391.76623156  177.40357655  153.74976635  308.97789583
  641.60960187  402.11477352  947.63077143 4001.92901444 2578.26531259
 5258.5376817  5879.45019964 3814.17689592 3289.35798194  248.36500718
  709.86219469  213.29192704  186.63043616  333.268636    373.26087232
  334.93497918  399.9223632   253.28416336  359.93012688  506.56832672
  159.96894528  266.6149088   546.56056304  734.85734239 5845.53187549
 1791.31891851  319.93789056  266.6149088   293.27639968 4500.79292922
  843.16964909 3734.27506641 2731.13647204  548.22690622  443.12222295
  158.25793677  284.86428619  284.86428619  174.08373045   63.30317471
   79.12896838   63.30317471  189.90952412  427.29642928  413.44885981
  221.56111148  492.57782819 2555.86567883 5594.4180648   253.21269883
  205.7353178   142.43214309  189.90952412  443.12222295  221.56111148
  189.90952412 2160.2208369   460.92624084  489.14782544  224.19275333
  244.57391272  101.90579697  142.66811575  142.66811575  142.66811575
  101.90579697  163.04927515  101.90579697  326.09855029  203.81159393
  387.24202847 3210.03260445  264.95507211  163.04927515  101.90579697
  101.90579697  122.28695636  305.7173909   101.90579697  122.28695636
  203.81159393 1696.73151949  209.15336929  239.03242204   89.63715827
  119.51621102   89.63715827   89.63715827  209.15336929  209.15336929
  179.27431653  179.27431653  119.51621102   59.75810551   89.63715827
  119.51621102   89.63715827  149.39526378  155.76875111   77.88437555
  155.76875111   77.88437555    0.            0.           77.88437555
    0.            0.           77.88437555    0.          155.76875111]
