[ 122.46763921  229.64629642  134.9334171   124.55392348  134.9334171
  114.17442986  207.58987247  416.47718164  487.8362003   284.69847694
  130.77059228  130.77059228  119.87304292  108.97549357   98.07794421
   98.07794421   54.48774678  141.66814164  108.97549357  294.23383263
 3897.23608866 3961.25919113 2231.27323077  788.71013468  359.61912877
  189.23048166  153.74976635  106.44214593  130.09595614  319.3264378
  378.46096332  248.36500718  118.26905104  106.44214593  165.57667145
  260.19191228  177.40357655  295.67262759 2553.13313924 1639.50471999
 6114.50993857 3456.41301653 3111.95440539 2492.52025059  153.74976635
  281.61199742  133.3074544   133.3074544   226.62267248  213.29192704
  213.29192704  226.62267248  213.29192704  239.95341792  253.28416336
  106.64596352  173.29969072  186.63043616  253.28416336 4429.14017248
 1389.73021213  133.3074544   159.96894528  186.63043616 1568.02893239
  548.22690622 3495.98799167 1901.2975684   199.9611816   174.08373045
  110.78055574  221.56111148  237.38690515  142.43214309   63.30317471
   79.12896838   47.47738103  126.60634942  221.56111148  253.21269883
  126.60634942  142.43214309  585.55436605 4688.3913768   142.43214309
   94.95476206   94.95476206  126.60634942  158.25793677  126.60634942
  126.60634942  886.24444591  269.03849251  224.19275333  122.28695636
  224.19275333  101.90579697  203.81159393  203.81159393  203.81159393
  183.43043454  224.19275333   81.52463757  224.19275333  122.28695636
  203.81159393 2700.50361962  163.04927515  122.28695636   81.52463757
   61.14347818   81.52463757  101.90579697   61.14347818   81.52463757
  101.90579697 1882.70959896  209.15336929  239.03242204  149.39526378
  149.39526378  119.51621102  149.39526378  149.39526378  149.39526378
   59.75810551   89.63715827   59.75810551   29.87905276   59.75810551
   89.63715827   59.75810551   89.63715827   77.88437555    0.
  155.76875111    0.            0.           77.88437555    0.
    0.            0.            0.            0.           77.88437555]
