[ 377.60855424  563.08752906  342.52328957  291.92325816  291.92325816
  249.10784696  352.90278319  552.70803544  967.88778037  732.86019423
  284.69847694  359.61912877  228.84853649  207.05343778  207.05343778
  228.84853649  197.51808209  370.51667812  207.05343778  283.33628327
 2540.49119376 3107.1637603  3568.94741429 1314.51689114  874.52833587
  437.59548883  402.11477352  190.7088448   236.53810207  508.55691946
  520.38382456  379.93932645  212.88429187  189.23048166  427.24694687
  665.26341208  331.1533429   721.44121132 3301.18488705  926.9336875
 3360.31941257 3586.50897267 4670.14915279 2944.8993708   236.53810207
  696.53144925  346.59938144  239.95341792  441.5809427   373.26087232
  321.60423374  346.59938144  294.94274286  373.26087232  439.91459952
  199.9611816   479.90683584  519.89907216  453.24534496 2956.09280134
  988.14150575  134.97379758  186.63043616  186.63043616 2062.93285686
  749.85443101 4790.73664254 4552.4495678   388.25796094  458.94801663
  221.56111148  395.64484192  395.64484192  237.38690515   94.95476206
   79.12896838   79.12896838  205.7353178   363.99325457  460.92624084
  348.16746089  381.79727246 1317.49732361 2654.77688931  158.25793677
  110.78055574  126.60634942  142.43214309  205.7353178   189.90952412
  189.90952412 3687.40992673  571.70679658  591.05362241  264.95507211
  346.47970969  101.90579697  163.04927515  163.04927515  163.04927515
  203.81159393  224.19275333  142.66811575  326.09855029  264.95507211
  387.24202847 1676.3503601   163.04927515  142.66811575  101.90579697
   81.52463757  101.90579697  183.43043454  101.90579697  142.66811575
  203.81159393 3683.89456034  209.15336929  239.03242204  119.51621102
  119.51621102   89.63715827  209.15336929  239.03242204  268.9114748
  149.39526378  119.51621102   89.63715827   59.75810551   59.75810551
  119.51621102   89.63715827  179.27431653   77.88437555    0.
   77.88437555    0.            0.           77.88437555   77.88437555
    0.            0.            0.           77.88437555   77.88437555]
