[ 582.99699083  781.05689515  425.55923856  583.84651631  374.95920714
  280.24632783  415.17974493  666.8824653  1123.58018472 1028.45622053
  524.44456279  524.44456279  217.95098713  185.25833906  185.25833906
  217.95098713  295.5960263   698.80535249  457.69707298  316.02893134
 4062.06152268 4867.1179814  4006.21158222 1149.69145712 1048.88912557
  603.17216028  875.19097767  212.88429187  212.88429187  461.24929904
  484.90310925  332.63170604  177.40357655  153.74976635  878.14770394
  889.97460905  437.59548883  923.97696122 1352.70227123  915.10678239
 3277.53107684 2897.59175039 3018.8175277  2862.11103508  248.36500718
 1031.46642843  639.87578113  226.62267248  361.59647006  333.268636
  308.2734883   333.268636    254.95050654  319.93789056  373.26087232
  173.29969072  893.15994449  719.86025377  586.55279936 1724.66519131
  746.52174465  119.97670896  173.29969072  186.63043616 3819.25856859
  709.86219469 5047.35349226 5142.33505352  548.22690622  680.50912811
  205.7353178   348.16746089  348.16746089  189.90952412   47.47738103
   79.12896838   63.30317471  174.08373045  316.51587354  334.31989143
  411.4706356   587.53259026 1968.33308857 1256.17237311  142.43214309
  110.78055574  110.78055574  142.43214309  284.86428619  174.08373045
  174.08373045 3448.04479736  603.35838393  815.24637573  224.19275333
  305.7173909   101.90579697  142.66811575  142.66811575  142.66811575
  163.04927515  183.43043454   81.52463757  285.33623151  244.57391272
  489.14782544 1492.91992556  163.04927515  122.28695636   81.52463757
   81.52463757  101.90579697  183.43043454  101.90579697  122.28695636
  203.81159393 3663.51340095  209.15336929  209.15336929  119.51621102
  119.51621102   89.63715827  119.51621102  239.03242204  239.03242204
  179.27431653  119.51621102   89.63715827   59.75810551   59.75810551
  119.51621102   89.63715827  179.27431653  155.76875111    0.
   77.88437555    0.            0.           77.88437555   77.88437555
    0.            0.            0.           77.88437555  155.76875111]
