[ 327.85607581  583.84651631  384.04126406  302.30275178  323.06173903
  249.10784696  425.55923856  668.179902    905.61081863  732.86019423
  295.5960263   403.20932619  337.82403005  283.33628327  284.69847694
  283.33628327  185.25833906  337.82403005  185.25833906  316.02893134
 3623.43516107 5151.81645834 5120.48600394 1971.09423988  873.1661422
  449.42239394  402.11477352  308.97789583  273.49718052  591.34525518
  603.17216028  439.07385197  236.53810207  248.36500718  391.76623156
  665.26341208  331.1533429   674.13359091 2588.61385455 2151.01836572
 4714.50004693 5058.95865807 5227.4920558  3895.4868685   260.19191228
  723.19294013  373.26087232  268.28125198  494.90392446  413.25310864
  374.9272155   413.25310864  334.93497918  399.9223632   479.90683584
  226.62267248  466.5760904   493.23758128  439.91459952 3184.38181701
 1296.41499405  161.63528846  226.62267248  239.95341792 2371.20634516
  789.84666733 5798.87426645 3855.91811855  414.91945182  474.77381031
  300.69007986  443.12222295  443.12222295  253.21269883  110.78055574
   94.95476206   94.95476206  221.56111148  363.99325457  508.40362187
  395.64484192  365.97147878 1141.43536895 4611.24063262  205.7353178
  142.43214309  158.25793677  189.90952412  284.86428619  221.56111148
  221.56111148 3671.58413305  571.70679658  611.4347818   305.7173909
  387.24202847  183.43043454  346.47970969  203.81159393  183.43043454
  285.33623151  366.86086908  142.66811575  387.24202847  285.33623151
  407.62318787 3046.9833293   203.81159393  163.04927515  101.90579697
  101.90579697  142.66811575  244.57391272  122.28695636  163.04927515
  203.81159393 3436.7730027   239.03242204  239.03242204  268.9114748
  209.15336929  119.51621102  239.03242204  268.9114748   268.9114748
  179.27431653  149.39526378  119.51621102   59.75810551   89.63715827
  149.39526378  119.51621102  179.27431653  155.76875111   77.88437555
  155.76875111   77.88437555   77.88437555  155.76875111   77.88437555
    0.            0.           77.88437555   77.88437555  155.76875111]
