[ 357.19728104  520.27211787  290.62582145  229.64629642  250.40528366
  249.10784696  321.76430232  323.06173903  810.89793932  612.98715131
  272.43873392  217.95098713  174.36078971  163.46324035  152.56569099
  163.46324035  119.87304292  337.82403005  174.36078971  272.43873392
 1664.60066422 1268.20230638 1289.99740509  371.87887179  599.36521461
  366.63405821  283.84572249  165.57667145  177.40357655  342.980248
  354.80715311  308.97789583  177.40357655  153.74976635  332.63170604
  665.26341208  378.46096332 1055.5512805  2313.6383109  1224.08467822
 1827.25683851 1293.56774571 1188.60396291 1185.64723664  177.40357655
  614.88063342  213.29192704  186.63043616  293.27639968  293.27639968
  266.6149088   306.60714512  241.6197611   373.26087232  479.90683584
  159.96894528  306.60714512  786.51398097  761.51883327 4334.15861121
 2312.88433386  186.63043616  146.63819984  133.3074544  1526.37035289
  254.95050654 1553.03184377 1378.06580987  308.2734883   379.81904825
  158.25793677  253.21269883  253.21269883  142.43214309   63.30317471
   63.30317471   63.30317471  205.7353178   411.4706356   397.62306613
  237.38690515  587.53259026 2858.5339829  3323.41667216  205.7353178
  126.60634942   94.95476206  110.78055574  221.56111148  110.78055574
  110.78055574 1810.0751518   365.97147878  448.38550665  183.43043454
  244.57391272   81.52463757  122.28695636  142.66811575  142.66811575
  101.90579697  163.04927515  101.90579697  387.24202847  183.43043454
  407.62318787 2476.31086629  163.04927515  142.66811575  101.90579697
   61.14347818   81.52463757  203.81159393   61.14347818   81.52463757
  142.66811575 1961.68659161  209.15336929  209.15336929   89.63715827
   89.63715827   59.75810551   59.75810551  179.27431653  239.03242204
  179.27431653  119.51621102   59.75810551   29.87905276   29.87905276
   89.63715827   29.87905276  119.51621102   77.88437555    0.
   77.88437555    0.            0.           77.88437555    0.
    0.            0.            0.            0.           77.88437555]
