[ 122.46763921  250.40528366  155.69240435  145.31291073  145.31291073
  114.17442986  217.96936609  395.71819439  498.21569392  317.39112501
  141.66814164  152.56569099  130.77059228  119.87304292  119.87304292
  108.97549357   65.38529614  141.66814164  108.97549357  326.9264807
 3623.43516107 2548.66435578 3337.37449046  799.60768404  392.31177684
  212.88429187  177.40357655  118.26905104  153.74976635  378.46096332
  402.11477352  272.01881738  130.09595614  106.44214593  177.40357655
  248.36500718  189.23048166  272.01881738 3039.51461163 1865.6942801
 4869.72817641 6688.1148361  4443.95959268 4881.55508152  165.57667145
  319.93789056  159.96894528  159.96894528  293.27639968  253.28416336
  253.28416336  266.6149088   239.95341792  253.28416336  279.94565424
  119.97670896  186.63043616  173.29969072  253.28416336 3825.92394131
 1041.46448751  133.3074544   186.63043616  213.29192704 4822.39716296
  401.58870638 3012.74846946 2824.45169012  226.62267248  189.90952412
  126.60634942  269.03849251  269.03849251  174.08373045   79.12896838
   94.95476206   63.30317471  126.60634942  237.38690515  284.86428619
  158.25793677  158.25793677  553.90277869 4625.08820209  142.43214309
   94.95476206  110.78055574  142.43214309  189.90952412  158.25793677
  142.43214309 1046.48060689  316.51587354  224.19275333  142.66811575
  244.57391272  122.28695636  224.19275333  224.19275333  224.19275333
  203.81159393  244.57391272   81.52463757  224.19275333  142.66811575
  224.19275333 2965.45869173  163.04927515  122.28695636   81.52463757
   81.52463757  101.90579697  101.90579697   81.52463757  101.90579697
  122.28695636 2208.80814925  239.03242204  268.9114748   179.27431653
  179.27431653  149.39526378  179.27431653  179.27431653  179.27431653
   89.63715827  119.51621102   59.75810551   59.75810551   59.75810551
   89.63715827   59.75810551   89.63715827   77.88437555    0.
  155.76875111    0.            0.           77.88437555    0.
    0.            0.            0.            0.           77.88437555]
