[ 346.99164444  551.41059874  332.14379595  271.16427091  291.92325816
  238.72835334  352.90278319  563.08752906  904.31338193  689.26999681
  273.80092758  326.9264807   228.84853649  207.05343778  186.62053273
  228.84853649  185.25833906  337.82403005  185.25833906  326.9264807
 3044.5028515  2964.133425   3261.09164497 1292.72179243  874.52833587
  413.94167863  366.63405821  190.7088448   236.53810207  496.73001435
  496.73001435  379.93932645  212.88429187  189.23048166  391.76623156
  617.95579166  307.49953269  685.96049601 3074.99532694 1093.98872208
 3385.45158591 3503.72063695 4977.64868549 3860.00615319  248.36500718
  656.53921293  319.93789056  253.28416336  428.25019726  373.26087232
  321.60423374  359.93012688  294.94274286  373.26087232  439.91459952
  199.9611816   426.58385408  479.90683584  439.91459952 3477.65821669
  906.49068993  146.63819984  186.63043616  186.63043616 1767.99011399
  803.17741277 5115.67356264 4565.78031324  388.25796094  458.94801663
  221.56111148  395.64484192  395.64484192  237.38690515   94.95476206
   79.12896838   94.95476206  205.7353178   363.99325457  460.92624084
  332.34166722  379.81904825 1238.36835522 1748.7502013   174.08373045
  110.78055574  126.60634942  142.43214309  237.38690515  189.90952412
  189.90952412 3719.06151408  492.57782819  570.67246301  264.95507211
  346.47970969  101.90579697  163.04927515  163.04927515  163.04927515
  203.81159393  224.19275333  142.66811575  346.47970969  264.95507211
  366.86086908 2206.26050433  163.04927515  142.66811575  101.90579697
   81.52463757  101.90579697  183.43043454  101.90579697  142.66811575
  203.81159393 3887.70615428  209.15336929  209.15336929  149.39526378
  119.51621102   89.63715827  209.15336929  239.03242204  268.9114748
  179.27431653  119.51621102   89.63715827   59.75810551   59.75810551
  119.51621102   89.63715827  179.27431653   77.88437555    0.
   77.88437555    0.            0.           77.88437555   77.88437555
    0.            0.            0.            0.           77.88437555]
