[ 480.94062482  698.02094617  384.04126406  354.2002199   343.82072627
  280.24632783  404.80025131  594.22600993  957.50828675  875.89052954
  404.57151986  294.23383263  239.74608585  217.95098713  217.95098713
  207.05343778  141.66814164  370.51667812  185.25833906  370.51667812
 3142.58079571 4049.80177965 3720.15091161 1369.00463792  885.42588522
  508.55691946  449.42239394  236.53810207  248.36500718  555.86453987
  614.99906539  415.42004176  212.88429187  189.23048166  486.38147239
  700.74412739  354.80715311  923.97696122 3454.93465339 1485.75495364
 5008.69431138 3348.49250746 3018.8175277  2980.38008611  236.53810207
  883.16188541  293.27639968  239.95341792  348.26572462  386.59161776
  361.59647006  426.58385408  294.94274286  399.9223632   479.90683584
  199.9611816   426.58385408  559.89130848  573.22205392 2942.7620559
 1496.37617565  173.29969072  186.63043616  213.29192704 3535.98022799
  548.22690622 2396.20149286 2704.47498116  481.57317902  522.25119134
  205.7353178   332.34166722  316.51587354  189.90952412   79.12896838
   79.12896838   79.12896838  221.56111148  395.64484192  413.44885981
  300.69007986  460.92624084 1873.37832651 1400.58274041  174.08373045
  126.60634942  126.60634942  158.25793677  284.86428619  158.25793677
  158.25793677 1699.29459606  413.44885981  631.81594119  244.57391272
  285.33623151  101.90579697  142.66811575  163.04927515  163.04927515
  122.28695636  203.81159393  122.28695636  366.86086908  244.57391272
  366.86086908 2287.7851419   163.04927515  142.66811575  101.90579697
   81.52463757  101.90579697  244.57391272   81.52463757  122.28695636
  163.04927515 2269.95162743  209.15336929  239.03242204   89.63715827
  119.51621102   89.63715827   59.75810551  239.03242204  268.9114748
  179.27431653  119.51621102   89.63715827   59.75810551   59.75810551
  119.51621102   59.75810551  119.51621102   77.88437555    0.
   77.88437555    0.            0.           77.88437555   77.88437555
    0.            0.            0.           77.88437555   77.88437555]
