[ 338.06171241  646.12347805  467.07721305  323.06173903  426.85667526
  269.86683421  404.80025131  625.3644908   884.85183139  832.30033211
  317.39112501  588.46766526  642.95541204  566.67256654  469.956816
  294.23383263  186.62053273  392.31177684  196.15588842  316.02893134
 2321.17801296 4670.96209298 3390.50004358 1829.42609824  840.47349413
  508.55691946  413.94167863  592.82361832  594.30198146  699.26576425
  662.3066858   606.12888656  520.38382456  402.11477352  486.38147239
  736.2248427   378.46096332  567.69144497 4844.59600307 1330.52682416
 2433.38572507 3525.89608402 4883.03344466 4738.15385714  272.01881738
  843.16964909  506.56832672  628.21137887  668.20361519  493.23758128
  414.91945182  453.24534496  388.25796094  519.89907216  653.20652657
  481.57317902  746.52174465  573.22205392  413.25310864 2006.27718874
  666.53727201  161.63528846  253.28416336  253.28416336 2116.25583862
  643.20846749 3560.97537569 4217.51458861  468.24243358  553.90277869
  522.25119134  585.55436605  522.25119134  316.51587354  126.60634942
  158.25793677  126.60634942  269.03849251  506.42539766  729.96473335
  666.66155864  429.27465349  967.3516385  1495.53750247  221.56111148
  158.25793677  189.90952412  205.7353178   332.34166722  253.21269883
  221.56111148 3687.40992673  587.53259026  754.10289755  529.91014423
  468.76666605  203.81159393  387.24202847  264.95507211  224.19275333
  346.47970969  407.62318787  183.43043454  450.93315158  509.52898483
  428.00434726 3454.60651717  203.81159393  183.43043454  122.28695636
  122.28695636  142.66811575  285.33623151  122.28695636  183.43043454
  224.19275333 3745.03803852  298.79052755  298.79052755  268.9114748
  239.03242204  179.27431653  239.03242204  268.9114748   328.66958031
  209.15336929  149.39526378  119.51621102   89.63715827   89.63715827
  149.39526378  119.51621102  209.15336929  155.76875111   77.88437555
  155.76875111    0.           77.88437555  155.76875111   77.88437555
    0.            0.           77.88437555   77.88437555  155.76875111]
