[ 542.17444443  749.91841428  425.55923856  489.133637    364.57971352
  290.62582145  404.80025131  635.74398443 1144.33917197  941.27582568
  524.44456279  305.13138199  239.74608585  217.95098713  217.95098713
  217.95098713  152.56569099  392.31177684  217.95098713  370.51667812
 3624.79735474 4399.88555273 3807.33130647 1369.00463792  961.70873072
  532.21072966  591.34525518  202.5357499   248.36500718  544.03763477
  555.86453987  427.24694687  212.88429187  189.23048166  665.26341208
  795.35936822  390.28786842  994.93839184 1555.23802113 2080.0569351
 3669.2973084  3182.91583601 3326.31706039 3051.34151673  236.53810207
  949.81561261  373.26087232  253.28416336  348.26572462  386.59161776
  361.59647006  413.25310864  308.2734883   386.59161776  466.5760904
  199.9611816   559.89130848  626.54503569  681.53436063 3719.27797779
 1054.79523295  134.97379758  199.9611816   199.9611816  4045.88124107
  749.85443101 2812.78728786 2746.13356066  454.91168814  538.07698502
  205.7353178   379.81904825  332.34166722  189.90952412   63.30317471
   79.12896838   79.12896838  205.7353178   411.4706356   413.44885981
  300.69007986  540.05520923 2096.9176622  3163.18051118  174.08373045
  126.60634942  126.60634942  158.25793677  300.69007986  174.08373045
  158.25793677 2001.96290013  397.62306613  672.57825998  244.57391272
  326.09855029  101.90579697  142.66811575  163.04927515  163.04927515
  142.66811575  203.81159393  122.28695636  366.86086908  244.57391272
  407.62318787 2083.97354797  163.04927515  142.66811575  101.90579697
   81.52463757  101.90579697  203.81159393  101.90579697  101.90579697
  163.04927515 2639.36014144  209.15336929  239.03242204  119.51621102
  119.51621102   89.63715827  119.51621102  209.15336929  268.9114748
  179.27431653  119.51621102   89.63715827   59.75810551   59.75810551
  119.51621102   59.75810551  149.39526378   77.88437555    0.
  155.76875111    0.            0.           77.88437555   77.88437555
    0.            0.            0.           77.88437555   77.88437555]
