[ 112.26200261  217.96936609  124.55392348  114.17442986  124.55392348
   93.41544261  166.07189797  343.82072627  394.42075769  252.00582887
  119.87304292  119.87304292   98.07794421   87.18039485   87.18039485
   87.18039485   43.59019743  130.77059228   87.18039485  207.05343778
 2288.48536489 2646.74229999 2351.14627369  821.40278275  316.02893134
  165.57667145  141.92286124   94.61524083  106.44214593  248.36500718
  236.53810207  201.05738676  106.44214593  106.44214593  153.74976635
  248.36500718  153.74976635  295.67262759 2219.02307007  783.53246311
 1459.14441716 1185.64723664 1450.27423833 1874.56445892  106.44214593
  254.95050654  119.97670896   93.31521808  173.29969072  186.63043616
  173.29969072  186.63043616  173.29969072  213.29192704  253.28416336
  106.64596352  159.96894528  173.29969072  226.62267248 3705.94723235
 1241.42566911   79.98447264  119.97670896  106.64596352 1193.10171689
  226.62267248  856.50039453 1701.33638679  159.96894528  174.08373045
   94.95476206  174.08373045  205.7353178   110.78055574   47.47738103
   63.30317471   63.30317471  110.78055574  205.7353178   253.21269883
  126.60634942  142.43214309  569.72857237 4609.26240841  110.78055574
   63.30317471   63.30317471   79.12896838  110.78055574   94.95476206
   79.12896838 1028.676589    205.7353178   203.81159393  101.90579697
  203.81159393   81.52463757  163.04927515  142.66811575  163.04927515
  163.04927515  203.81159393   81.52463757  203.81159393  101.90579697
  163.04927515 2389.69093887  122.28695636  101.90579697   61.14347818
   40.76231879   61.14347818   61.14347818   40.76231879   61.14347818
   81.52463757 1164.27373034  179.27431653  209.15336929  119.51621102
  119.51621102   89.63715827  119.51621102  119.51621102  149.39526378
   59.75810551   89.63715827   29.87905276    0.           29.87905276
   59.75810551   29.87905276   59.75810551    0.            0.
   77.88437555    0.            0.            0.            0.
    0.            0.            0.            0.           77.88437555]
