[ 326.58037123  551.41059874  363.28227682  291.92325816  312.6822454
  238.72835334  384.04126406  666.8824653   831.65692657  678.37244745
  295.5960263   337.82403005  283.33628327  250.6436352   250.6436352
  239.74608585  152.56569099  316.02893134  185.25833906  316.02893134
 3481.76701944 4944.76302056 4781.29978021 2092.32947647  818.67839542
  413.94167863  366.63405821  249.84337031  273.49718052  603.17216028
  603.17216028  450.90075708  236.53810207  212.88429187  356.28551625
  629.78269677  307.49953269  638.6528756  3586.50897267 1889.3480903
 4797.28838266 5534.99158849 5347.23946997 4503.0941182   260.19191228
  656.53921293  319.93789056  306.60714512  494.90392446  413.25310864
  388.25796094  426.58385408  334.93497918  413.25310864  493.23758128
  213.29192704  399.9223632   439.91459952  413.25310864 4267.50488401
 2097.92606364  173.29969072  226.62267248  239.95341792 2344.54485428
  803.17741277 5115.67356264 4097.53787965  388.25796094  443.12222295
  253.21269883  443.12222295  443.12222295  269.03849251  110.78055574
  110.78055574   94.95476206  221.56111148  379.81904825  508.40362187
  332.34166722  363.99325457 1062.30640057 3084.05154279  205.7353178
  142.43214309  158.25793677  189.90952412  332.34166722  221.56111148
  221.56111148 3861.49365717  524.22941555  550.29130362  305.7173909
  407.62318787  183.43043454  346.47970969  203.81159393  183.43043454
  285.33623151  366.86086908  142.66811575  387.24202847  285.33623151
  387.24202847 3044.43568438  203.81159393  163.04927515  101.90579697
  101.90579697  142.66811575  285.33623151  122.28695636  163.04927515
  203.81159393 3398.55832884  268.9114748   298.79052755  268.9114748
  209.15336929  119.51621102  239.03242204  268.9114748   268.9114748
  179.27431653  149.39526378   89.63715827   59.75810551   89.63715827
  149.39526378  119.51621102  179.27431653  155.76875111   77.88437555
  155.76875111    0.           77.88437555  155.76875111   77.88437555
   77.88437555    0.           77.88437555   77.88437555  155.76875111]
