[ 225.7997098   457.99515613  280.24632783  208.88730917  219.26680279
  186.83088522  259.48734058  323.06173903  570.87214928  558.49940453
  230.21073016  207.05343778  174.36078971  163.46324035  152.56569099
  152.56569099   87.18039485  228.84853649  130.77059228  250.6436352
 1576.0580757  2417.8937635  2668.5373987   953.5355687   644.31760571
  354.80715311  260.19191228  153.74976635  189.23048166  449.42239394
  425.76858373  308.97789583  165.57667145  141.92286124  261.67027542
  474.55456728  236.53810207  614.99906539 1827.25683851 1389.66134968
 3478.5884636  3454.93465339 3267.18253487 3230.22345643  201.05738676
  561.55765166  199.9611816   159.96894528  293.27639968  319.93789056
  293.27639968  333.268636    228.28901566  319.93789056  386.59161776
  159.96894528  279.94565424  346.59938144  373.26087232 1684.67295499
 1201.43343279  159.96894528  159.96894528  186.63043616 2304.55261796
  803.17741277 5168.9965444  3227.70673969  334.93497918  348.16746089
  142.43214309  269.03849251  253.21269883  158.25793677   63.30317471
   63.30317471   63.30317471  174.08373045  363.99325457  381.79727246
  221.56111148  300.69007986 1236.39013101 1525.21086562  142.43214309
  110.78055574   94.95476206  126.60634942  269.03849251  158.25793677
  174.08373045 2813.03482608  476.75203452  407.62318787  183.43043454
  224.19275333   81.52463757  122.28695636  142.66811575  142.66811575
  101.90579697  163.04927515  101.90579697  387.24202847  203.81159393
  285.33623151 1368.08532428  142.66811575  101.90579697   81.52463757
   61.14347818  101.90579697  203.81159393   81.52463757  122.28695636
  203.81159393 2127.28351168  179.27431653  209.15336929   89.63715827
   89.63715827   59.75810551   89.63715827  239.03242204  239.03242204
  119.51621102   89.63715827   59.75810551   29.87905276   59.75810551
   89.63715827   59.75810551  119.51621102   77.88437555    0.
   77.88437555    0.            0.           77.88437555   77.88437555
    0.            0.            0.            0.           77.88437555]
