[ 408.22546404  666.8824653   425.55923856  374.95920714  385.33870077
  259.48734058  415.17974493  677.26195892  988.64676762  854.09543082
  328.28867437  555.77501719  381.41422748  294.23383263  328.28867437
  381.41422748  284.69847694  446.79952362  217.95098713  316.02893134
 2342.97311167 3007.72362242 4090.66758974 1840.3236476   939.91363201
  520.38382456  520.38382456  344.45861114  297.15099073  604.65052342
  662.3066858   486.38147239  260.19191228  307.49953269  521.8621877
  783.53246311  378.46096332  745.09502153 2897.59175039 1901.17499541
 5353.15292253 3669.2973084  4918.51415997 5024.9563059   283.84572249
  883.16188541  506.56832672  294.94274286  548.22690622  453.24534496
  428.25019726  453.24534496  361.59647006  453.24534496  533.2298176
  253.28416336  639.87578113  599.8835448   493.23758128 3397.67374405
  974.81076031  148.30454302  226.62267248  253.28416336 3617.63104381
  843.16964909 5168.9965444  4967.36901962  494.90392446  569.72857237
  363.99325457  490.59960399  490.59960399  300.69007986  110.78055574
  110.78055574   94.95476206  253.21269883  411.4706356   571.70679658
  492.57782819  445.10044716 1317.49732361 2178.02485479  205.7353178
  142.43214309  174.08373045  189.90952412  332.34166722  237.38690515
  221.56111148 3954.47019503  587.53259026  713.34057877  326.09855029
  448.38550665  203.81159393  264.95507211  224.19275333  203.81159393
  285.33623151  346.47970969  183.43043454  428.00434726  326.09855029
  448.38550665 2636.81249651  203.81159393  163.04927515  122.28695636
  122.28695636  142.66811575  305.7173909   122.28695636  163.04927515
  224.19275333 3210.03260445  268.9114748   298.79052755  268.9114748
  149.39526378  119.51621102  239.03242204  268.9114748   298.79052755
  209.15336929  149.39526378  119.51621102   89.63715827   89.63715827
  149.39526378  119.51621102  209.15336929  155.76875111   77.88437555
  155.76875111   77.88437555   77.88437555  155.76875111   77.88437555
   77.88437555    0.           77.88437555   77.88437555  155.76875111]
