[ 655.71215162 1062.60065969  572.16958598  354.2002199   509.89262424
  592.92857323  716.18506001  635.74398443 1133.95967835 1247.76940133
  557.13721086  250.6436352   207.05343778  196.15588842  185.25833906
  196.15588842  141.66814164  501.2872704   217.95098713  446.79952362
 2988.65291105 3522.63282952 3740.58381666 1127.89635841 1157.86461914
  662.3066858   378.46096332  201.05738676  236.53810207  544.03763477
  496.73001435  391.76623156  189.23048166  165.57667145  462.72766218
  819.01317843  544.03763477 1031.89747029 2872.45957704 1877.5211852
 4310.90691027 4202.9864012  3218.39655132 2907.94029235  331.1533429
  991.47419211  239.95341792  199.9611816   348.26572462  399.9223632
  373.26087232  386.59161776  253.28416336  386.59161776  573.22205392
  173.29969072  306.60714512  746.52174465  721.52659695 4642.43209952
 2259.5613521   293.27639968  239.95341792  253.28416336 3429.33426447
  656.53921293 2839.44877874 2597.82901764  654.87286975  601.38015972
  174.08373045  284.86428619  300.69007986  189.90952412   79.12896838
   79.12896838   79.12896838  221.56111148  538.07698502  540.05520923
  237.38690515  555.8810029  2603.34305986 5673.54703319  253.21269883
  205.7353178   142.43214309  174.08373045  490.59960399  205.7353178
  189.90952412 2017.78869381  555.8810029   672.57825998  244.57391272
  285.33623151  101.90579697  142.66811575  163.04927515  163.04927515
  122.28695636  183.43043454  122.28695636  407.62318787  224.19275333
  448.38550665 2392.23858379  346.47970969  163.04927515  122.28695636
  101.90579697  122.28695636  366.86086908  101.90579697  122.28695636
  203.81159393 1757.87499767  239.03242204  239.03242204  119.51621102
  119.51621102   89.63715827  119.51621102  209.15336929  209.15336929
  209.15336929  209.15336929  119.51621102   59.75810551   89.63715827
  119.51621102   89.63715827  179.27431653  155.76875111    0.
  155.76875111    0.            0.           77.88437555   77.88437555
    0.            0.           77.88437555   77.88437555  155.76875111]
