[ 122.46763921  240.02579004  145.31291073  134.9334171   145.31291073
  114.17442986  217.96936609  364.57971352  487.8362003   306.49357565
  141.66814164  152.56569099  130.77059228  119.87304292  108.97549357
  108.97549357   54.48774678  141.66814164  108.97549357  316.02893134
 3635.6949041  3096.26621095 3074.47111223  777.81258533  381.41422748
  201.05738676  165.57667145  118.26905104  141.92286124  342.980248
  402.11477352  272.01881738  130.09595614  106.44214593  177.40357655
  248.36500718  177.40357655  272.01881738 3657.47040329 1663.1585302
 6102.68303347 4000.4506513  3267.18253487 3990.10210933  165.57667145
  306.60714512  146.63819984  146.63819984  241.6197611   239.95341792
  239.95341792  253.28416336  226.62267248  253.28416336  266.6149088
  119.97670896  173.29969072  173.29969072  253.28416336 3960.89773889
 1001.47225119  133.3074544   173.29969072  199.9611816  4072.54273195
  643.20846749 2919.43325138 2489.51671094  213.29192704  174.08373045
  110.78055574  237.38690515  253.21269883  158.25793677   79.12896838
   79.12896838   63.30317471  126.60634942  221.56111148  269.03849251
  142.43214309  142.43214309  569.72857237 4688.3913768   158.25793677
   94.95476206  110.78055574  126.60634942  158.25793677  142.43214309
  142.43214309  870.41865223  284.86428619  224.19275333  142.66811575
  244.57391272  101.90579697  224.19275333  224.19275333  224.19275333
  183.43043454  244.57391272   81.52463757  224.19275333  122.28695636
  203.81159393 2904.31521355  163.04927515  122.28695636   81.52463757
   81.52463757  101.90579697  101.90579697   81.52463757   81.52463757
  122.28695636 2247.02282311  209.15336929  268.9114748   179.27431653
  179.27431653  149.39526378  149.39526378  179.27431653  179.27431653
   89.63715827  119.51621102   59.75810551   59.75810551   59.75810551
   89.63715827   59.75810551   89.63715827   77.88437555    0.
  155.76875111    0.            0.           77.88437555    0.
    0.            0.            0.            0.           77.88437555]
