[ 346.99164444  604.60550356  415.17974493  312.6822454   364.57971352
  249.10784696  394.42075769  708.40043979  893.93388831  766.91503597
  295.5960263   523.08236912  523.08236912  457.69707298  459.05926665
  316.02893134  196.15588842  370.51667812  185.25833906  294.23383263
 2945.06271362 2747.54463154 3970.79454681 1992.88933859  862.26859284
  473.07620414  413.94167863  474.55456728  356.28551625  640.13123873
  674.13359091  533.6890928   319.3264378   413.94167863  439.07385197
  688.91722229  354.80715311  591.34525518 2326.94357914 1676.46379844
 4881.55508152 4928.86270193 5132.87681497 4953.99487528  272.01881738
  776.51592189  439.91459952  414.91945182  614.88063342  453.24534496
  401.58870638  426.58385408  361.59647006  453.24534496  613.21429024
  359.93012688  613.21429024  546.56056304  413.25310864 3532.64754163
 1268.08715999  186.63043616  239.95341792  253.28416336 2852.77952418
  776.51592189 4710.7521699  4592.44180412  454.91168814  506.42539766
  411.4706356   522.25119134  506.42539766  300.69007986  142.43214309
  126.60634942  126.60634942  253.21269883  458.94801663  650.83576496
  540.05520923  397.62306613  999.00322586 1527.18908983  205.7353178
  158.25793677  174.08373045  189.90952412  284.86428619  237.38690515
  221.56111148 3240.33125535  603.35838393  672.57825998  387.24202847
  448.38550665  203.81159393  387.24202847  224.19275333  203.81159393
  326.09855029  407.62318787  183.43043454  430.55199218  387.24202847
  428.00434726 2453.38206197  203.81159393  163.04927515  122.28695636
  122.28695636  142.66811575  264.95507211  122.28695636  163.04927515
  224.19275333 3378.17716944  209.15336929  298.79052755  268.9114748
  239.03242204  149.39526378  239.03242204  268.9114748   298.79052755
  179.27431653  149.39526378   89.63715827   89.63715827   89.63715827
  149.39526378  119.51621102  209.15336929  155.76875111   77.88437555
  155.76875111    0.           77.88437555  155.76875111   77.88437555
    0.            0.           77.88437555   77.88437555  155.76875111]
