[ 173.49582222  323.06173903  249.10784696  208.88730917  217.96936609
  145.31291073  280.24632783  542.32854182  624.0670541   404.57151986
  208.41563145  217.95098713  174.36078971  163.46324035  163.46324035
  163.46324035   76.2828455   185.25833906  119.87304292  228.84853649
 2825.1896707  4670.96209298 3326.4769411   964.43311806  621.16031333
  272.01881738  260.19191228  165.57667145  201.05738676  437.59548883
  461.24929904  320.80480094  165.57667145  130.09595614  260.19191228
  427.24694687  201.05738676  354.80715311 1519.75730581 1021.54892832
 4452.82977151 3811.22016964 4015.23428268 4157.15714392  201.05738676
  388.25796094  213.29192704  199.9611816   348.26572462  319.93789056
  319.93789056  346.59938144  254.95050654  319.93789056  359.93012688
  146.63819984  253.28416336  266.6149088   266.6149088  2059.6001705
 1014.80299663  119.97670896  186.63043616  213.29192704 3189.38084655
  548.22690622 3199.37890563 3401.00643041  254.95050654  269.03849251
  158.25793677  348.16746089  348.16746089  205.7353178    94.95476206
  110.78055574   79.12896838  174.08373045  316.51587354  350.1456851
  205.7353178   221.56111148  601.38015972 2083.07009273  158.25793677
  110.78055574  126.60634942  158.25793677  316.51587354  174.08373045
  174.08373045 3477.71816051  445.10044716  346.47970969  203.81159393
  326.09855029  142.66811575  285.33623151  224.19275333  244.57391272
  244.57391272  305.7173909   122.28695636  305.7173909   203.81159393
  305.7173909  3416.39184331  163.04927515  122.28695636   81.52463757
   81.52463757  122.28695636  203.81159393  101.90579697  122.28695636
  163.04927515 2720.88477901  209.15336929  239.03242204  209.15336929
  209.15336929  179.27431653  209.15336929  239.03242204  239.03242204
  119.51621102  119.51621102   89.63715827   59.75810551   59.75810551
  119.51621102   89.63715827  149.39526378   77.88437555    0.
  155.76875111    0.            0.           77.88437555   77.88437555
    0.            0.            0.            0.           77.88437555]
