[ 542.17444443  718.77993341  415.17974493  552.70803544  354.2002199
  269.86683421  404.80025131  646.12347805 1102.82119748  941.27582568
  491.75191472  544.87746783  207.05343778  185.25833906  174.36078971
  217.95098713  328.28867437  655.21515507  425.00442491  316.02893134
 4160.13946689 4912.07037249 3863.18124692 1183.74629886 1027.09402686
  567.69144497  839.71026236  178.88193969  201.05738676  461.24929904
  473.07620414  308.97789583  165.57667145  153.74976635  807.18627332
  842.66698863  402.11477352  888.49624591 1246.26012529  962.41440281
 3491.89373184 3194.74274111 3185.87256229 2909.41865549  248.36500718
 1003.13859437  626.54503569  213.29192704  348.26572462  319.93789056
  294.94274286  319.93789056  266.6149088   319.93789056  359.93012688
  159.96894528  839.83696273  653.20652657  546.56056304 1724.66519131
  733.19099921  119.97670896  159.96894528  186.63043616 3309.35755551
  683.20070381 5074.01498314 5542.25741672  548.22690622  664.68333443
  189.90952412  332.34166722  332.34166722  174.08373045   47.47738103
   63.30317471   63.30317471  174.08373045  300.69007986  332.34166722
  395.64484192  524.22941555 1778.42356445 1430.25610355  142.43214309
   94.95476206  110.78055574  142.43214309  269.03849251  174.08373045
  189.90952412 3655.75833937  587.53259026  835.62753513  224.19275333
  305.7173909   101.90579697  142.66811575  142.66811575  142.66811575
  142.66811575  183.43043454   81.52463757  264.95507211  224.19275333
  468.76666605 1574.44456313  142.66811575  122.28695636   81.52463757
   81.52463757  101.90579697  183.43043454  101.90579697  122.28695636
  183.43043454 4213.80470457  209.15336929  179.27431653  119.51621102
  119.51621102   89.63715827  119.51621102  209.15336929  209.15336929
  179.27431653  119.51621102   59.75810551   29.87905276   59.75810551
  119.51621102   89.63715827  179.27431653   77.88437555    0.
   77.88437555    0.            0.           77.88437555   77.88437555
    0.            0.            0.           77.88437555  155.76875111]
