[ 696.53469802  865.39028084  508.59518754  635.74398443  416.47718164
  332.14379595  467.07721305  646.12347805 1165.09815922 1171.48655584
  711.06509552  326.9264807   261.54118456  228.84853649  228.84853649
  239.74608585  174.36078971  446.79952362  228.84853649  414.10687555
 3635.6949041  4344.03561228 3850.92150389 1358.10708857 1070.68422429
  662.3066858   816.05645215  248.36500718  260.19191228  567.69144497
  579.51835008  439.07385197  224.71119697  212.88429187  901.80151415
  891.45297219  461.24929904 1006.76529695 1530.10584778 2068.23003
 3716.60492881 3419.45393808 2946.37773394 3004.03389632  260.19191228
 1246.42469865  453.24534496  266.6149088   361.59647006  413.25310864
  374.9272155   426.58385408  346.59938144  413.25310864  493.23758128
  213.29192704  693.19876289  706.52950833  653.20652657 3437.66598037
 1081.45672383  148.30454302  213.29192704  213.29192704 3910.90744349
  683.20070381 2839.44877874 2812.78728786  588.21914254  712.16071546
  221.56111148  395.64484192  348.16746089  205.7353178    79.12896838
   94.95476206   79.12896838  221.56111148  427.29642928  429.27465349
  332.34166722  571.70679658 1968.33308857 3275.93929113  174.08373045
  126.60634942  142.43214309  158.25793677  300.69007986  174.08373045
  174.08373045 2191.87242426  429.27465349  917.1521727   264.95507211
  346.47970969  101.90579697  163.04927515  183.43043454  183.43043454
  142.66811575  203.81159393  122.28695636  369.408514    264.95507211
  448.38550665 2165.49818554  183.43043454  142.66811575  101.90579697
  101.90579697  122.28695636  244.57391272  101.90579697  122.28695636
  183.43043454 2557.83550386  239.03242204  268.9114748   119.51621102
  149.39526378   89.63715827  119.51621102  239.03242204  268.9114748
  179.27431653  119.51621102   89.63715827   59.75810551   89.63715827
  119.51621102   89.63715827  149.39526378  155.76875111    0.
  155.76875111    0.            0.           77.88437555   77.88437555
    0.            0.            0.           77.88437555  155.76875111]
