[ 307.44480261  561.79009236  363.28227682  302.30275178  312.6822454
  238.72835334  394.42075769  678.55939562  800.5184457   700.16754616
  295.5960263   359.61912877  305.13138199  261.54118456  252.00582887
  261.54118456  174.36078971  326.9264807   185.25833906  294.23383263
 3197.0685425  4725.44983976 4594.67924748 2081.43192711  862.26859284
  425.76858373  378.46096332  273.49718052  285.32408562  603.17216028
  579.51835008  450.90075708  236.53810207  224.71119697  379.93932645
  629.78269677  307.49953269  626.82597049 3800.87162768 1533.06257406
 3882.18160026 5356.1096488  5276.27803935 4905.20889173  260.19191228
  669.86995837  346.59938144  281.61199742  508.2346699   426.58385408
  388.25796094  426.58385408  348.26572462  426.58385408  493.23758128
  226.62267248  426.58385408  453.24534496  413.25310864 3852.58543219
 1363.06872125  161.63528846  226.62267248  239.95341792 4125.86571371
  896.49263085 5235.6502716  4364.15278845  401.58870638  458.94801663
  269.03849251  443.12222295  443.12222295  269.03849251  110.78055574
  110.78055574   94.95476206  221.56111148  379.81904825  508.40362187
  348.16746089  379.81904825 1030.65481321 2543.99633357  205.7353178
  142.43214309  158.25793677  189.90952412  348.16746089  221.56111148
  221.56111148 3671.58413305  555.8810029   570.67246301  305.7173909
  407.62318787  183.43043454  346.47970969  203.81159393  203.81159393
  285.33623151  366.86086908  163.04927515  387.24202847  285.33623151
  407.62318787 2822.79057598  203.81159393  163.04927515  122.28695636
  101.90579697  142.66811575  264.95507211  122.28695636  163.04927515
  203.81159393 3418.93948823  239.03242204  268.9114748   268.9114748
  209.15336929  119.51621102  239.03242204  268.9114748   268.9114748
  179.27431653  149.39526378   89.63715827   89.63715827   89.63715827
  149.39526378  119.51621102  179.27431653  155.76875111   77.88437555
  155.76875111   77.88437555   77.88437555  155.76875111   77.88437555
   77.88437555    0.           77.88437555   77.88437555  155.76875111]
