[ 604.68396861  822.57486965  456.69771943  687.64145254  364.57971352
  280.24632783  446.3182258   656.50297167 1071.68271661 1050.25131924
  656.57734874  337.82403005  239.74608585  207.05343778  186.62053273
  228.84853649  152.56569099  414.10687555  523.08236912  359.61912877
 2716.21417713 3337.37449046 3304.68184239 1544.7276213   994.40137879
  603.17216028  876.66934081  224.71119697  236.53810207  555.86453987
  555.86453987  379.93932645  189.23048166  177.40357655  937.28222946
  878.14770394  425.76858373  887.01788277 3063.16842184 2162.84527082
 4204.46476434 4655.36552141 3363.27613884 3633.81659309  248.36500718
 1098.12015563  519.89907216  239.95341792  346.59938144  359.93012688
  334.93497918  399.9223632   281.61199742  346.59938144  399.9223632
  186.63043616  759.85249009  679.86801745  519.89907216 1737.99593675
  934.81852399  133.3074544   186.63043616  199.9611816  3844.25371629
  641.54212431 3254.36823057 3387.67568497  521.56541534  648.85754075
  205.7353178   348.16746089  316.51587354  174.08373045   63.30317471
   79.12896838   63.30317471  174.08373045  316.51587354  334.31989143
  300.69007986  540.05520923 1746.77197709 1145.39181737  142.43214309
  110.78055574  126.60634942  142.43214309  300.69007986  174.08373045
  174.08373045 3048.44350702  476.75203452  794.86521634  224.19275333
  305.7173909   101.90579697  142.66811575  142.66811575  142.66811575
  122.28695636  163.04927515   81.52463757  285.33623151  224.19275333
  428.00434726 1490.37228064  142.66811575  122.28695636   81.52463757
   81.52463757  101.90579697  244.57391272  101.90579697  122.28695636
  183.43043454 2904.31521355  209.15336929  209.15336929  119.51621102
  119.51621102   89.63715827   89.63715827  209.15336929  209.15336929
  209.15336929  119.51621102   89.63715827   59.75810551   59.75810551
  119.51621102   89.63715827  149.39526378   77.88437555    0.
   77.88437555    0.            0.           77.88437555   77.88437555
    0.            0.            0.           77.88437555   77.88437555]
