[ 224.52400522  426.85667526  321.76430232  250.40528366  271.16427091
  186.83088522  321.76430232  604.60550356  769.37996483  504.01165774
  252.00582887  272.43873392  239.74608585  228.84853649  208.41563145
  207.05343778  119.87304292  239.74608585  141.66814164  272.43873392
 1873.01629567 3446.34998403 3236.57215891 1434.38993406  677.01025378
  331.1533429   295.67262759  202.5357499   273.49718052  567.69144497
  614.99906539  474.55456728  236.53810207  189.23048166  285.32408562
  510.03528259  248.36500718  449.42239394 1602.54564154 2151.01836572
 4738.15385714 4140.8951494  4776.59129872 3539.20135226  224.71119697
  534.89616078  253.28416336  293.27639968  521.56541534  426.58385408
  374.9272155   426.58385408  348.26572462  426.58385408  506.56832672
  199.9611816   306.60714512  333.268636    319.93789056 1992.9464433
 1751.32668219  146.63819984  226.62267248  226.62267248 2397.86783604
  548.22690622 3321.02195777 4365.81913163  361.59647006  363.99325457
  205.7353178   458.94801663  458.94801663  284.86428619  126.60634942
  142.43214309  126.60634942  221.56111148  427.29642928  508.40362187
  253.21269883  284.86428619  743.81230282 2003.94112434  189.90952412
  126.60634942  158.25793677  174.08373045  316.51587354  205.7353178
  189.90952412 2797.2090324   492.57782819  489.14782544  285.33623151
  407.62318787  183.43043454  366.86086908  264.95507211  244.57391272
  305.7173909   366.86086908  163.04927515  407.62318787  244.57391272
  326.09855029 2596.05017772  183.43043454  142.66811575  101.90579697
  101.90579697  122.28695636  244.57391272  101.90579697  142.66811575
  183.43043454 3622.75108216  209.15336929  298.79052755  268.9114748
  239.03242204  179.27431653  239.03242204  239.03242204  268.9114748
  179.27431653  119.51621102   89.63715827   59.75810551   89.63715827
  149.39526378   89.63715827  179.27431653   77.88437555    0.
  155.76875111    0.            0.           77.88437555   77.88437555
    0.            0.            0.           77.88437555   77.88437555]
