[ 520.48746665  677.26195892  363.28227682  428.15411196  323.06173903
  269.86683421  415.17974493  604.60550356  988.64676762  886.78807889
  382.77642115  533.97991847  207.05343778  174.36078971  174.36078971
  250.6436352   415.46906922  577.5701159   337.82403005  283.33628327
 3153.47834507 4104.28952643 2495.53880266  964.43311806  961.70873072
  532.21072966  662.3066858   201.05738676  201.05738676  449.42239394
  390.28786842  285.32408562  165.57667145  153.74976635  665.26341208
  771.70555801  378.46096332  863.36407256 1234.43322019  974.24130791
 2553.13313924 3836.35234299 4146.80860196 3064.64678497  236.53810207
  909.82337629  546.56056304  213.29192704  334.93497918  306.60714512
  293.27639968  293.27639968  226.62267248  293.27639968  333.268636
  159.96894528  733.19099921  639.87578113  533.2298176  1779.65451625
 1108.11821471  106.64596352  159.96894528  173.29969072 3777.59998909
  976.47710349 5437.27779638 5863.86165047  454.91168814  601.38015972
  205.7353178   316.51587354  300.69007986  174.08373045   47.47738103
   63.30317471   63.30317471  158.25793677  269.03849251  316.51587354
  395.64484192  492.57782819 1681.49057818 1954.4855191   142.43214309
   94.95476206  110.78055574  126.60634942  205.7353178   174.08373045
  189.90952412 3734.88730776  874.37510065  733.72173816  224.19275333
  285.33623151  101.90579697  122.28695636  122.28695636  122.28695636
  142.66811575  163.04927515   81.52463757  244.57391272  224.19275333
  448.38550665 1531.13459942  142.66811575  122.28695636   81.52463757
   81.52463757  101.90579697  163.04927515  101.90579697  122.28695636
  203.81159393 4359.02046525  209.15336929  179.27431653  119.51621102
  119.51621102   89.63715827  119.51621102  209.15336929  179.27431653
  179.27431653   89.63715827   59.75810551   29.87905276   59.75810551
  119.51621102   89.63715827  179.27431653   77.88437555    0.
   77.88437555    0.            0.           77.88437555   77.88437555
   77.88437555    0.            0.           77.88437555   77.88437555]
