[ 316.37473463  530.65161149  342.52328957  240.02579004  302.30275178
  238.72835334  342.52328957  480.05158008  696.72350946  645.67979938
  273.80092758  250.6436352   207.05343778  185.25833906  185.25833906
  185.25833906  119.87304292  283.33628327  196.15588842  403.20932619
 3436.81462834 5021.04586606 4036.17984295 1423.49238471  764.19064863
  402.11477352  295.67262759  189.23048166  224.71119697  555.86453987
  508.55691946  368.11242135  189.23048166  165.57667145  285.32408562
  523.34055084  319.3264378   804.22954705 2326.94357914 1354.18063436
 4523.79120213 4606.57953786 4788.41820383 3443.10774829  236.53810207
  616.5469766   226.62267248  213.29192704  346.59938144  373.26087232
  334.93497918  386.59161776  293.27639968  359.93012688  479.90683584
  173.29969072  306.60714512  426.58385408  653.20652657 3450.99672581
 1977.94935468  226.62267248  226.62267248  253.28416336 3469.32650079
  976.47710349 5250.64736022 2932.76399682  388.25796094  411.4706356
  174.08373045  300.69007986  316.51587354  189.90952412   79.12896838
   79.12896838   79.12896838  205.7353178   458.94801663  445.10044716
  237.38690515  445.10044716 2605.32128407 4100.85878654  205.7353178
  158.25793677  126.60634942  158.25793677  363.99325457  221.56111148
  221.56111148 2733.90585769  460.92624084  468.76666605  224.19275333
  285.33623151  101.90579697  142.66811575  163.04927515  163.04927515
  122.28695636  183.43043454  122.28695636  430.55199218  224.19275333
  346.47970969 2002.44891039  224.19275333  142.66811575  101.90579697
   81.52463757  122.28695636  163.04927515  101.90579697  122.28695636
  224.19275333 2002.44891039  239.03242204  268.9114748   119.51621102
  119.51621102   89.63715827   59.75810551  239.03242204  268.9114748
  179.27431653  149.39526378   89.63715827   59.75810551   59.75810551
  119.51621102   89.63715827  149.39526378  155.76875111    0.
  155.76875111    0.            0.           77.88437555   77.88437555
    0.            0.            0.            0.          155.76875111]
