[ 204.11273202  374.95920714  290.62582145  229.64629642  240.02579004
  166.07189797  301.00531508  531.94904819  675.96452222  459.05926665
  230.21073016  239.74608585  207.05343778  185.25833906  185.25833906
  185.25833906   98.07794421  217.95098713  130.77059228  250.6436352
 2299.38291424 3883.61415196 2571.82164816 1325.4144405   600.72740828
  295.67262759  283.84572249  189.23048166  236.53810207  496.73001435
  532.21072966  391.76623156  201.05738676  165.57667145  273.49718052
  474.55456728  224.71119697  413.94167863 1459.14441716 1259.56539354
 4226.64021141 3681.1242135  4562.22864372 3397.27849101  212.88429187
  454.91168814  239.95341792  239.95341792  414.91945182  373.26087232
  334.93497918  386.59161776  308.2734883   373.26087232  426.58385408
  173.29969072  279.94565424  306.60714512  306.60714512 2019.60793418
 1791.31891851  133.3074544   199.9611816   213.29192704 2746.13356066
  521.56541534 3172.71741475 4124.19937053  294.94274286  316.51587354
  189.90952412  379.81904825  411.4706356   253.21269883  110.78055574
  126.60634942   94.95476206  205.7353178   379.81904825  445.10044716
  237.38690515  253.21269883  680.50912811 1766.55421919  158.25793677
  110.78055574  142.43214309  158.25793677  316.51587354  189.90952412
  174.08373045 2781.38323872  476.75203452  407.62318787  244.57391272
  366.86086908  163.04927515  326.09855029  264.95507211  264.95507211
  285.33623151  346.47970969  142.66811575  366.86086908  224.19275333
  326.09855029 3046.9833293   163.04927515  142.66811575  101.90579697
  101.90579697  122.28695636  224.19275333  101.90579697  142.66811575
  183.43043454 3500.4641258   239.03242204  268.9114748   239.03242204
  209.15336929  179.27431653  209.15336929  239.03242204  268.9114748
  149.39526378  119.51621102   89.63715827   59.75810551   59.75810551
  119.51621102   89.63715827  149.39526378   77.88437555    0.
  155.76875111   77.88437555    0.           77.88437555   77.88437555
   77.88437555    0.            0.            0.           77.88437555]
