[ 132.67327581  260.78477729  176.4513916   176.4513916   186.83088522
  134.9334171   259.48734058  438.53360558  508.59518754  360.98132244
  185.25833906  185.25833906  152.56569099  141.66814164  141.66814164
  130.77059228   65.38529614  163.46324035  130.77059228  348.72157941
 4751.33151948 4530.65614501 4299.08322118 1631.90801615  435.90197426
  236.53810207  212.88429187  141.92286124  177.40357655  378.46096332
  437.59548883  297.15099073  153.74976635  141.92286124  224.71119697
  261.67027542  201.05738676  283.84572249 3147.4351207  2269.28741676
 5923.80109377 3823.04707474 4633.19007434 3728.43183392  201.05738676
  348.26572462  186.63043616  173.29969072  333.268636    279.94565424
  279.94565424  306.60714512  266.6149088   306.60714512  346.59938144
  146.63819984  239.95341792  213.29192704  253.28416336 4094.20519329
 1897.96488204  159.96894528  213.29192704  213.29192704 1861.30533207
  829.83890365 4352.48838619 4299.16540443  253.28416336  205.7353178
  142.43214309  300.69007986  316.51587354  189.90952412   79.12896838
  110.78055574   79.12896838  174.08373045  316.51587354  350.1456851
  189.90952412  174.08373045  522.25119134 2862.49043132  174.08373045
  110.78055574  126.60634942  158.25793677  174.08373045  174.08373045
  174.08373045 2634.99464721  397.62306613  285.33623151  163.04927515
  285.33623151  142.66811575  285.33623151  285.33623151  264.95507211
  244.57391272  305.7173909   122.28695636  326.09855029  183.43043454
  264.95507211 2453.38206197  163.04927515  142.66811575  101.90579697
  101.90579697  122.28695636  101.90579697  101.90579697  122.28695636
  163.04927515 2249.57046804  268.9114748   298.79052755  209.15336929
  209.15336929  179.27431653  209.15336929  209.15336929  239.03242204
   89.63715827  119.51621102   89.63715827   59.75810551   59.75810551
  119.51621102   89.63715827  149.39526378   77.88437555    0.
  155.76875111    0.            0.           77.88437555   77.88437555
    0.            0.            0.            0.           77.88437555]
