[ 276.8278928   551.41059874  373.66177044  281.54376453  333.44123265
  238.72835334  373.66177044  657.80040838  852.41591381  678.37244745
  295.5960263   326.9264807   305.13138199  272.43873392  262.90337823
  228.84853649  152.56569099  305.13138199  163.46324035  326.9264807
 4018.47132525 3425.91707898 3707.89116859 1927.50404245  796.8832967
  425.76858373  342.980248    295.67262759  320.80480094  626.82597049
  626.82597049  510.03528259  283.84572249  236.53810207  379.93932645
  570.64817125  295.67262759  520.38382456 1626.19945175 1046.68110167
 4761.80766734 4452.82977151 4729.28367831 5155.05226204  260.19191228
  669.86995837  306.60714512  321.60423374  561.55765166  439.91459952
  401.58870638  426.58385408  361.59647006  453.24534496  573.22205392
  253.28416336  426.58385408  439.91459952  373.26087232 1886.30047978
  799.84472641  159.96894528  226.62267248  239.95341792 2961.09183088
  561.55765166 3895.91035487 4350.82204301  401.58870638  427.29642928
  253.21269883  490.59960399  490.59960399  300.69007986  126.60634942
  142.43214309  126.60634942  253.21269883  474.77381031  619.18417761
  363.99325457  348.16746089  888.22267012 1319.47554782  205.7353178
  142.43214309  158.25793677  189.90952412  284.86428619  221.56111148
  205.7353178  3687.40992673  524.22941555  570.67246301  326.09855029
  428.00434726  203.81159393  387.24202847  264.95507211  224.19275333
  346.47970969  407.62318787  183.43043454  468.76666605  305.7173909
  366.86086908 2904.31521355  183.43043454  163.04927515  101.90579697
  101.90579697  122.28695636  244.57391272  122.28695636  142.66811575
  203.81159393 3210.03260445  239.03242204  268.9114748   268.9114748
  239.03242204  179.27431653  239.03242204  268.9114748   328.66958031
  179.27431653  119.51621102   89.63715827   59.75810551   89.63715827
  149.39526378   89.63715827  179.27431653  155.76875111   77.88437555
  155.76875111    0.            0.          155.76875111   77.88437555
   77.88437555    0.            0.           77.88437555  155.76875111]
