[ 676.12342482  948.42622983  560.49265566  385.33870077  478.75414338
  477.45670667  570.87214928  646.12347805  988.64676762 1171.48655584
  558.49940453  261.54118456  217.95098713  196.15588842  185.25833906
  196.15588842  152.56569099  435.90197426  217.95098713  501.2872704
 3624.79735474 3424.55488531 4299.08322118 1501.13742387 1092.479323
  674.13359091  437.59548883  201.05738676  236.53810207  591.34525518
  567.69144497  379.93932645  201.05738676  177.40357655  521.8621877
  795.35936822  520.38382456 1008.24366008 3206.56964622 2389.03483093
 6006.5894295  5094.43937338 4265.07765299 3502.24227381  319.3264378
 1031.46642843  239.95341792  199.9611816   321.60423374  373.26087232
  321.60423374  333.268636    228.28901566  359.93012688  493.23758128
  173.29969072  333.268636    761.51883327  788.18032415 3759.27021411
 1924.62637292  279.94565424  253.28416336  279.94565424 4205.85018635
 1004.80493755 4902.3816356  2799.45654242  668.20361519  633.03174708
  189.90952412  300.69007986  300.69007986  174.08373045   79.12896838
   79.12896838   79.12896838  205.7353178   458.94801663  460.92624084
  253.21269883  619.18417761 2826.88239554 5594.4180648   237.38690515
  174.08373045  142.43214309  189.90952412  427.29642928  221.56111148
  221.56111148 3750.71310144  524.22941555  713.34057877  244.57391272
  264.95507211  101.90579697  142.66811575  163.04927515  142.66811575
  122.28695636  183.43043454  122.28695636  389.7896734   224.19275333
  489.14782544 2308.16630129  244.57391272  163.04927515  101.90579697
  101.90579697  122.28695636  285.33623151  101.90579697  142.66811575
  244.57391272 1941.30543221  268.9114748   268.9114748   119.51621102
  119.51621102   89.63715827  119.51621102  239.03242204  268.9114748
  209.15336929  179.27431653  119.51621102   59.75810551   89.63715827
  119.51621102   89.63715827  179.27431653  155.76875111   77.88437555
  155.76875111   77.88437555    0.          155.76875111   77.88437555
    0.            0.           77.88437555   77.88437555  155.76875111]
