[ 645.50651502 1083.35964693  592.92857323  343.82072627  509.89262424
  613.68756048  736.94404725  646.12347805 1154.71866559 1269.56450004
  535.34211214  261.54118456  217.95098713  196.15588842  185.25833906
  196.15588842  152.56569099  501.2872704   217.95098713  435.90197426
 2879.67741748 3348.27203982 3686.09606987 1116.99880905 1190.55726721
  674.13359091  366.63405821  201.05738676  236.53810207  532.21072966
  496.73001435  415.42004176  201.05738676  177.40357655  450.90075708
  819.01317843  555.86453987 1031.89747029 2777.84433621 1757.77377103
 4025.58282464 3883.6599634  3171.08893091 2872.45957704  342.980248
 1044.79717387  239.95341792  199.9611816   361.59647006  413.25310864
  334.93497918  373.26087232  266.6149088   359.93012688  573.22205392
  186.63043616  306.60714512  801.51106959  814.84181503 3612.63201427
 1857.97264571  266.6149088   239.95341792  239.95341792 3202.71159199
  656.53921293 3106.06368754 2611.15976308  668.20361519  633.03174708
  174.08373045  300.69007986  316.51587354  189.90952412   79.12896838
   79.12896838   79.12896838  221.56111148  538.07698502  650.83576496
  253.21269883  619.18417761 3082.07331859 6118.64748035  237.38690515
  189.90952412  142.43214309  158.25793677  474.77381031  221.56111148
  205.7353178  1970.31131278  555.8810029   713.34057877  244.57391272
  285.33623151  101.90579697  142.66811575  163.04927515  163.04927515
  122.28695636  183.43043454  163.04927515  389.7896734   224.19275333
  468.76666605 2514.52554015  366.86086908  163.04927515  101.90579697
  101.90579697  122.28695636  389.7896734   101.90579697  122.28695636
  203.81159393 1819.01847585  239.03242204  268.9114748   119.51621102
  119.51621102   89.63715827   89.63715827  209.15336929  239.03242204
  179.27431653  209.15336929   89.63715827   59.75810551   89.63715827
  119.51621102   89.63715827  179.27431653  155.76875111    0.
  155.76875111    0.            0.           77.88437555   77.88437555
    0.            0.           77.88437555    0.          155.76875111]
