[ 686.32906142  938.04673621  551.41059874  374.95920714  468.37464975
  487.8362003   570.87214928  646.12347805 1082.06221023 1149.69145712
  558.49940453  250.6436352   207.05343778  185.25833906  174.36078971
  196.15588842  141.66814164  435.90197426  217.95098713  490.38972105
 3075.8333059  3818.22885582 4354.93316163 1566.52272001 1157.86461914
  662.3066858   425.76858373  189.23048166  224.71119697  579.51835008
  555.86453987  368.11242135  189.23048166  165.57667145  510.03528259
  807.18627332  520.38382456 1008.24366008 3193.26437798 2353.55411562
 5579.34248263 5273.32131308 4194.11622237 3443.10774829  319.3264378
 1016.46933981  226.62267248  186.63043616  321.60423374  373.26087232
  321.60423374  333.268636    239.95341792  346.59938144  506.56832672
  159.96894528  319.93789056  761.51883327  788.18032415 4052.54661379
 2286.22284298  279.94565424  266.6149088   293.27639968 4367.48547481
 1031.46642843 4767.40783802 2732.80281522  641.54212431  617.2059534
  174.08373045  300.69007986  300.69007986  174.08373045   79.12896838
   79.12896838   79.12896838  205.7353178   458.94801663  429.27465349
  237.38690515  603.35838393 2763.57922084 5499.46330274  237.38690515
  189.90952412  142.43214309  189.90952412  395.64484192  221.56111148
  221.56111148 3321.43844795  524.22941555  692.95941937  224.19275333
  264.95507211  101.90579697  142.66811575  163.04927515  142.66811575
  122.28695636  183.43043454  122.28695636  369.408514    224.19275333
  489.14782544 2124.73586675  244.57391272  163.04927515  101.90579697
  101.90579697  122.28695636  285.33623151  101.90579697  142.66811575
  244.57391272 1880.16195403  239.03242204  268.9114748    89.63715827
  119.51621102   89.63715827  119.51621102  209.15336929  239.03242204
  179.27431653  179.27431653  119.51621102   59.75810551   89.63715827
  119.51621102   89.63715827  179.27431653  155.76875111   77.88437555
  155.76875111   77.88437555    0.           77.88437555   77.88437555
    0.            0.           77.88437555    0.          155.76875111]
