[ 614.88960521  834.25179997  467.07721305  656.50297167  395.71819439
  301.00531508  435.93873218  687.64145254 1216.99562733 1126.53416474
  591.1920526   523.08236912  217.95098713  196.15588842  175.72298338
  207.05343778  152.56569099  775.08819799  512.18481976  316.02893134
 3449.07437137 4245.95766807 3568.94741429 1193.28165455 1103.37687236
  650.4797807   947.63077143  190.7088448   212.88429187  484.90310925
  449.42239394  332.63170604  177.40357655  153.74976635  972.76294477
  950.5874977   461.24929904  994.93839184 1459.14441716  950.5874977
 2813.32505152 3063.16842184 2473.30152979 2743.84198404  248.36500718
 1138.11239195  679.86801745  226.62267248  374.9272155   346.59938144
  321.60423374  359.93012688  254.95050654  333.268636    373.26087232
  173.29969072  946.48292625  773.18323553  626.54503569 1832.97749801
  839.83696273  119.97670896  173.29969072  186.63043616 3136.05786479
  736.52368557 4929.04312648 3722.61066415  601.54988798  743.81230282
  205.7353178   363.99325457  348.16746089  189.90952412   63.30317471
   79.12896838   79.12896838  189.90952412  316.51587354  318.49409775
  395.64484192  603.35838393 2015.8104696  1208.69499208  142.43214309
  110.78055574  110.78055574  142.43214309  253.21269883  174.08373045
  174.08373045 3080.09509438  540.05520923  917.1521727   244.57391272
  326.09855029  101.90579697  142.66811575  142.66811575  163.04927515
  142.66811575  183.43043454   81.52463757  285.33623151  244.57391272
  489.14782544 1531.13459942  142.66811575  122.28695636   81.52463757
   81.52463757  101.90579697  264.95507211  101.90579697  122.28695636
  183.43043454 3864.77734996  209.15336929  209.15336929  119.51621102
  119.51621102   89.63715827  119.51621102  239.03242204  209.15336929
  179.27431653  119.51621102   89.63715827   59.75810551   59.75810551
  119.51621102   89.63715827  179.27431653  155.76875111    0.
   77.88437555    0.            0.           77.88437555   77.88437555
   77.88437555    0.            0.           77.88437555   77.88437555]
