[ 265.34655163  489.133637    280.24632783  208.88730917  229.64629642
  197.21037884  321.76430232  416.47718164  769.37996483  547.60185517
  219.3131808   228.84853649  185.25833906  163.46324035  152.56569099
  163.46324035   98.07794421  261.54118456  152.56569099  316.02893134
 3032.24310848 3217.50144754 3523.99502319  854.09543082  655.21515507
  331.1533429   260.19191228  165.57667145  189.23048166  473.07620414
  413.94167863  308.97789583  153.74976635  141.92286124  249.84337031
  533.6890928   283.84572249  851.53716746 3122.30294736 1473.92804854
 3216.91818818 4677.54096848 3292.31470822 1683.85561413  177.40357655
  521.56541534  213.29192704  173.29969072  279.94565424  306.60714512
  281.61199742  306.60714512  239.95341792  306.60714512  399.9223632
  146.63819984  266.6149088   373.26087232  573.22205392 4014.22072065
 1349.73797581  173.29969072  159.96894528  173.29969072 3187.71450337
  588.21914254 2236.23254758 1138.11239195  308.2734883   316.51587354
  158.25793677  253.21269883  253.21269883  142.43214309   63.30317471
   63.30317471   63.30317471  174.08373045  348.16746089  318.49409775
  221.56111148  397.62306613 2079.11364431 3291.7650848   189.90952412
  126.60634942  110.78055574  126.60634942  284.86428619  142.43214309
  126.60634942  904.0484638   302.66830407  387.24202847  183.43043454
  224.19275333   81.52463757  122.28695636  122.28695636  142.66811575
  101.90579697  163.04927515   81.52463757  305.7173909   183.43043454
  285.33623151 2881.38640923  163.04927515  122.28695636   81.52463757
   61.14347818  101.90579697  203.81159393   81.52463757   81.52463757
  122.28695636 1411.39528799  179.27431653  209.15336929   89.63715827
   89.63715827   59.75810551   89.63715827  149.39526378  209.15336929
  119.51621102  119.51621102   59.75810551   29.87905276   59.75810551
   89.63715827   59.75810551   89.63715827   77.88437555    0.
   77.88437555    0.            0.           77.88437555    0.
    0.            0.            0.            0.           77.88437555]
