[ 521.76317123  729.15942704  394.42075769  499.51313062  333.44123265
  280.24632783  435.93873218  646.12347805 1050.92372936  908.58317761
  502.64946407  305.13138199  228.84853649  196.15588842  175.72298338
  217.95098713  141.66814164  381.41422748  316.02893134  348.72157941
 2683.52152907 3731.04846097 3468.14508274 1544.7276213   939.91363201
  520.38382456  638.6528756   190.7088448   212.88429187  520.38382456
  532.21072966  368.11242135  177.40357655  165.57667145  677.09031718
  771.70555801  378.46096332  898.84478787 3015.86080142 2020.92240958
 4417.3490562  3907.31377361 3245.00708781 3610.16278288  236.53810207
  923.15412173  399.9223632   213.29192704  319.93789056  333.268636
  321.60423374  399.9223632   293.27639968  319.93789056  386.59161776
  173.29969072  573.22205392  599.8835448   519.89907216 2674.48080392
  853.16770817  121.64305214  173.29969072  199.9611816  4287.50100217
  709.86219469 3694.28283009 3147.72226705  481.57317902  538.07698502
  205.7353178   332.34166722  300.69007986  158.25793677   63.30317471
   63.30317471   63.30317471  174.08373045  316.51587354  318.49409775
  284.86428619  492.57782819 1681.49057818 1129.56602369  142.43214309
  110.78055574  110.78055574  142.43214309  284.86428619  158.25793677
  158.25793677 3351.11181109  445.10044716  672.57825998  224.19275333
  285.33623151  101.90579697  142.66811575  142.66811575  142.66811575
  122.28695636  163.04927515   81.52463757  285.33623151  224.19275333
  407.62318787 1531.13459942  142.66811575  122.28695636   81.52463757
   81.52463757  101.90579697  244.57391272   81.52463757  122.28695636
  163.04927515 2799.86177166  179.27431653  209.15336929   89.63715827
  119.51621102   89.63715827   89.63715827  209.15336929  209.15336929
  179.27431653   89.63715827   59.75810551   59.75810551   59.75810551
  119.51621102   89.63715827  149.39526378   77.88437555    0.
   77.88437555    0.            0.           77.88437555   77.88437555
    0.            0.            0.            0.           77.88437555]
