[ 574.06705881  801.8158824   425.55923856  499.51313062  385.33870077
  290.62582145  435.93873218  656.50297167 1154.71866559 1039.35376989
  437.26416793  633.42005635  239.74608585  217.95098713  197.51808209
  326.9264807   524.44456279  666.11270442  392.31177684  348.72157941
 2912.37006555 3489.94018145 3086.73085526  942.63801935 1125.17197107
  603.17216028  768.74883174  202.5357499   226.18956011  496.73001435
  425.76858373  356.28551625  201.05738676  189.23048166  830.84008353
  903.27987729  461.24929904  935.80386632 1352.70227123  844.14535177
 1852.38901185 3919.14067871 4396.65197227 2779.32269935  248.36500718
 1031.46642843  653.20652657  253.28416336  414.91945182  346.59938144
  308.2734883   333.268636    254.95050654  346.59938144  413.25310864
  199.9611816   906.49068993  759.85249009  586.55279936 3317.68927141
 1256.42275773  133.3074544   173.29969072  186.63043616 2732.80281522
  776.51592189 5477.2700327  5328.96548968  561.55765166  680.50912811
  237.38690515  379.81904825  363.99325457  205.7353178    79.12896838
   79.12896838   79.12896838  189.90952412  332.34166722  381.79727246
  490.59960399  571.70679658 1857.55253283 1812.05337601  158.25793677
  110.78055574  126.60634942  142.43214309  221.56111148  189.90952412
  205.7353178  3687.40992673  668.63978285  856.00869452  264.95507211
  326.09855029  101.90579697  142.66811575  142.66811575  142.66811575
  163.04927515  203.81159393  122.28695636  285.33623151  264.95507211
  489.14782544 1431.77644738  163.04927515  142.66811575   81.52463757
   81.52463757  101.90579697  183.43043454  101.90579697  142.66811575
  203.81159393 4173.04238578  239.03242204  209.15336929  119.51621102
  119.51621102   89.63715827  179.27431653  209.15336929  239.03242204
  209.15336929  119.51621102   89.63715827   59.75810551   59.75810551
  119.51621102   89.63715827  179.27431653  155.76875111    0.
   77.88437555    0.            0.           77.88437555   77.88437555
    0.            0.            0.           77.88437555  155.76875111]
