[ 122.46763921  250.40528366  166.07189797  166.07189797  166.07189797
  124.55392348  238.72835334  438.53360558  487.8362003   339.18622372
  163.46324035  174.36078971  141.66814164  141.66814164  130.77059228
  119.87304292   65.38529614  152.56569099  119.87304292  272.43873392
 2562.28629247 3774.6386584  4004.84938855 1477.98013149  457.69707298
  236.53810207  201.05738676  130.09595614  177.40357655  390.28786842
  366.63405821  273.49718052  153.74976635  130.09595614  201.05738676
  273.49718052  201.05738676  283.84572249 2777.84433621 1842.04046989
 3860.00615319 4105.41443409 4347.86598872 3681.1242135   189.23048166
  334.93497918  173.29969072  173.29969072  333.268636    279.94565424
  279.94565424  293.27639968  253.28416336  293.27639968  333.268636
  146.63819984  213.29192704  199.9611816   253.28416336 3372.67859635
 1536.36841197  159.96894528  199.9611816   199.9611816  4407.47771114
  923.15412173 3802.59513679 4472.46509516  239.95341792  205.7353178
  126.60634942  300.69007986  316.51587354  189.90952412   79.12896838
   94.95476206   63.30317471  158.25793677  300.69007986  334.31989143
  174.08373045  158.25793677  490.59960399 2083.07009273  158.25793677
  110.78055574  126.60634942  158.25793677  189.90952412  174.08373045
  174.08373045 3590.47694046  334.31989143  264.95507211  163.04927515
  285.33623151  142.66811575  264.95507211  244.57391272  264.95507211
  244.57391272  305.7173909   122.28695636  305.7173909   183.43043454
  264.95507211 2741.2659384   163.04927515  142.66811575   81.52463757
  101.90579697  122.28695636  101.90579697  101.90579697  122.28695636
  163.04927515 1819.01847585  239.03242204  268.9114748   209.15336929
  209.15336929  179.27431653  209.15336929  239.03242204  209.15336929
   89.63715827  119.51621102   89.63715827   59.75810551   59.75810551
  119.51621102   89.63715827  149.39526378   77.88437555    0.
  155.76875111    0.            0.           77.88437555   77.88437555
    0.            0.            0.            0.           77.88437555]
