[ 696.53469802  886.14926809  498.21569392  426.85667526  406.09768801
  332.14379595  435.93873218  459.29259283 1092.44170385 1104.73906603
  557.13721086  283.33628327  228.84853649  207.05343778  196.15588842
  207.05343778  141.66814164  425.00442491  196.15588842  403.20932619
 3349.63423349 2615.41184559 2374.30356607  482.21655903  972.60628008
  638.6528756   496.73001435  190.7088448   224.71119697  473.07620414
  473.07620414  391.76623156  189.23048166  177.40357655  592.82361832
  866.32079884  473.07620414 1160.51506329 3586.50897267 1604.02400468
 2992.20699122 2480.69334548 1509.40876385 1185.64723664  236.53810207
 1098.12015563  266.6149088   213.29192704  321.60423374  359.93012688
  348.26572462  426.58385408  306.60714512  373.26087232  466.5760904
  186.63043616  426.58385408  759.85249009  774.84957871 4562.44762688
 1001.47225119  199.9611816   173.29969072  186.63043616 4820.73081978
  561.55765166 1593.02408009 1178.10462827  481.57317902  633.03174708
  189.90952412  300.69007986  300.69007986  174.08373045   63.30317471
   79.12896838   79.12896838  205.7353178   395.64484192  427.29642928
  269.03849251  619.18417761 2858.5339829  2543.99633357  205.7353178
  142.43214309  126.60634942  158.25793677  458.94801663  142.43214309
  126.60634942 1473.77703617  429.27465349  754.10289755  224.19275333
  264.95507211  101.90579697  142.66811575  163.04927515  163.04927515
  122.28695636  183.43043454  122.28695636  369.408514    224.19275333
  428.00434726 2618.97898204  183.43043454  142.66811575  101.90579697
   81.52463757  101.90579697  389.7896734    81.52463757  101.90579697
  142.66811575 1859.78079464  239.03242204  239.03242204   89.63715827
  119.51621102   89.63715827   89.63715827  209.15336929  239.03242204
  179.27431653  149.39526378   89.63715827   59.75810551   59.75810551
  119.51621102   59.75810551  119.51621102   77.88437555    0.
   77.88437555    0.            0.           77.88437555   77.88437555
    0.            0.            0.            0.           77.88437555]
