[ 635.30087841  844.6312936   467.07721305  687.64145254  395.71819439
  290.62582145  446.3182258   718.77993341 1216.99562733 1126.53416474
  623.88470067  457.69707298  217.95098713  196.15588842  185.25833906
  207.05343778  130.77059228  732.86019423  533.97991847  316.02893134
 3153.47834507 3676.56071419 3161.65150709 1336.31198985 1070.68422429
  628.30433363  983.11148674  190.7088448   224.71119697  508.55691946
  544.03763477  356.28551625  189.23048166  153.74976635 1008.24366008
  938.7605926   473.07620414  994.93839184 1388.18298654 1271.39229864
 4429.1759613  3645.64349819 2579.74367573 3230.22345643  248.36500718
 1124.78164651  666.53727201  239.95341792  374.9272155   359.93012688
  321.60423374  359.93012688  254.95050654  333.268636    386.59161776
  173.29969072  919.82143537  761.51883327  626.54503569 2046.26942506
  746.52174465  133.3074544   173.29969072  199.9611816  2786.12579698
  709.86219469 4259.17316811 3535.98022799  601.54988798  743.81230282
  189.90952412  363.99325457  348.16746089  174.08373045   63.30317471
   79.12896838   63.30317471  174.08373045  316.51587354  318.49409775
  363.99325457  603.35838393 2079.11364431 1177.04340472  142.43214309
  110.78055574  126.60634942  142.43214309  284.86428619  174.08373045
  174.08373045 2876.33800079  508.40362187  917.1521727   244.57391272
  326.09855029  122.28695636  142.66811575  142.66811575  142.66811575
  142.66811575  183.43043454   81.52463757  285.33623151  244.57391272
  489.14782544 1533.68224435  163.04927515  122.28695636   81.52463757
   81.52463757  101.90579697  224.19275333  101.90579697  122.28695636
  183.43043454 3355.24836513  239.03242204  179.27431653  119.51621102
  119.51621102   89.63715827  119.51621102  209.15336929  209.15336929
  209.15336929  119.51621102   89.63715827   59.75810551   59.75810551
  119.51621102   89.63715827  179.27431653  155.76875111    0.
   77.88437555    0.            0.           77.88437555   77.88437555
   77.88437555    0.            0.           77.88437555   77.88437555]
