[ 377.60855424  563.08752906  342.52328957  291.92325816  302.30275178
  249.10784696  352.90278319  583.84651631  947.12879313  732.86019423
  284.69847694  370.51667812  228.84853649  207.05343778  207.05343778
  239.74608585  197.51808209  370.51667812  207.05343778  283.33628327
 2803.39457199 3052.67601352 3457.24753338 1325.4144405   863.63078651
  437.59548883  413.94167863  202.5357499   248.36500718  496.73001435
  508.55691946  391.76623156  212.88429187  189.23048166  439.07385197
  653.43650697  319.3264378   709.61430622 3313.01179215 1070.33491188
 3431.28084319 3432.75920633 4918.51415997 3348.49250746  248.36500718
  683.20070381  346.59938144  253.28416336  441.5809427   373.26087232
  334.93497918  359.93012688  294.94274286  373.26087232  439.91459952
  199.9611816   479.90683584  519.89907216  439.91459952 3117.7280898
  879.82919905  134.97379758  186.63043616  186.63043616 1876.3024207
  776.51592189 4897.38260606 4472.46509516  401.58870638  474.77381031
  221.56111148  395.64484192  395.64484192  237.38690515   79.12896838
   79.12896838   79.12896838  205.7353178   363.99325457  460.92624084
  348.16746089  365.97147878 1270.01994257 2146.37326744  174.08373045
  126.60634942  126.60634942  142.43214309  189.90952412  189.90952412
  189.90952412 3719.06151408  492.57782819  611.4347818   264.95507211
  366.86086908  122.28695636  163.04927515  163.04927515  163.04927515
  203.81159393  224.19275333  142.66811575  346.47970969  264.95507211
  387.24202847 1982.067751    163.04927515  142.66811575  101.90579697
   81.52463757  101.90579697  183.43043454  101.90579697  122.28695636
  203.81159393 3765.41919792  209.15336929  239.03242204  149.39526378
  119.51621102   89.63715827  209.15336929  239.03242204  268.9114748
  149.39526378  119.51621102   89.63715827   59.75810551   59.75810551
  119.51621102   89.63715827  179.27431653   77.88437555    0.
   77.88437555    0.            0.           77.88437555   77.88437555
   77.88437555    0.            0.           77.88437555   77.88437555]
