[ 276.8278928   541.03110511  363.28227682  281.54376453  323.06173903
  238.72835334  363.28227682  646.12347805  873.17490106  667.47489809
  284.69847694  316.02893134  294.23383263  272.43873392  262.90337823
  239.74608585  152.56569099  305.13138199  174.36078971  250.6436352
 3022.70775279 3271.98919432 3555.32547759 1905.70894374  840.47349413
  413.94167863  331.1533429   261.67027542  320.80480094  604.65052342
  638.6528756   533.6890928   295.67262759  236.53810207  368.11242135
  558.82126615  295.67262759  520.38382456 1423.66370185 1533.06257406
 4155.67878078 4154.20041765 5061.91538435 5202.35988245  260.19191228
  643.20846749  306.60714512  308.2734883   588.21914254  453.24534496
  401.58870638  439.91459952  374.9272155   466.5760904   586.55279936
  239.95341792  413.25310864  439.91459952  373.26087232 2341.21216792
 1296.41499405  159.96894528  226.62267248  239.95341792 2131.25292724
  654.87286975 4110.86862509 4512.45733148  401.58870638  427.29642928
  253.21269883  506.42539766  506.42539766  300.69007986  142.43214309
  142.43214309  126.60634942  253.21269883  490.59960399  635.00997129
  348.16746089  332.34166722  872.39687644 1511.36329615  205.7353178
  142.43214309  158.25793677  189.90952412  237.38690515  221.56111148
  205.7353178  3558.8253531   524.22941555  570.67246301  326.09855029
  448.38550665  203.81159393  387.24202847  264.95507211  224.19275333
  346.47970969  428.00434726  183.43043454  450.93315158  305.7173909
  366.86086908 1841.94728017  183.43043454  163.04927515  101.90579697
  101.90579697  122.28695636  224.19275333  122.28695636  163.04927515
  203.81159393 3087.74564809  239.03242204  268.9114748   268.9114748
  239.03242204  179.27431653  239.03242204  268.9114748   328.66958031
  149.39526378  119.51621102   89.63715827   59.75810551   89.63715827
  149.39526378   89.63715827  179.27431653  155.76875111   77.88437555
  155.76875111    0.            0.          155.76875111   77.88437555
    0.            0.           77.88437555   77.88437555  155.76875111]
