[ 501.35189803  708.40043979  404.80025131  374.95920714  354.2002199
  280.24632783  415.17974493  594.22600993  957.50828675  886.78807889
  437.26416793  294.23383263  239.74608585  217.95098713  217.95098713
  207.05343778  141.66814164  381.41422748  185.25833906  370.51667812
 3240.65873992 4180.57237193 3763.74110904 1270.92669371  918.11853329
  520.38382456  473.07620414  224.71119697  248.36500718  567.69144497
  567.69144497  439.07385197  201.05738676  189.23048166  533.6890928
  712.57103249  366.63405821  876.66934081 3431.28084319 1806.55975458
 3929.48922068 3289.35798194 3231.70181956 2789.67124132  248.36500718
  909.82337629  306.60714512  253.28416336  348.26572462  386.59161776
  361.59647006  466.5760904   321.60423374  399.9223632   479.90683584
  199.9611816   453.24534496  573.22205392  533.2298176  2661.15005848
 1443.05319389  173.29969072  186.63043616  199.9611816  3455.99575535
  494.90392446 2611.15976308 2584.4982722   468.24243358  538.07698502
  205.7353178   332.34166722  316.51587354  189.90952412   79.12896838
   79.12896838   63.30317471  221.56111148  395.64484192  413.44885981
  300.69007986  460.92624084 1728.96795921 1495.53750247  174.08373045
  126.60634942  126.60634942  158.25793677  284.86428619  158.25793677
  158.25793677 1730.94618342  413.44885981  652.19710059  244.57391272
  285.33623151  101.90579697  142.66811575  163.04927515  163.04927515
  122.28695636  203.81159393  101.90579697  366.86086908  244.57391272
  387.24202847 2124.73586675  142.66811575  122.28695636  101.90579697
   81.52463757  101.90579697  244.57391272   81.52463757  122.28695636
  163.04927515 2269.95162743  209.15336929  239.03242204   89.63715827
  119.51621102   89.63715827   89.63715827  239.03242204  268.9114748
  179.27431653  119.51621102   89.63715827   59.75810551   59.75810551
  119.51621102   59.75810551  149.39526378   77.88437555    0.
   77.88437555    0.            0.           77.88437555   77.88437555
    0.            0.            0.            0.           77.88437555]
