[ 676.12342482  832.95436327  467.07721305  447.61566251  395.71819439
  290.62582145  446.3182258   542.32854182  935.4518628  1093.84151667
  580.29450324  250.6436352   207.05343778  185.25833906  174.36078971
  185.25833906  141.66814164  414.10687555  185.25833906  359.61912877
 2923.26761491 3491.30237512 3063.57356288 1029.8184142   918.11853329
  603.17216028  555.86453987  189.23048166  201.05738676  425.76858373
  437.59548883  332.63170604  177.40357655  165.57667145  651.95814384
  807.18627332  461.24929904  910.67169298 2374.25119955 1793.25448634
 3276.0527137  2683.22909538 3648.60022447 2136.23473434  236.53810207
 1004.80493755  239.95341792  186.63043616  306.60714512  319.93789056
  281.61199742  319.93789056  241.6197611   319.93789056  413.25310864
  173.29969072  466.5760904   706.52950833  653.20652657 3665.95499603
 1456.38393933  161.63528846  159.96894528  173.29969072 2076.2636023
  683.20070381 2692.8105789  1553.03184377  468.24243358  569.72857237
  174.08373045  269.03849251  253.21269883  158.25793677   63.30317471
   63.30317471   63.30317471  174.08373045  348.16746089  363.99325457
  253.21269883  587.53259026 2381.78194838 3275.93929113  189.90952412
  126.60634942  110.78055574  126.60634942  237.38690515  142.43214309
  126.60634942 1048.4588311   334.31989143  591.05362241  203.81159393
  244.57391272   81.52463757  122.28695636  142.66811575  142.66811575
  101.90579697  163.04927515   81.52463757  326.09855029  203.81159393
  407.62318787 2578.21666326  163.04927515  122.28695636   81.52463757
   81.52463757  101.90579697  224.19275333   81.52463757  101.90579697
  142.66811575 1268.72717223  209.15336929  209.15336929   89.63715827
   89.63715827   59.75810551   89.63715827  179.27431653  209.15336929
  179.27431653  119.51621102   89.63715827   29.87905276   59.75810551
   89.63715827   59.75810551   89.63715827   77.88437555    0.
   77.88437555    0.            0.           77.88437555   77.88437555
    0.            0.            0.            0.           77.88437555]
