[ 287.0335294   561.79009236  373.66177044  281.54376453  333.44123265
  238.72835334  384.04126406  668.179902    883.55439468  711.06509552
  284.69847694  359.61912877  348.72157941  316.02893134  295.5960263
  250.6436352   163.46324035  316.02893134  174.36078971  305.13138199
 2627.67158861 3019.98336545 3631.60832309 1927.50404245  862.26859284
  437.59548883  342.980248    297.15099073  344.45861114  614.99906539
  650.4797807   521.8621877   307.49953269  272.01881738  368.11242135
  594.30198146  307.49953269  544.03763477 1494.62513247 1759.25213416
 4381.86834089 4299.08000517 4977.64868549 5143.22535694  260.19191228
  696.53144925  333.268636    348.26572462  574.8883971   439.91459952
  401.58870638  426.58385408  361.59647006  453.24534496  573.22205392
  254.95050654  439.91459952  466.5760904   373.26087232 3211.04330789
 1363.06872125  173.29969072  226.62267248  239.95341792 2089.59434774
  736.52368557 4164.19160685 4619.103295    414.91945182  458.94801663
  284.86428619  490.59960399  490.59960399  300.69007986  142.43214309
  142.43214309  126.60634942  253.21269883  474.77381031  619.18417761
  350.1456851   348.16746089  904.0484638  1637.96964556  205.7353178
  142.43214309  158.25793677  189.90952412  237.38690515  221.56111148
  221.56111148 3382.76339845  540.05520923  611.4347818   346.47970969
  428.00434726  203.81159393  387.24202847  244.57391272  224.19275333
  346.47970969  407.62318787  183.43043454  468.76666605  326.09855029
  387.24202847 1737.49383828  183.43043454  163.04927515  101.90579697
  101.90579697  122.28695636  244.57391272  122.28695636  163.04927515
  203.81159393 3189.65144505  209.15336929  268.9114748   268.9114748
  239.03242204  149.39526378  239.03242204  268.9114748   328.66958031
  179.27431653  119.51621102   89.63715827   89.63715827   89.63715827
  149.39526378   89.63715827  179.27431653  155.76875111   77.88437555
  155.76875111    0.            0.          155.76875111   77.88437555
   77.88437555    0.           77.88437555   77.88437555  155.76875111]
