[ 604.68396861  823.87230635  456.69771943  656.50297167  374.95920714
  290.62582145  425.55923856  729.15942704 1092.44170385 1104.73906603
  623.88470067  381.41422748  207.05343778  185.25833906  164.82543402
  207.05343778  141.66814164  566.67256654  523.08236912  316.02893134
 2759.80437456 3402.7597866  3227.03680323 1379.90218728 1048.88912557
  626.82597049  923.97696122  201.05738676  212.88429187  555.86453987
  591.34525518  356.28551625  177.40357655  153.74976635  949.10913457
  903.27987729  449.42239394  971.28458163 1685.33397727 2174.67217593
 5614.82319794 6009.54615578 3660.42712957 2921.24556059  248.36500718
 1111.45090107  586.55279936  213.29192704  348.26572462  359.93012688
  334.93497918  386.59161776  268.28125198  333.268636    373.26087232
  159.96894528  826.50621729  759.85249009  573.22205392 1658.01146411
  733.19099921  133.3074544   186.63043616  213.29192704 3979.22751387
  803.17741277 4457.46800654 3480.99090305  574.8883971   696.33492179
  189.90952412  363.99325457  348.16746089  189.90952412   63.30317471
   79.12896838   79.12896838  189.90952412  316.51587354  302.66830407
  316.51587354  540.05520923 1697.31637185 1303.64975414  142.43214309
  110.78055574  126.60634942  158.25793677  269.03849251  174.08373045
  174.08373045 2731.92763348  460.92624084  876.38985391  224.19275333
  326.09855029  101.90579697  142.66811575  163.04927515  163.04927515
  142.66811575  183.43043454  101.90579697  285.33623151  224.19275333
  468.76666605 1472.53876617  142.66811575  122.28695636   81.52463757
   81.52463757  122.28695636  224.19275333  101.90579697  122.28695636
  183.43043454 3480.08296641  209.15336929  209.15336929  119.51621102
  119.51621102   89.63715827  119.51621102  209.15336929  239.03242204
  179.27431653  119.51621102   89.63715827   59.75810551   59.75810551
  119.51621102   89.63715827  179.27431653  155.76875111    0.
  155.76875111    0.            0.           77.88437555   77.88437555
    0.            0.            0.            0.          155.76875111]
