[ 594.47833201  823.87230635  467.07721305  687.64145254  364.57971352
  290.62582145  415.17974493  708.40043979 1156.0161023  1104.73906603
  656.57734874  359.61912877  207.05343778  196.15588842  185.25833906
  207.05343778  130.77059228  468.59462233  544.87746783  359.61912877
 2507.79854569 3128.95885902 3326.4769411  1434.38993406 1048.88912557
  626.82597049  923.97696122  212.88429187  224.71119697  579.51835008
  626.82597049  379.93932645  189.23048166  153.74976635  960.93603967
  903.27987729  449.42239394  971.28458163 2470.34480352 2292.94122696
 5734.57061212 5129.92008869 3910.27049988 3230.22345643  260.19191228
 1151.44313739  573.22205392  226.62267248  348.26572462  373.26087232
  348.26572462  413.25310864  281.61199742  346.59938144  386.59161776
  173.29969072  813.17547185  746.52174465  613.21429024 1671.34220955
  773.18323553  121.64305214  186.63043616  226.62267248 3777.59998909
  723.19294013 3764.26924365 3669.28768239  574.8883971   712.16071546
  189.90952412  379.81904825  363.99325457  189.90952412   63.30317471
   79.12896838   63.30317471  189.90952412  332.34166722  334.31989143
  300.69007986  603.35838393 2063.28785063 1256.17237311  142.43214309
  110.78055574  126.60634942  158.25793677  284.86428619  174.08373045
  174.08373045 2781.38323872  413.44885981  856.00869452  244.57391272
  346.47970969  122.28695636  163.04927515  163.04927515  163.04927515
  142.66811575  183.43043454  101.90579697  305.7173909   224.19275333
  468.76666605 1554.06340374  163.04927515  122.28695636  101.90579697
   81.52463757  122.28695636  264.95507211  101.90579697  122.28695636
  183.43043454 3212.58024937  209.15336929  209.15336929  119.51621102
  119.51621102   89.63715827  119.51621102  239.03242204  239.03242204
  179.27431653  119.51621102   89.63715827   59.75810551   59.75810551
  119.51621102   89.63715827  179.27431653  155.76875111    0.
  155.76875111    0.            0.           77.88437555   77.88437555
    0.            0.            0.            0.          155.76875111]
