[ 635.30087841 1052.22116606  572.16958598  343.82072627  499.51313062
  582.54907961  716.18506001  635.74398443 1144.33917197 1247.76940133
  535.34211214  250.6436352   207.05343778  196.15588842  185.25833906
  196.15588842  141.66814164  501.2872704   217.95098713  435.90197426
 2912.37006555 3413.65733596 3696.99361923 1116.99880905 1168.7621685
  662.3066858   378.46096332  201.05738676  236.53810207  532.21072966
  484.90310925  403.59313666  189.23048166  177.40357655  450.90075708
  819.01317843  544.03763477 1020.07056519 2754.19052601 1782.90594437
 4108.37116037 4096.54425527 3206.56964622 2884.28648214  331.1533429
 1018.13568299  239.95341792  199.9611816   348.26572462  413.25310864
  334.93497918  373.26087232  266.6149088   373.26087232  586.55279936
  173.29969072  306.60714512  788.18032415  841.50330591 3879.24692307
 2366.20731562  279.94565424  239.95341792  253.28416336 3416.00351903
  643.20846749 2999.41772402 2597.82901764  654.87286975  633.03174708
  174.08373045  300.69007986  316.51587354  189.90952412   79.12896838
   79.12896838   79.12896838  221.56111148  538.07698502  587.53259026
  253.21269883  619.18417761 3080.09509438 5784.32758892  253.21269883
  189.90952412  142.43214309  158.25793677  490.59960399  205.7353178
  189.90952412 1986.13710646  555.8810029   713.34057877  244.57391272
  285.33623151  101.90579697  142.66811575  163.04927515  163.04927515
  122.28695636  183.43043454  142.66811575  389.7896734   224.19275333
  468.76666605 2392.23858379  366.86086908  163.04927515  122.28695636
  101.90579697  122.28695636  369.408514    101.90579697  122.28695636
  203.81159393 1778.25615707  239.03242204  268.9114748    89.63715827
  119.51621102   89.63715827  119.51621102  209.15336929  209.15336929
  209.15336929  209.15336929  119.51621102   59.75810551   89.63715827
  119.51621102   89.63715827  179.27431653  155.76875111    0.
  155.76875111    0.            0.            0.           77.88437555
    0.            0.           77.88437555    0.          155.76875111]
