[ 367.40291764  614.98499718  425.55923856  333.44123265  374.95920714
  269.86683421  425.55923856  730.45686374  852.41591381  788.71013468
  306.49357565  555.77501719  512.18481976  403.20932619  448.16171729
  348.72157941  207.05343778  381.41422748  196.15588842  316.02893134
 3033.60530215 4443.47575016 4431.21600713 2037.84172969  885.42588522
  496.73001435  473.07620414  450.90075708  297.15099073  626.82597049
  626.82597049  474.55456728  260.19191228  366.63405821  462.72766218
  724.3979376   354.80715311  616.47742853 4038.88809289 1426.62042812
 4606.57953786 5224.53532952 5288.10494446 4964.34341724  272.01881738
  803.17741277  493.23758128  334.93497918  521.56541534  426.58385408
  401.58870638  439.91459952  348.26572462  426.58385408  519.89907216
  279.94565424  626.54503569  533.2298176   426.58385408 2059.6001705
 1054.79523295  161.63528846  239.95341792  253.28416336 4515.79001784
  669.86995837 5303.97034198 4350.82204301  441.5809427   538.07698502
  427.29642928  458.94801663  458.94801663  284.86428619  110.78055574
  110.78055574   94.95476206  237.38690515  395.64484192  555.8810029
  508.40362187  413.44885981 1093.95798792 1875.35655072  205.7353178
  158.25793677  174.08373045  205.7353178   379.81904825  237.38690515
  221.56111148 3624.10675202  605.33660814  672.57825998  346.47970969
  407.62318787  183.43043454  366.86086908  224.19275333  203.81159393
  305.7173909   387.24202847  163.04927515  407.62318787  326.09855029
  428.00434726 3169.27028566  203.81159393  163.04927515  122.28695636
  122.28695636  142.66811575  285.33623151  122.28695636  163.04927515
  224.19275333 3459.70180702  268.9114748   268.9114748   268.9114748
  209.15336929  119.51621102  239.03242204  268.9114748   268.9114748
  179.27431653  149.39526378  119.51621102   89.63715827   89.63715827
  149.39526378   89.63715827  209.15336929  155.76875111   77.88437555
  155.76875111   77.88437555   77.88437555  155.76875111   77.88437555
    0.            0.           77.88437555   77.88437555  155.76875111]
