[ 839.41361044  969.18521708  572.16958598  511.19006095  489.133637
  363.28227682  477.45670667  469.67208645 1165.09815922 1236.87185198
  743.75774359  283.33628327  228.84853649  207.05343778  196.15588842
  207.05343778  163.46324035  490.38972105  207.05343778  381.41422748
 2518.69609505 2033.75514868 2044.65269803  427.72881225 1059.78667493
  697.78740111  638.6528756   178.88193969  224.71119697  461.24929904
  508.55691946  391.76623156  201.05738676  177.40357655  771.70555801
  950.5874977   544.03763477 1160.51506329 2848.80576683 1710.46615061
 3574.68206757 2077.10020882 1271.39229864 1209.30104684  260.19191228
 1164.77388283  266.6149088   226.62267248  346.59938144  359.93012688
  334.93497918  466.5760904   308.2734883   399.9223632   493.23758128
  186.63043616  506.56832672  828.17256047  628.21137887 4789.07029936
 2084.5953182   199.9611816   186.63043616  186.63043616 4274.17025673
  348.26572462 1379.73215305 1218.09686459  628.21137887  712.16071546
  189.90952412  300.69007986  300.69007986  189.90952412   79.12896838
   94.95476206   79.12896838  221.56111148  427.29642928  429.27465349
  269.03849251  666.66155864 2603.34305986 2670.60268298  205.7353178
  142.43214309  126.60634942  158.25793677  363.99325457  142.43214309
  126.60634942 1715.12038974  413.44885981  794.86521634  224.19275333
  285.33623151   81.52463757  142.66811575  163.04927515  163.04927515
  122.28695636  183.43043454  122.28695636  407.62318787  224.19275333
  468.76666605 2598.59782265  183.43043454  142.66811575  101.90579697
   81.52463757  101.90579697  346.47970969   81.52463757  101.90579697
  163.04927515 1920.92427282  239.03242204  268.9114748    89.63715827
  119.51621102   89.63715827   89.63715827  209.15336929  268.9114748
  209.15336929  149.39526378   89.63715827   59.75810551   59.75810551
  119.51621102   59.75810551  149.39526378   77.88437555    0.
   77.88437555    0.            0.           77.88437555   77.88437555
    0.            0.            0.            0.           77.88437555]
