[ 480.94062482  677.26195892  384.04126406  343.82072627  333.44123265
  290.62582145  404.80025131  583.84651631  914.69287555  832.30033211
  382.77642115  294.23383263  239.74608585  217.95098713  207.05343778
  207.05343778  141.66814164  370.51667812  185.25833906  359.61912877
 3438.17682201 4354.93316163 3598.91567502 1225.97430262  840.47349413
  484.90310925  425.76858373  224.71119697  236.53810207  555.86453987
  544.03763477  415.42004176  201.05738676  189.23048166  462.72766218
  700.74412739  342.980248    898.84478787 3074.99532694 1485.75495364
 3894.00850537 4086.1957133  3231.70181956 2813.32505152  236.53810207
  816.50815821  293.27639968  239.95341792  334.93497918  373.26087232
  348.26572462  413.25310864  319.93789056  373.26087232  466.5760904
  199.9611816   426.58385408  533.2298176   519.89907216 2942.7620559
  908.15703311  146.63819984  186.63043616  199.9611816  3134.39152161
  723.19294013 3307.69121233 2597.82901764  428.25019726  490.59960399
  205.7353178   363.99325457  300.69007986  189.90952412   63.30317471
   79.12896838   63.30317471  205.7353178   395.64484192  413.44885981
  300.69007986  429.27465349 1665.6647845  1543.0148835   158.25793677
  126.60634942  126.60634942  142.43214309  300.69007986  158.25793677
  158.25793677 1889.20412019  397.62306613  611.4347818   224.19275333
  305.7173909   101.90579697  142.66811575  163.04927515  163.04927515
  122.28695636  203.81159393  101.90579697  366.86086908  244.57391272
  366.86086908 2104.35470736  163.04927515  122.28695636   81.52463757
   81.52463757  101.90579697  244.57391272   81.52463757  101.90579697
  163.04927515 2249.57046804  209.15336929  239.03242204  119.51621102
  119.51621102   89.63715827   89.63715827  209.15336929  268.9114748
  149.39526378  119.51621102   89.63715827   59.75810551   59.75810551
  119.51621102   59.75810551  119.51621102   77.88437555    0.
   77.88437555    0.            0.           77.88437555   77.88437555
    0.            0.            0.            0.           77.88437555]
