[ 287.0335294   625.3644908   363.28227682  478.75414338  354.2002199
  217.96936609  342.52328957  437.23616888  707.10300309  875.89052954
  469.956816    316.02893134  174.36078971  163.46324035  163.46324035
  163.46324035  130.77059228  446.79952362  392.31177684  272.43873392
 1873.01629567 2560.9240988  2352.50846736  931.74046999  896.32343458
  484.90310925  674.13359091  165.57667145  201.05738676  354.80715311
  354.80715311  332.63170604  189.23048166  165.57667145  641.60960187
  795.35936822  354.80715311  853.0155306  2029.79258841 1212.25777312
 2125.88619238 1435.49060695 2103.71074531 2541.30623414  201.05738676
  923.15412173  426.58385408  186.63043616  348.26572462  293.27639968
  266.6149088   279.94565424  228.28901566  306.60714512  386.59161776
  159.96894528  639.87578113  519.89907216  546.56056304 2367.8736588
 1764.65742763  133.3074544   159.96894528  159.96894528 1809.64869349
  334.93497918 3469.32650079 2517.844545    454.91168814  474.77381031
  174.08373045  316.51587354  316.51587354  189.90952412   94.95476206
  110.78055574   94.95476206  174.08373045  316.51587354  381.79727246
  269.03849251  429.27465349 1746.77197709 3147.3547175   174.08373045
  110.78055574  110.78055574  126.60634942  205.7353178   142.43214309
  142.43214309 2065.26607484  429.27465349  468.76666605  203.81159393
  285.33623151  142.66811575  244.57391272  224.19275333  224.19275333
  224.19275333  285.33623151  122.28695636  305.7173909   183.43043454
  366.86086908 1717.11267889  142.66811575  142.66811575   81.52463757
   81.52463757  101.90579697  163.04927515   81.52463757  101.90579697
  163.04927515 3232.96140877  209.15336929  239.03242204  179.27431653
  179.27431653  149.39526378  179.27431653  209.15336929  209.15336929
  149.39526378  119.51621102   89.63715827   29.87905276   59.75810551
   89.63715827   59.75810551  149.39526378   77.88437555    0.
   77.88437555    0.            0.           77.88437555   77.88437555
    0.            0.            0.            0.           77.88437555]
