[ 153.08454902  281.54376453  217.96936609  177.7488283   197.21037884
  134.9334171   217.96936609  333.44123265  373.66177044  393.67397051
  196.15588842  207.05343778  163.46324035  163.46324035  163.46324035
  163.46324035   87.18039485  196.15588842  130.77059228  217.95098713
 2178.14767765 3654.76561547 3259.7294513   942.63801935  512.18481976
  260.19191228  236.53810207  153.74976635  201.05738676  425.76858373
  425.76858373  391.76623156  201.05738676  141.92286124  236.53810207
  344.45861114  201.05738676  449.42239394 4120.19806547 1865.6942801
 4321.25545223 3681.1242135  3574.68206757 3586.50897267  189.23048166
  374.9272155   199.9611816   199.9611816   373.26087232  386.59161776
  308.2734883   359.93012688  321.60423374  413.25310864  426.58385408
  159.96894528  226.62267248  239.95341792  293.27639968 2634.4885676
 1709.66810269  146.63819984  199.9611816   213.29192704 2921.09959456
  614.88063342 3775.93364591 3159.38666931  253.28416336  253.21269883
  158.25793677  332.34166722  332.34166722  221.56111148  126.60634942
  142.43214309  126.60634942  221.56111148  332.34166722  381.79727246
  189.90952412  237.38690515  696.33492179 3386.71984687  189.90952412
  126.60634942  142.43214309  158.25793677  363.99325457  174.08373045
  174.08373045 3082.07331859  381.79727246  387.24202847  203.81159393
  305.7173909   142.66811575  285.33623151  285.33623151  264.95507211
  244.57391272  305.7173909   142.66811575  346.47970969  203.81159393
  285.33623151 1449.60996185  163.04927515  142.66811575  101.90579697
  101.90579697  122.28695636  224.19275333   81.52463757  122.28695636
  163.04927515 2374.40506932  209.15336929  268.9114748   209.15336929
  209.15336929  179.27431653  209.15336929  239.03242204  239.03242204
  119.51621102   89.63715827   89.63715827   59.75810551   59.75810551
  119.51621102   89.63715827  149.39526378   77.88437555    0.
  155.76875111   77.88437555    0.           77.88437555   77.88437555
    0.            0.            0.            0.          155.76875111]
