[ 256.4166196   468.37464975  352.90278319  302.30275178  385.33870077
  186.83088522  280.24632783  490.4310737   696.72350946  810.5052334
  175.72298338  929.01608265 1003.93673448  993.03918512  995.76357246
  709.70290185  491.75191472  544.87746783  141.66814164  294.23383263
 1818.52854888 2495.53880266 2035.11734235  821.40278275  829.57594477
  449.42239394  425.76858373  962.41440281  177.40357655  532.21072966
  449.42239394  486.38147239  177.40357655  746.57338467  272.01881738
  866.32079884  378.46096332  579.51835008 1506.45203757  759.87865291
 1779.94921809 1614.37254664 1794.73284947 2445.21263017  189.23048166
  951.48195579  613.21429024  428.25019726  401.58870638  293.27639968
  199.9611816   213.29192704  199.9611816   306.60714512  493.23758128
  481.57317902  786.51398097  519.89907216  413.25310864 4655.76284496
  679.86801745  146.63819984  159.96894528  159.96894528 1126.44798969
  281.61199742 1727.99787767 2437.86007236  454.91168814  522.25119134
  917.89603326  269.03849251  269.03849251  158.25793677   79.12896838
   94.95476206   79.12896838  158.25793677  253.21269883  445.10044716
  874.37510065  445.10044716 1093.95798792 3355.06825951  174.08373045
  126.60634942  126.60634942  126.60634942  221.56111148  158.25793677
  158.25793677 2033.61448749  413.44885981  876.38985391  346.47970969
  244.57391272  122.28695636  203.81159393  203.81159393  203.81159393
  163.04927515  224.19275333  101.90579697  264.95507211  428.00434726
  387.24202847 3311.93840141  183.43043454  142.66811575   81.52463757
   81.52463757   81.52463757  203.81159393   81.52463757  101.90579697
  163.04927515 2292.88043175  268.9114748   209.15336929  149.39526378
  149.39526378  119.51621102  149.39526378  179.27431653  179.27431653
  149.39526378  149.39526378   59.75810551   59.75810551   59.75810551
   89.63715827   59.75810551  149.39526378   77.88437555    0.
   77.88437555    0.            0.           77.88437555   77.88437555
    0.            0.            0.            0.           77.88437555]
