[ 193.90709542  437.23616888  311.3848087   208.88730917  302.30275178
  176.4513916   249.10784696  364.57971352  539.73366841  645.67979938
  197.51808209  250.6436352   326.9264807   468.59462233  328.28867437
  196.15588842  130.77059228  316.02893134  152.56569099  283.33628327
 1521.57032892 1794.00906283 1727.26157302  734.2223879   633.42005635
  354.80715311  236.53810207  356.28551625  629.78269677 1457.66605402
 1481.31986423 1389.66134968  591.34525518  201.05738676  285.32408562
  570.64817125  307.49953269  591.34525518 2683.22909538  688.91722229
 1602.54564154 1816.90829654 2032.74931468 2053.44639862  177.40357655
  614.88063342  226.62267248  574.8883971  1298.08133723 1216.43052141
  723.19294013  666.53727201  776.51592189 1323.07648493  908.15703311
  226.62267248  386.59161776  373.26087232  386.59161776 3652.62425059
  679.86801745  146.63819984  239.95341792  226.62267248 1139.77873513
  321.60423374 1554.69818695 1874.63607752  321.60423374  363.99325457
  237.38690515 1062.30640057  522.25119134  269.03849251  174.08373045
  189.90952412  158.25793677  253.21269883  664.68333443  761.6163207
  411.4706356   363.99325457  983.17743218 1400.58274041  237.38690515
  189.90952412  189.90952412  189.90952412  284.86428619  237.38690515
  174.08373045 1430.25610355  365.97147878  652.19710059  529.91014423
  387.24202847  183.43043454  264.95507211  244.57391272  224.19275333
  224.19275333  264.95507211  224.19275333  613.98242672  407.62318787
  326.09855029 2680.12246022  183.43043454  183.43043454  122.28695636
   81.52463757  101.90579697  203.81159393  101.90579697  142.66811575
  163.04927515 2022.83006979  239.03242204  209.15336929  179.27431653
  149.39526378  119.51621102  149.39526378  179.27431653  298.79052755
  149.39526378  149.39526378   89.63715827   89.63715827   89.63715827
  119.51621102   89.63715827  149.39526378   77.88437555    0.
   77.88437555    0.            0.           77.88437555   77.88437555
    0.            0.            0.            0.           77.88437555]
