[ 142.87891241  271.16427091  207.58987247  186.83088522  197.21037884
  134.9334171   207.58987247  343.82072627  373.66177044  382.77642115
  185.25833906  207.05343778  163.46324035  163.46324035  152.56569099
  152.56569099   87.18039485  196.15588842  130.77059228  239.74608585
 3097.62840462 3883.61415196 3357.80739551 1325.4144405   501.2872704
  248.36500718  224.71119697  153.74976635  201.05738676  402.11477352
  413.94167863  368.11242135  189.23048166  141.92286124  236.53810207
  332.63170604  201.05738676  437.59548883 2671.40219028 1568.54328937
 3811.22016964 3787.56635943 3481.54518988 2921.24556059  177.40357655
  361.59647006  199.9611816   199.9611816   359.93012688  359.93012688
  319.93789056  346.59938144  308.2734883   386.59161776  413.25310864
  146.63819984  226.62267248  239.95341792  293.27639968 4347.48935665
 1523.03766653  146.63819984  199.9611816   199.9611816  2919.43325138
  696.53144925 3762.60290047 2262.89403846  253.28416336  237.38690515
  158.25793677  316.51587354  332.34166722  205.7353178   110.78055574
  126.60634942  110.78055574  205.7353178   332.34166722  365.97147878
  189.90952412  221.56111148  696.33492179 3861.49365717  189.90952412
  110.78055574  126.60634942  158.25793677  316.51587354  174.08373045
  158.25793677 2828.86061975  413.44885981  366.86086908  203.81159393
  285.33623151  142.66811575  264.95507211  264.95507211  264.95507211
  244.57391272  285.33623151  142.66811575  326.09855029  183.43043454
  264.95507211 1571.89691821  163.04927515  142.66811575  101.90579697
   81.52463757  101.90579697  244.57391272   81.52463757  122.28695636
  163.04927515 2083.97354797  209.15336929  268.9114748   209.15336929
  179.27431653  149.39526378  179.27431653  209.15336929  209.15336929
  119.51621102  119.51621102   89.63715827   59.75810551   59.75810551
  119.51621102   89.63715827  119.51621102   77.88437555    0.
  155.76875111    0.            0.           77.88437555   77.88437555
    0.            0.            0.            0.           77.88437555]
