[ 153.08454902  291.92325816  217.96936609  177.7488283   207.58987247
  134.9334171   217.96936609  385.33870077  373.66177044  404.57151986
  186.62053273  217.95098713  174.36078971  174.36078971  163.46324035
  163.46324035   87.18039485  185.25833906  119.87304292  196.15588842
 1488.87768085 2254.43052315 1870.29190833  875.89052954  512.18481976
  272.01881738  248.36500718  165.57667145  212.88429187  449.42239394
  449.42239394  403.59313666  201.05738676  141.92286124  248.36500718
  332.63170604  189.23048166  413.94167863 1553.75965799 1865.6942801
 4773.63457245 5546.8184936  3755.0423704  2896.11338725  201.05738676
  374.9272155   213.29192704  213.29192704  374.9272155   399.9223632
  334.93497918  373.26087232  334.93497918  426.58385408  439.91459952
  159.96894528  239.95341792  239.95341792  279.94565424 1764.65742763
  974.81076031  133.3074544   213.29192704  226.62267248 4434.13920202
  883.16188541 5017.35931502 4405.81136796  266.6149088   253.21269883
  158.25793677  348.16746089  363.99325457  237.38690515  126.60634942
  142.43214309  126.60634942  221.56111148  348.16746089  397.62306613
  205.7353178   221.56111148  680.50912811 1177.04340472  158.25793677
  110.78055574  142.43214309  174.08373045  458.94801663  189.90952412
  189.90952412 2844.68641343  413.44885981  387.24202847  224.19275333
  326.09855029  163.04927515  305.7173909   305.7173909   285.33623151
  264.95507211  326.09855029  142.66811575  346.47970969  203.81159393
  285.33623151 1408.84764306  142.66811575  142.66811575   81.52463757
  101.90579697  122.28695636  224.19275333  101.90579697  142.66811575
  183.43043454 2924.69637294  209.15336929  239.03242204  239.03242204
  209.15336929  179.27431653  209.15336929  239.03242204  239.03242204
  119.51621102   89.63715827   89.63715827   59.75810551   59.75810551
  119.51621102   89.63715827  149.39526378   77.88437555    0.
  155.76875111   77.88437555    0.           77.88437555   77.88437555
    0.            0.            0.            0.          155.76875111]
