[ 234.72964182  509.89262424  342.52328957  291.92325816  385.33870077
  197.21037884  259.48734058  416.47718164  624.0670541   810.5052334
  174.36078971  820.04058908  983.50382943 1069.32203062 1006.66112182
  512.18481976  262.90337823  370.51667812  141.66814164  283.33628327
 1522.93252259 1554.26297699 1683.6713756   701.52973983  796.8832967
  402.11477352  212.88429187  974.24130791 1259.56539354  827.88335725
  331.1533429   830.84008353 1244.78176216  425.76858373  248.36500718
  807.18627332  378.46096332  532.21072966 1400.00989164  629.78269677
 1305.39465081 1329.04846102 1343.8320924  1685.33397727  165.57667145
  803.17741277  426.58385408 1204.76611915  279.94565424  359.93012688
  279.94565424  226.62267248  254.95050654  386.59161776  319.93789056
  669.86995837  599.8835448   493.23758128  386.59161776 5243.9819875
  988.14150575  148.30454302  186.63043616  186.63043616  898.15897403
  268.28125198 1421.39073255 1781.32085943  414.91945182  506.42539766
  490.59960399  253.21269883  237.38690515  142.43214309   79.12896838
   94.95476206   94.95476206  142.43214309  284.86428619  476.75203452
  840.74528909  413.44885981  935.70005115 2178.02485479  205.7353178
  142.43214309  126.60634942  142.43214309  189.90952412  174.08373045
  158.25793677 1446.08189723  413.44885981  917.1521727   856.00869452
  224.19275333  101.90579697  183.43043454  183.43043454  183.43043454
  163.04927515  203.81159393  101.90579697  264.95507211  733.72173816
  366.86086908 3622.75108216  203.81159393  142.66811575  101.90579697
   61.14347818   81.52463757  203.81159393   81.52463757  122.28695636
  163.04927515 1760.4226426   239.03242204  209.15336929  119.51621102
  119.51621102   89.63715827  119.51621102  149.39526378  179.27431653
  149.39526378  149.39526378   59.75810551   59.75810551   59.75810551
   89.63715827   59.75810551  149.39526378   77.88437555    0.
   77.88437555    0.            0.           77.88437555   77.88437555
    0.            0.            0.            0.           77.88437555]
