[ 142.87891241  271.16427091  207.58987247  186.83088522  197.21037884
  134.9334171   207.58987247  333.44123265  373.66177044  382.77642115
  185.25833906  207.05343778  163.46324035  163.46324035  152.56569099
  152.56569099   87.18039485  185.25833906  130.77059228  239.74608585
 2901.4725162  3720.15091161 3041.77846416 1084.30616098  501.2872704
  248.36500718  224.71119697  153.74976635  189.23048166  402.11477352
  413.94167863  368.11242135  189.23048166  141.92286124  236.53810207
  344.45861114  201.05738676  437.59548883 2541.30623414 1686.8123404
 3738.78037588 3669.2973084  3398.75685415 2683.22909538  177.40357655
  361.59647006  199.9611816   186.63043616  359.93012688  359.93012688
  319.93789056  333.268636    294.94274286  386.59161776  413.25310864
  159.96894528  226.62267248  239.95341792  293.27639968 4012.55437747
 1749.66033901  133.3074544   186.63043616  199.9611816  2839.44877874
  708.19585151 4004.22266157 2329.54776566  253.28416336  237.38690515
  158.25793677  316.51587354  316.51587354  205.7353178   110.78055574
  126.60634942  110.78055574  205.7353178   316.51587354  365.97147878
  189.90952412  221.56111148  696.33492179 3829.84206982  174.08373045
  110.78055574  126.60634942  158.25793677  269.03849251  174.08373045
  158.25793677 2971.29276285  413.44885981  366.86086908  203.81159393
  285.33623151  142.66811575  264.95507211  264.95507211  264.95507211
  244.57391272  285.33623151  142.66811575  326.09855029  183.43043454
  264.95507211 1653.42155578  163.04927515  142.66811575   81.52463757
   81.52463757  101.90579697  163.04927515   81.52463757  122.28695636
  163.04927515 2185.87934493  239.03242204  239.03242204  209.15336929
  179.27431653  149.39526378  209.15336929  209.15336929  239.03242204
  119.51621102   89.63715827   89.63715827   59.75810551   59.75810551
  119.51621102   89.63715827  119.51621102   77.88437555    0.
  155.76875111    0.            0.           77.88437555   77.88437555
    0.            0.            0.            0.           77.88437555]
