[ 285.75782483  561.79009236  342.52328957  478.75414338  354.2002199
  228.34885971  342.52328957  437.23616888  664.28759189  830.93813844
  469.956816    261.54118456  152.56569099  152.56569099  141.66814164
  141.66814164  119.87304292  348.72157941  370.51667812  294.23383263
 1873.01629567 2308.91826993 2462.84615459  920.84292063  862.26859284
  461.24929904  626.82597049  153.74976635  177.40357655  319.3264378
  319.3264378   285.32408562  165.57667145  141.92286124  653.43650697
  795.35936822  354.80715311  817.53481529 2470.34480352 1127.99107426
 1482.79822737 1400.00989164 2162.84527082 2362.42429445  189.23048166
  896.49263085  359.93012688  173.29969072  319.93789056  253.28416336
  226.62267248  239.95341792  213.29192704  266.6149088   333.268636
  146.63819984  586.55279936  506.56832672  519.89907216 3076.0695103
 2097.92606364  133.3074544   146.63819984  133.3074544  1206.43246233
  348.26572462 2786.12579698 2371.20634516  401.58870638  458.94801663
  158.25793677  284.86428619  269.03849251  158.25793677   79.12896838
   79.12896838   63.30317471  158.25793677  269.03849251  318.49409775
  237.38690515  413.44885981 1746.77197709 3273.96106692  158.25793677
   94.95476206   94.95476206  110.78055574  158.25793677  126.60634942
  126.60634942 2413.43353573  429.27465349  468.76666605  183.43043454
  244.57391272  122.28695636  224.19275333  142.66811575  142.66811575
  203.81159393  244.57391272  101.90579697  264.95507211  183.43043454
  346.47970969 1615.20688192  142.66811575  122.28695636   81.52463757
   61.14347818   81.52463757  142.66811575   61.14347818   81.52463757
  142.66811575 3192.19908998  239.03242204  239.03242204  149.39526378
  149.39526378  119.51621102  149.39526378  179.27431653  179.27431653
  119.51621102   89.63715827   59.75810551   29.87905276   29.87905276
   89.63715827   59.75810551  119.51621102   77.88437555    0.
   77.88437555    0.            0.           77.88437555    0.
    0.            0.            0.            0.           77.88437555]
