[ 326.58037123  594.22600993  363.28227682  490.4310737   385.33870077
  207.58987247  373.66177044  459.29259283  727.86199033  875.89052954
  448.16171729  709.70290185  196.15588842  174.36078971  174.36078971
  316.02893134  569.39695388  633.42005635  403.20932619  272.43873392
 2332.07556231 2878.31522381 2363.40601671  920.84292063  918.11853329
  496.73001435  697.78740111  189.23048166  212.88429187  390.28786842
  413.94167863  344.45861114  189.23048166  165.57667145  557.34290301
  889.97460905  378.46096332  780.57573684 1661.68016706 1462.10114343
 3824.52543788 3610.16278288 3208.04800936 4084.71735016  236.53810207
  923.15412173  733.19099921  226.62267248  348.26572462  319.93789056
  293.27639968  306.60714512  241.6197611   319.93789056  386.59161776
  173.29969072  946.48292625  639.87578113  506.56832672 2287.88918616
  841.50330591  121.64305214  186.63043616  199.9611816  2961.09183088
  561.55765166 3897.57669805 4164.19160685  508.2346699   538.07698502
  189.90952412  332.34166722  332.34166722  205.7353178   110.78055574
  110.78055574  110.78055574  174.08373045  316.51587354  381.79727246
  474.77381031  460.92624084 1523.23264141 2512.34474622  158.25793677
  110.78055574  126.60634942  158.25793677  348.16746089  174.08373045
  189.90952412 3097.89911226  492.57782819  835.62753513  224.19275333
  305.7173909   142.66811575  264.95507211  264.95507211  264.95507211
  244.57391272  285.33623151  122.28695636  326.09855029  224.19275333
  428.00434726 1796.08967154  163.04927515  142.66811575  101.90579697
  101.90579697  122.28695636  244.57391272  101.90579697  122.28695636
  183.43043454 3683.89456034  209.15336929  239.03242204  209.15336929
  179.27431653  179.27431653  209.15336929  239.03242204  239.03242204
  149.39526378  119.51621102   89.63715827   59.75810551   59.75810551
  119.51621102   89.63715827  179.27431653   77.88437555    0.
  155.76875111    0.            0.           77.88437555   77.88437555
    0.            0.            0.            0.           77.88437555]
