[ 163.29018562  291.92325816  217.96936609  177.7488283   197.21037884
  134.9334171   217.96936609  500.81056732  394.42075769  393.67397051
  196.15588842  217.95098713  174.36078971  163.46324035  163.46324035
  163.46324035   87.18039485  196.15588842  130.77059228  217.95098713
 2090.9672828  3741.94601033 3259.7294513   864.99298018  501.2872704
  260.19191228  236.53810207  165.57667145  201.05738676  413.94167863
  425.76858373  379.93932645  189.23048166  141.92286124  248.36500718
  356.28551625  201.05738676  449.42239394 3860.00615319 2328.42194227
 5435.94125825 4690.84623672 4359.69289382 3848.17924809  189.23048166
  374.9272155   213.29192704  199.9611816   348.26572462  373.26087232
  308.2734883   346.59938144  308.2734883   413.25310864  426.58385408
  159.96894528  239.95341792  239.95341792  279.94565424 1912.96197066
 2017.941591    159.96894528  213.29192704  226.62267248 2626.1568517
  574.8883971  3319.35561459 3334.35270321  266.6149088   253.21269883
  158.25793677  332.34166722  332.34166722  221.56111148  110.78055574
  126.60634942  126.60634942  221.56111148  332.34166722  381.79727246
  189.90952412  221.56111148  696.33492179 2431.23755362  189.90952412
  126.60634942  142.43214309  158.25793677  395.64484192  174.08373045
  174.08373045 3129.55069962  413.44885981  387.24202847  203.81159393
  305.7173909   142.66811575  285.33623151  285.33623151  264.95507211
  244.57391272  305.7173909   142.66811575  326.09855029  203.81159393
  285.33623151 1408.84764306  142.66811575  142.66811575  101.90579697
  101.90579697  122.28695636  264.95507211  101.90579697  122.28695636
  163.04927515 3108.12680748  209.15336929  209.15336929  209.15336929
  209.15336929  179.27431653  209.15336929  239.03242204  239.03242204
  119.51621102   89.63715827   89.63715827   59.75810551   59.75810551
  119.51621102   89.63715827  149.39526378   77.88437555    0.
  155.76875111    0.            0.           77.88437555   77.88437555
    0.            0.            0.            0.           77.88437555]
