[ 153.08454902  281.54376453  217.96936609  177.7488283   197.21037884
  134.9334171   228.34885971  364.57971352  394.42075769  393.67397051
  196.15588842  217.95098713  174.36078971  163.46324035  163.46324035
  163.46324035   87.18039485  196.15588842  130.77059228  217.95098713
 2112.76238151 3632.97051676 3315.57939175  886.78807889  479.49217169
  260.19191228  236.53810207  165.57667145  201.05738676  413.94167863
  425.76858373  379.93932645  189.23048166  141.92286124  236.53810207
  344.45861114  201.05738676  449.42239394 4346.38762558 2269.28741676
 5260.01604483 4485.35376055 4109.84952351 3645.64349819  189.23048166
  374.9272155   213.29192704  199.9611816   348.26572462  373.26087232
  308.2734883   346.59938144  308.2734883   399.9223632   426.58385408
  159.96894528  226.62267248  239.95341792  293.27639968 2072.93091594
 1831.31115483  159.96894528  213.29192704  213.29192704 2706.14132434
  574.8883971  3361.01419409 3522.64948255  266.6149088   253.21269883
  158.25793677  332.34166722  332.34166722  221.56111148  110.78055574
  126.60634942  110.78055574  221.56111148  332.34166722  381.79727246
  189.90952412  221.56111148  696.33492179 2623.12530195  189.90952412
  126.60634942  142.43214309  158.25793677  363.99325457  174.08373045
  174.08373045 3161.20228697  476.75203452  387.24202847  203.81159393
  305.7173909   142.66811575  285.33623151  285.33623151  264.95507211
  244.57391272  305.7173909   142.66811575  326.09855029  203.81159393
  285.33623151 1408.84764306  163.04927515  142.66811575  101.90579697
  101.90579697  122.28695636  244.57391272   81.52463757  122.28695636
  163.04927515 2741.2659384   209.15336929  268.9114748   209.15336929
  209.15336929  179.27431653  209.15336929  239.03242204  239.03242204
  119.51621102   89.63715827   89.63715827   59.75810551   59.75810551
  119.51621102   89.63715827  149.39526378   77.88437555    0.
  155.76875111    0.            0.           77.88437555   77.88437555
    0.            0.            0.            0.          155.76875111]
