[ 153.08454902  281.54376453  217.96936609  177.7488283   197.21037884
  134.9334171   217.96936609  333.44123265  373.66177044  393.67397051
  196.15588842  207.05343778  163.46324035  163.46324035  163.46324035
  163.46324035   87.18039485  196.15588842  130.77059228  217.95098713
 2210.84032572 3480.40482577 3402.7597866   908.58317761  501.2872704
  260.19191228  236.53810207  153.74976635  201.05738676  425.76858373
  425.76858373  391.76623156  201.05738676  141.92286124  236.53810207
  344.45861114  201.05738676  449.42239394 4488.31048682 2043.09785665
 4643.53861631 3882.18160026 3729.91019705 3848.17924809  189.23048166
  374.9272155   213.29192704  199.9611816   348.26572462  373.26087232
  308.2734883   359.93012688  321.60423374  399.9223632   426.58385408
  159.96894528  226.62267248  239.95341792  293.27639968 2434.527386
 1683.00661181  159.96894528  213.29192704  213.29192704 2892.7717605
  588.21914254 3642.62619151 3480.99090305  266.6149088   253.21269883
  158.25793677  332.34166722  332.34166722  221.56111148  126.60634942
  142.43214309  110.78055574  221.56111148  332.34166722  381.79727246
  205.7353178   221.56111148  696.33492179 3068.22574912  189.90952412
  126.60634942  142.43214309  158.25793677  363.99325457  174.08373045
  174.08373045 3161.20228697  460.92624084  387.24202847  203.81159393
  305.7173909   142.66811575  285.33623151  285.33623151  264.95507211
  244.57391272  305.7173909   142.66811575  326.09855029  203.81159393
  285.33623151 1429.22880246  163.04927515  142.66811575  101.90579697
  101.90579697  122.28695636  244.57391272   81.52463757  122.28695636
  163.04927515 2415.16738811  209.15336929  268.9114748   209.15336929
  209.15336929  179.27431653  209.15336929  239.03242204  239.03242204
  119.51621102   89.63715827   89.63715827   59.75810551   59.75810551
  119.51621102   89.63715827  149.39526378   77.88437555    0.
  155.76875111    0.            0.           77.88437555   77.88437555
    0.            0.            0.            0.           77.88437555]
