[ 153.08454902  291.92325816  217.96936609  177.7488283   197.21037884
  134.9334171   228.34885971  354.2002199   373.66177044  393.67397051
  196.15588842  217.95098713  174.36078971  163.46324035  163.46324035
  163.46324035   87.18039485  196.15588842  130.77059228  217.95098713
 2036.47953602 3819.59104949 3108.52595397  854.09543082  501.2872704
  260.19191228  236.53810207  165.57667145  201.05738676  413.94167863
  425.76858373  379.93932645  189.23048166  141.92286124  248.36500718
  344.45861114  201.05738676  449.42239394 3324.83869725 2281.11432186
 5424.11435315 4915.55743369 4609.53626414 3728.43183392  189.23048166
  374.9272155   213.29192704  199.9611816   348.26572462  373.26087232
  308.2734883   346.59938144  308.2734883   399.9223632   426.58385408
  159.96894528  239.95341792  239.95341792  279.94565424 1791.31891851
 2151.2490454   159.96894528  213.29192704  226.62267248 2626.1568517
  588.21914254 3292.69412371 3387.67568497  266.6149088   253.21269883
  158.25793677  332.34166722  332.34166722  221.56111148  110.78055574
  126.60634942  126.60634942  221.56111148  332.34166722  381.79727246
  189.90952412  237.38690515  696.33492179 2209.67644214  189.90952412
  126.60634942  142.43214309  158.25793677  363.99325457  174.08373045
  174.08373045 3050.42173123  413.44885981  387.24202847  203.81159393
  305.7173909   142.66811575  285.33623151  285.33623151  264.95507211
  244.57391272  305.7173909   142.66811575  326.09855029  203.81159393
  285.33623151 1408.84764306  142.66811575  142.66811575  101.90579697
  101.90579697  122.28695636  264.95507211  101.90579697  122.28695636
  163.04927515 3026.60216991  209.15336929  239.03242204  209.15336929
  209.15336929  179.27431653  209.15336929  239.03242204  239.03242204
  119.51621102   89.63715827   89.63715827   59.75810551   59.75810551
  119.51621102   89.63715827  149.39526378   77.88437555    0.
  155.76875111    0.            0.           77.88437555   77.88437555
    0.            0.            0.            0.           77.88437555]
