[ 346.99164444  698.02094617  435.93873218  625.3644908   457.99515613
  228.34885971  404.80025131  490.4310737   810.89793932 1028.45622053
  602.08960195  491.75191472  196.15588842  185.25833906  164.82543402
  185.25833906  141.66814164  753.29309928  523.08236912  294.23383263
 1938.40159181 2539.12900009 2352.50846736  920.84292063 1037.99157622
  579.51835008  923.97696122  201.05738676  236.53810207  413.94167863
  413.94167863  368.11242135  201.05738676  165.57667145  819.01317843
  915.10678239  402.11477352  900.32315101 1518.27894268 1070.33491188
 2303.28976893 3027.68770653 2198.32598613 2564.96004435  224.71119697
 1191.43537371  666.53727201  226.62267248  388.25796094  333.268636
  281.61199742  306.60714512  254.95050654  319.93789056  399.9223632
  173.29969072  948.14926943  613.21429024  573.22205392 1859.63898889
 1857.97264571  134.97379758  173.29969072  173.29969072 2397.86783604
  481.57317902 2559.5031245  3241.03748513  561.55765166  617.2059534
  189.90952412  363.99325457  363.99325457  221.56111148  110.78055574
  126.60634942  110.78055574  189.90952412  332.34166722  397.62306613
  379.81904825  508.40362187 1762.59777077 2272.97961685  174.08373045
  126.60634942  126.60634942  142.43214309  348.16746089  174.08373045
  158.25793677 1970.31131278  540.05520923  611.4347818   244.57391272
  326.09855029  142.66811575  285.33623151  264.95507211  264.95507211
  244.57391272  285.33623151  122.28695636  326.09855029  224.19275333
  428.00434726 1778.25615707  163.04927515  142.66811575  101.90579697
   81.52463757  101.90579697  305.7173909    81.52463757  122.28695636
  163.04927515 3459.70180702  268.9114748   268.9114748   209.15336929
  179.27431653  149.39526378  179.27431653  209.15336929  239.03242204
  179.27431653  119.51621102   89.63715827   59.75810551   59.75810551
  119.51621102   59.75810551  149.39526378   77.88437555    0.
  155.76875111    0.            0.           77.88437555   77.88437555
    0.            0.            0.            0.           77.88437555]
