[ 193.90709542  385.33870077  352.90278319  219.26680279  312.6822454
  186.83088522  280.24632783  395.71819439  477.45670667  569.39695388
  262.90337823  261.54118456  250.6436352   250.6436352   217.95098713
  207.05343778  119.87304292  261.54118456  152.56569099  217.95098713
 1488.87768085 1761.31641476 1804.90661219  875.89052954  610.26276397
  331.1533429   283.84572249  214.362655    308.97789583  782.05409998
 1030.41910715  819.01317843  283.84572249  189.23048166  344.45861114
  521.8621877   272.01881738  473.07620414 1518.27894268  808.66463646
 1791.7761232  2446.69099331 1985.44169427 2350.59738934  224.71119697
  561.55765166  266.6149088   308.2734883   896.49263085  974.81076031
  869.83113997  933.15218081  856.50039453  948.14926943  666.53727201
  199.9611816   359.93012688  346.59938144  346.59938144 2782.79311062
 1603.02213917  148.30454302  279.94565424  266.6149088  1996.27912966
  548.22690622 3014.41481264 3227.70673969  321.60423374  363.99325457
  205.7353178   807.11547752  902.07023959  633.03174708  379.81904825
  395.64484192  395.64484192  571.70679658  696.33492179  587.53259026
  316.51587354  316.51587354  791.28968385 1637.96964556  269.03849251
  174.08373045  221.56111148  237.38690515  506.42539766  269.03849251
  221.56111148 3590.47694046  413.44885981  591.05362241  305.7173909
  794.86521634  387.24202847  715.88822369  634.36358612  550.29130362
  631.81594119  754.10289755  346.47970969  573.22010794  326.09855029
  366.86086908 2287.7851419   203.81159393  203.81159393  142.66811575
  142.66811575  163.04927515  346.47970969  122.28695636  203.81159393
  224.19275333 3006.22101052  268.9114748   298.79052755  298.79052755
  239.03242204  209.15336929  239.03242204  268.9114748   388.42768582
  149.39526378  149.39526378  119.51621102  119.51621102   89.63715827
  179.27431653  119.51621102  209.15336929   77.88437555    0.
  155.76875111    0.            0.           77.88437555   77.88437555
    0.            0.            0.           77.88437555   77.88437555]
