[ 307.44480261  478.75414338  363.28227682  374.95920714  406.09768801
  238.72835334  332.14379595  448.91309921  675.96452222  843.19788147
  273.80092758 1003.93673448  751.93090561  446.79952362  711.06509552
  720.60045121  558.49940453  610.26276397  283.33628327  283.33628327
 2047.37708537 2308.91826993 1915.24429942  953.5355687   873.1661422
  496.73001435  413.94167863  629.78269677  236.53810207  378.46096332
  342.980248    368.11242135  201.05738676  614.99906539  320.80480094
  901.80151415  378.46096332  756.92192663 2421.55881997 1295.04610885
 2326.94357914 2315.11667403 2329.90030541 3171.08893091  212.88429187
  936.48486717  853.16770817  239.95341792  361.59647006  359.93012688
  266.6149088   279.94565424  241.6197611   359.93012688  413.25310864
  199.9611816   921.48777855  559.89130848  439.91459952 3156.05398295
  974.81076031  146.63819984  186.63043616  173.29969072 1379.73215305
  428.25019726 2449.52447462 3722.61066415  494.90392446  553.90277869
  712.16071546  348.16746089  348.16746089  221.56111148  110.78055574
  126.60634942  126.60634942  205.7353178   332.34166722  381.79727246
  856.57108276  460.92624084 1236.39013101 3576.62937099  189.90952412
  126.60634942  142.43214309  142.43214309  253.21269883  174.08373045
  174.08373045 3416.39321001  397.62306613  917.1521727   244.57391272
  305.7173909   142.66811575  285.33623151  264.95507211  264.95507211
  244.57391272  305.7173909   142.66811575  326.09855029  305.7173909
  428.00434726 2720.88477901  183.43043454  142.66811575  101.90579697
   81.52463757  101.90579697  203.81159393  101.90579697  122.28695636
  183.43043454 3294.10488695  239.03242204  268.9114748   209.15336929
  179.27431653  149.39526378  179.27431653  239.03242204  239.03242204
  179.27431653  149.39526378   89.63715827   59.75810551   59.75810551
  119.51621102   59.75810551  179.27431653  155.76875111    0.
  155.76875111    0.            0.           77.88437555   77.88437555
   77.88437555    0.            0.            0.           77.88437555]
