[ 214.31836862  447.61566251  259.48734058  229.64629642  240.02579004
  207.58987247  280.24632783  469.67208645  560.49265566  591.1920526
  261.54118456  239.74608585  174.36078971  163.46324035  163.46324035
  163.46324035  119.87304292  283.33628327  152.56569099  272.43873392
 2660.36423668 3874.07879627 2822.46528336 1018.92086484  742.39554992
  366.63405821  307.49953269  165.57667145  201.05738676  390.28786842
  402.11477352  320.80480094  177.40357655  153.74976635  320.80480094
  521.8621877   260.19191228  638.6528756  3752.08564412 1426.62042812
 3454.93465339 3490.41536871 2412.68864114 3076.47369008  201.05738676
  588.21914254  239.95341792  199.9611816   334.93497918  293.27639968
  279.94565424  293.27639968  253.28416336  306.60714512  359.93012688
  159.96894528  306.60714512  346.59938144  399.9223632  4147.52817505
 1403.06095757  146.63819984  173.29969072  173.29969072 2371.20634516
  454.91168814 2626.1568517  3187.71450337  334.93497918  332.34166722
  174.08373045  316.51587354  316.51587354  189.90952412   79.12896838
   79.12896838   79.12896838  174.08373045  300.69007986  365.97147878
  221.56111148  300.69007986 1220.56433733 3544.97778364  174.08373045
  110.78055574  110.78055574  126.60634942  221.56111148  142.43214309
  142.43214309 1859.53075704  381.79727246  346.47970969  203.81159393
  285.33623151  122.28695636  244.57391272  142.66811575  142.66811575
  203.81159393  285.33623151  122.28695636  305.7173909   203.81159393
  305.7173909  2247.02282311  163.04927515  142.66811575   81.52463757
   81.52463757  101.90579697  183.43043454   81.52463757  101.90579697
  142.66811575 2802.40941658  209.15336929  239.03242204  179.27431653
  149.39526378  119.51621102  179.27431653  209.15336929  209.15336929
  119.51621102  119.51621102   89.63715827   59.75810551   59.75810551
   89.63715827   59.75810551  119.51621102   77.88437555    0.
  155.76875111    0.            0.           77.88437555   77.88437555
    0.            0.            0.            0.           77.88437555]
