[ 256.4166196   457.99515613  363.28227682  312.6822454   395.71819439
  186.83088522  301.00531508  448.91309921  675.96452222  821.40278275
  196.15588842  982.14163576  994.40137879  982.14163576 1006.66112182
  711.06509552  513.54701343  555.77501719  152.56569099  272.43873392
 1960.19669052 2506.43635202 2056.91244106  864.99298018  829.57594477
  461.24929904  437.59548883  962.41440281  189.23048166  520.38382456
  425.76858373  474.55456728  177.40357655  758.40028977  283.84572249
  866.32079884  378.46096332  591.34525518 1518.27894268  759.87865291
 1781.42758123 1661.68016706 1961.78788406 2517.65242393  189.23048166
  978.14344667  613.21429024  388.25796094  334.93497918  293.27639968
  199.9611816   213.29192704  199.9611816   293.27639968  466.5760904
  454.91168814  813.17547185  533.2298176   413.25310864 4575.77837232
  693.19876289  146.63819984  159.96894528  159.96894528 1193.10171689
  294.94274286 1779.65451625 2531.17529044  454.91168814  538.07698502
  902.07023959  269.03849251  269.03849251  158.25793677   94.95476206
   94.95476206   94.95476206  158.25793677  253.21269883  413.44885981
  874.37510065  445.10044716 1109.7837816  3339.24246584  174.08373045
  126.60634942  126.60634942  126.60634942  205.7353178   158.25793677
  158.25793677 2191.87242426  445.10044716  876.38985391  326.09855029
  244.57391272  122.28695636  203.81159393  203.81159393  203.81159393
  163.04927515  224.19275333  101.90579697  264.95507211  407.62318787
  387.24202847 3352.7007202   183.43043454  142.66811575   81.52463757
   81.52463757   81.52463757  224.19275333   81.52463757  101.90579697
  163.04927515 2394.78622872  268.9114748   209.15336929  149.39526378
  149.39526378  119.51621102  149.39526378  179.27431653  179.27431653
  149.39526378  149.39526378   59.75810551   59.75810551   59.75810551
   89.63715827   59.75810551  149.39526378   77.88437555    0.
   77.88437555    0.            0.           77.88437555   77.88437555
    0.            0.            0.            0.           77.88437555]
