[ 236.0053464   583.84651631  404.80025131  302.30275178  437.23616888
  228.34885971  301.00531508  448.91309921  603.30806685  875.89052954
  252.00582887  348.72157941  512.18481976  675.64806011  558.49940453
  250.6436352   163.46324035  425.00442491  196.15588842  283.33628327
 1588.31781873 1860.75655264 1915.24429942  788.71013468  753.29309928
  449.42239394  283.84572249  510.03528259 1021.54892832 2266.33069048
 2372.77283641 2245.63360655  912.15005612  307.49953269  368.11242135
  771.70555801  390.28786842  674.13359091 1518.27894268  820.49154156
 1911.52353737 1994.3118731  2032.74931468 1970.65806289  248.36500718
  803.17741277  279.94565424  909.82337629 2074.59725912 2099.59240682
 1846.30824345 1777.98817307 1872.96973433 2312.88433386 2259.5613521
  268.28125198  493.23758128  506.56832672  466.5760904  2126.2538977
  786.51398097  253.28416336  386.59161776  373.26087232 5208.98878072
  428.25019726 2076.2636023  1996.27912966  414.91945182  490.59960399
  300.69007986 1713.14216553 1317.49732361  363.99325457  221.56111148
  237.38690515  237.38690515  350.1456851  1713.14216553  969.32986271
  508.40362187  445.10044716 1109.7837816  1606.31805821  363.99325457
  332.34166722  316.51587354  316.51587354  395.64484192  379.81904825
  269.03849251 1618.18740347  413.44885981  876.38985391  692.95941937
  652.19710059  244.57391272  631.81594119  326.09855029  305.7173909
  326.09855029  407.62318787  244.57391272 1472.53876617  570.67246301
  428.00434726 2555.28785894  264.95507211  285.33623151  203.81159393
  142.66811575  183.43043454  244.57391272  163.04927515  264.95507211
  244.57391272 2127.28351168  298.79052755  358.54863306  239.03242204
  209.15336929  179.27431653  209.15336929  268.9114748   537.8229496
  179.27431653  239.03242204  179.27431653  149.39526378  149.39526378
  179.27431653  119.51621102  209.15336929  155.76875111   77.88437555
  155.76875111   77.88437555    0.          155.76875111   77.88437555
    0.            0.           77.88437555   77.88437555  155.76875111]
