[ 214.31836862  478.75414338  321.76430232  229.64629642  333.44123265
  186.83088522  269.86683421  416.47718164  581.25164291  721.96264488
  208.41563145  272.43873392  381.41422748  512.18481976  382.77642115
  207.05343778  141.66814164  337.82403005  163.46324035  348.72157941
 2803.39457199 2571.82164816 1882.55165135  756.01748661  677.01025378
  390.28786842  248.36500718  379.93932645  688.91722229 1553.75965799
 1589.2403733  1519.75730581  650.4797807   212.88429187  308.97789583
  628.30433363  319.3264378   603.17216028 1876.04282206  700.74412739
 1602.54564154 3645.64349819 2245.63360655 1864.21591696  189.23048166
  656.53921293  253.28416336  641.54212431 1404.72730075 1163.10753965
  601.54988798  546.56056304  628.21137887 1336.40723037 1001.47225119
  253.28416336  413.25310864  399.9223632   399.9223632  2809.4546015
  759.85249009  159.96894528  253.28416336  253.28416336 1099.78649881
  348.26572462 1581.35967783 1969.61763878  348.26572462  411.4706356
  253.21269883 1141.43536895  474.77381031  269.03849251  158.25793677
  174.08373045  174.08373045  253.21269883  538.07698502  890.20089433
  427.29642928  379.81904825 1014.82901953 1448.06012144  237.38690515
  205.7353178   205.7353178   205.7353178   253.21269883  237.38690515
  189.90952412 1477.73348458  397.62306613  713.34057877  591.05362241
  366.86086908  183.43043454  264.95507211  244.57391272  244.57391272
  224.19275333  285.33623151  183.43043454  532.45778915  428.00434726
  346.47970969 3373.08187959  203.81159393  183.43043454  122.28695636
  101.90579697  122.28695636  244.57391272  101.90579697  163.04927515
  183.43043454 2086.52119289  209.15336929  239.03242204  179.27431653
  149.39526378  119.51621102  149.39526378  209.15336929  298.79052755
  149.39526378  149.39526378  119.51621102   89.63715827   89.63715827
  119.51621102   89.63715827  149.39526378   77.88437555    0.
   77.88437555    0.            0.           77.88437555   77.88437555
    0.            0.            0.           77.88437555   77.88437555]
