[ 142.87891241  271.16427091  217.96936609  177.7488283   197.21037884
  134.9334171   217.96936609  323.06173903  373.66177044  393.67397051
  196.15588842  207.05343778  163.46324035  163.46324035  152.56569099
  152.56569099   87.18039485  196.15588842  130.77059228  217.95098713
 2451.94860524 4289.5478655  3665.66316483  964.43311806  512.18481976
  260.19191228  236.53810207  165.57667145  201.05738676  413.94167863
  425.76858373  379.93932645  189.23048166  141.92286124  236.53810207
  344.45861114  201.05738676  449.42239394 3063.16842184 1747.42522906
 3679.64585036 3502.24227381 3219.87491446 3157.78366267  189.23048166
  374.9272155   213.29192704  199.9611816   348.26572462  373.26087232
  308.2734883   346.59938144  308.2734883   413.25310864  426.58385408
  159.96894528  226.62267248  239.95341792  293.27639968 3357.68150773
 1777.98817307  146.63819984  199.9611816   213.29192704 2251.2296362
  601.54988798 4017.55340701 3454.32941217  253.28416336  253.21269883
  158.25793677  332.34166722  332.34166722  221.56111148  110.78055574
  126.60634942  126.60634942  221.56111148  332.34166722  381.79727246
  189.90952412  237.38690515  712.16071546 3529.15198996  189.90952412
  126.60634942  142.43214309  158.25793677  332.34166722  174.08373045
  174.08373045 2987.11855652  302.66830407  387.24202847  203.81159393
  305.7173909   142.66811575  285.33623151  264.95507211  264.95507211
  244.57391272  305.7173909   142.66811575  326.09855029  203.81159393
  285.33623151 1592.2780776   163.04927515  142.66811575  101.90579697
  101.90579697  122.28695636  203.81159393   81.52463757  122.28695636
  163.04927515 2374.40506932  209.15336929  239.03242204  209.15336929
  209.15336929  179.27431653  209.15336929  209.15336929  239.03242204
  119.51621102   89.63715827   89.63715827   59.75810551   59.75810551
  119.51621102   89.63715827  149.39526378   77.88437555    0.
  155.76875111    0.            0.           77.88437555   77.88437555
    0.            0.            0.            0.           77.88437555]
