[ 367.40291764  677.26195892  425.55923856  500.81056732  437.23616888
  249.10784696  404.80025131  500.81056732  779.75945845  963.07092439
  469.956816    885.42588522  250.6436352   228.84853649  219.3131808
  512.18481976  612.98715131  687.90780314  425.00442491  305.13138199
 2518.69609505 3710.61555593 2987.29071738 1095.20371034  972.60628008
  544.03763477  745.09502153  226.18956011  249.84337031  461.24929904
  473.07620414  439.07385197  236.53810207  212.88429187  545.5159979
  986.06821301  425.76858373  839.71026236 1756.29540789 1711.94451375
 4594.75263276 4069.93371878 3814.17689592 4121.67642861  260.19191228
  976.47710349  919.82143537  253.28416336  428.25019726  373.26087232
  321.60423374  359.93012688  319.93789056  373.26087232  479.90683584
  199.9611816  1028.13374207  639.87578113  546.56056304 4735.7473176
 1323.07648493  148.30454302  226.62267248  239.95341792 4045.88124107
  803.17741277 4742.41269032 3562.64171887  548.22690622  601.38015972
  395.64484192  411.4706356   395.64484192  253.21269883  126.60634942
  142.43214309  126.60634942  237.38690515  395.64484192  476.75203452
  603.35838393  508.40362187 1570.71002244 2035.5927117   205.7353178
  142.43214309  158.25793677  189.90952412  395.64484192  221.56111148
  205.7353178  2923.81538182  635.00997129  917.1521727   285.33623151
  366.86086908  183.43043454  326.09855029  326.09855029  305.7173909
  285.33623151  346.47970969  163.04927515  387.24202847  285.33623151
  489.14782544 1676.3503601   203.81159393  163.04927515  122.28695636
  122.28695636  142.66811575  305.7173909   122.28695636  163.04927515
  203.81159393 3602.36992277  239.03242204  268.9114748   268.9114748
  209.15336929  209.15336929  239.03242204  268.9114748   268.9114748
  209.15336929  149.39526378   89.63715827   89.63715827   89.63715827
  149.39526378  119.51621102  209.15336929  155.76875111   77.88437555
  155.76875111   77.88437555   77.88437555  155.76875111   77.88437555
    0.            0.           77.88437555   77.88437555  155.76875111]
