[ 236.0053464   457.99515613  342.52328957  302.30275178  395.71819439
  186.83088522  280.24632783  426.85667526  624.0670541   799.60768404
  174.36078971  929.01608265 1025.73183319 1080.21957997 1028.45622053
  622.522507    306.49357565  435.90197426  130.77059228  294.23383263
 1522.93252259 1728.62376669 1870.29190833  734.2223879   807.78084606
  413.94167863  248.36500718  997.89511812  606.12888656  295.67262759
  295.67262759  273.49718052  662.3066858   544.03763477  248.36500718
  819.01317843  378.46096332  544.03763477 2100.75401903  617.95579166
 1340.87536612 1435.49060695 1485.75495364 1850.91064872  165.57667145
  816.50815821  573.22205392  896.49263085  334.93497918  253.28416336
  199.9611816   186.63043616  199.9611816   306.60714512  293.27639968
  789.84666733  666.53727201  493.23758128  386.59161776 4884.05186062
  719.86025377  159.96894528  173.29969072  159.96894528  938.15121035
  268.28125198 1528.03669607 1916.29465702  428.25019726  522.25119134
  743.81230282  348.16746089  221.56111148  142.43214309   63.30317471
   79.12896838   79.12896838  126.60634942  221.56111148  300.69007986
  874.37510065  429.27465349  983.17743218 3689.38815094  189.90952412
  110.78055574  110.78055574  126.60634942  221.56111148  142.43214309
  142.43214309 1760.61954656  397.62306613  917.1521727   529.91014423
  203.81159393  101.90579697  163.04927515  163.04927515  163.04927515
  142.66811575  203.81159393   81.52463757  224.19275333  652.19710059
  366.86086908 3640.58459663  203.81159393  142.66811575   81.52463757
   61.14347818   81.52463757  264.95507211   81.52463757  101.90579697
  142.66811575 1941.30543221  239.03242204  209.15336929  119.51621102
  119.51621102   89.63715827  119.51621102  149.39526378  179.27431653
  149.39526378  149.39526378   59.75810551   29.87905276   59.75810551
   89.63715827   59.75810551  149.39526378   77.88437555    0.
   77.88437555    0.            0.           77.88437555   77.88437555
    0.            0.            0.            0.           77.88437555]
