[ 163.29018562  312.6822454   238.72835334  188.12832192  217.96936609
  134.9334171   228.34885971  480.05158008  394.42075769  415.46906922
  197.51808209  228.84853649  185.25833906  174.36078971  174.36078971
  174.36078971   87.18039485  196.15588842  119.87304292  217.95098713
 1555.62517066 2144.09283591 1783.11151348  919.48072696  512.18481976
  272.01881738  248.36500718  177.40357655  224.71119697  449.42239394
  461.24929904  415.42004176  201.05738676  153.74976635  249.84337031
  344.45861114  201.05738676  413.94167863 1400.00989164 1674.9854353
 4726.32695203 4809.11528776 3256.83399291 2980.38008611  201.05738676
  388.25796094  226.62267248  213.29192704  388.25796094  413.25310864
  348.26572462  386.59161776  348.26572462  439.91459952  466.5760904
  159.96894528  253.28416336  253.28416336  279.94565424 2312.88433386
 1148.11045103  133.3074544   213.29192704  226.62267248 4555.78225416
  923.15412173 5248.98101704 4232.51167723  254.95050654  253.21269883
  158.25793677  363.99325457  379.81904825  237.38690515  126.60634942
  142.43214309  126.60634942  237.38690515  363.99325457  413.44885981
  221.56111148  237.38690515  680.50912811 1382.77872252  174.08373045
  110.78055574  142.43214309  174.08373045  506.42539766  189.90952412
  189.90952412 3050.42173123  413.44885981  387.24202847  224.19275333
  326.09855029  163.04927515  305.7173909   305.7173909   305.7173909
  285.33623151  326.09855029  142.66811575  366.86086908  224.19275333
  305.7173909  1449.60996185  142.66811575  142.66811575  101.90579697
  101.90579697  122.28695636  244.57391272  101.90579697  142.66811575
  183.43043454 2866.10053969  209.15336929  239.03242204  239.03242204
  209.15336929  179.27431653  239.03242204  239.03242204  268.9114748
  119.51621102   89.63715827   89.63715827   59.75810551   89.63715827
  119.51621102   89.63715827  149.39526378   77.88437555    0.
  155.76875111    0.            0.           77.88437555   77.88437555
    0.            0.            0.            0.          155.76875111]
