[ 244.93527842  447.61566251  342.52328957  281.54376453  385.33870077
  186.83088522  269.86683421  447.61566251  624.0670541   788.71013468
  174.36078971  927.65388898  983.50382943 1058.42448126 1006.66112182
  621.16031333  295.5960263   414.10687555  130.77059228  294.23383263
 1588.31781873 1685.03356927 1815.80416155  734.2223879   796.8832967
  413.94167863  236.53810207  974.24130791  688.91722229  295.67262759
  295.67262759  273.49718052  709.61430622  508.55691946  248.36500718
  819.01317843  366.63405821  532.21072966 1269.9139355   606.12888656
 1305.39465081 1413.31515988 1450.27423833 1815.42993341  165.57667145
  803.17741277  546.56056304  909.82337629  293.27639968  266.6149088
  199.9611816   186.63043616  199.9611816   333.268636    293.27639968
  763.18517645  639.87578113  493.23758128  386.59161776 4870.72111518
  719.86025377  159.96894528  173.29969072  173.29969072  911.48971947
  268.28125198 1501.37520519 1927.95905928  414.91945182  506.42539766
  712.16071546  348.16746089  221.56111148  126.60634942   79.12896838
   79.12896838   79.12896838  126.60634942  221.56111148  284.86428619
  858.54930697  429.27465349  967.3516385  3608.28095834  189.90952412
  110.78055574  110.78055574  126.60634942  221.56111148  142.43214309
  142.43214309 1746.77197709  413.44885981  876.38985391  550.29130362
  203.81159393  101.90579697  163.04927515  163.04927515  163.04927515
  142.66811575  183.43043454   81.52463757  224.19275333  652.19710059
  366.86086908 3599.82227785  203.81159393  142.66811575   81.52463757
   61.14347818   81.52463757  285.33623151   81.52463757  101.90579697
  142.66811575 1900.54311343  239.03242204  209.15336929  119.51621102
  119.51621102   89.63715827  119.51621102  149.39526378  149.39526378
  149.39526378  149.39526378   59.75810551   29.87905276   59.75810551
   89.63715827   59.75810551  119.51621102   77.88437555    0.
   77.88437555    0.            0.           77.88437555    0.
    0.            0.            0.            0.           77.88437555]
