[ 256.4166196   468.37464975  352.90278319  291.92325816  374.95920714
  176.4513916   269.86683421  552.70803544  685.04657914  788.71013468
  185.25833906  918.11853329  993.03918512 1025.73183319  984.8660231
  730.13580689  524.44456279  457.69707298  141.66814164  272.43873392
 1675.49821358 2341.610918   1937.03939814  766.91503597  807.78084606
  437.59548883  390.28786842  938.7605926   189.23048166  532.21072966
  473.07620414  462.72766218  224.71119697  663.78504894  260.19191228
  819.01317843  366.63405821  567.69144497 1518.27894268  700.74412739
 1590.71873644 1567.06492623 1664.63689333 2220.5014332   189.23048166
  909.82337629  506.56832672  508.2346699   481.57317902  293.27639968
  199.9611816   213.29192704  199.9611816   306.60714512  546.56056304
  548.22690622  719.86025377  506.56832672  399.9223632  4777.4058971
  746.52174465  146.63819984  159.96894528  159.96894528 1031.46642843
  294.94274286 1701.33638679 2302.88627478  428.25019726  522.25119134
  886.24444591  284.86428619  253.21269883  158.25793677   79.12896838
   94.95476206   94.95476206  158.25793677  253.21269883  476.75203452
  874.37510065  429.27465349 1046.48060689 3481.67460893  174.08373045
  126.60634942  126.60634942  126.60634942  221.56111148  158.25793677
  158.25793677 1954.4855191   365.97147878  856.00869452  346.47970969
  244.57391272  101.90579697  203.81159393  203.81159393  203.81159393
  183.43043454  224.19275333  101.90579697  264.95507211  448.38550665
  366.86086908 3373.08187959  183.43043454  142.66811575   81.52463757
   81.52463757   81.52463757  203.81159393   81.52463757  101.90579697
  163.04927515 2229.18930864  209.15336929  209.15336929  149.39526378
  149.39526378  119.51621102  149.39526378  179.27431653  179.27431653
  149.39526378  149.39526378   59.75810551   59.75810551   59.75810551
   89.63715827   59.75810551  149.39526378   77.88437555    0.
   77.88437555    0.            0.           77.88437555   77.88437555
    0.            0.            0.            0.           77.88437555]
