[ 193.90709542  416.47718164  301.00531508  198.50781555  281.54376453
  166.07189797  249.10784696  385.33870077  518.97468117  602.08960195
  208.41563145  261.54118456  261.54118456  305.13138199  239.74608585
  196.15588842  130.77059228  294.23383263  152.56569099  228.84853649
 1708.19086165 2078.70753977 1826.7017109   821.40278275  633.42005635
  342.980248    248.36500718  273.49718052  498.20837749 1114.68580602
 1138.33961622 1009.72202322  378.46096332  189.23048166  297.15099073
  545.5159979   272.01881738  555.86453987 1506.45203757  785.01082625
 1864.21591696 1805.08139144 1865.6942801  1994.3118731   189.23048166
  588.21914254  239.95341792  401.58870638 1016.46933981 1041.46448751
  909.82337629  959.81367169  896.49263085 1054.79523295  773.18323553
  199.9611816   359.93012688  346.59938144  359.93012688 2139.58464314
  733.19099921  146.63819984  239.95341792  226.62267248 1488.04445975
  374.9272155  1886.30047978 1996.27912966  321.60423374  363.99325457
  205.7353178   886.24444591  917.89603326  522.25119134  223.53933569
  221.56111148  269.03849251  476.75203452  617.2059534   698.313146
  348.16746089  348.16746089  935.70005115 2623.12530195  221.56111148
  174.08373045  189.90952412  189.90952412  221.56111148  221.56111148
  174.08373045 1778.42356445  381.79727246  631.81594119  428.00434726
  754.10289755  183.43043454  305.7173909   285.33623151  264.95507211
  244.57391272  305.7173909   203.81159393  593.60126733  346.47970969
  326.09855029 2145.11702615  203.81159393  183.43043454  122.28695636
  101.90579697  122.28695636  163.04927515  101.90579697  163.04927515
  183.43043454 2703.05126454  239.03242204  268.9114748   209.15336929
  179.27431653  149.39526378  149.39526378  209.15336929  478.06484408
  149.39526378  149.39526378   89.63715827   89.63715827   89.63715827
  119.51621102   89.63715827  149.39526378   77.88437555    0.
  155.76875111    0.            0.           77.88437555   77.88437555
    0.            0.            0.            0.           77.88437555]
