[ 265.34655163  551.41059874  321.76430232  364.57971352  312.6822454
  207.58987247  301.00531508  417.77461834  695.42607276  765.5528423
  393.67397051  228.84853649  163.46324035  163.46324035  152.56569099
  152.56569099  119.87304292  326.9264807   174.36078971  294.23383263
 2529.5936444  3304.68184239 2386.5633091  1018.92086484  863.63078651
  437.59548883  484.90310925  153.74976635  189.23048166  342.980248
  342.980248    297.15099073  165.57667145  153.74976635  533.6890928
  665.26341208  307.49953269  768.74883174 3015.86080142 1058.50800677
 2777.84433621 3051.34151673 2495.47697686 2777.84433621  201.05738676
  763.18517645  279.94565424  173.29969072  346.59938144  266.6149088
  253.28416336  253.28416336  239.95341792  293.27639968  346.59938144
  159.96894528  453.24534496  453.24534496  493.23758128 4427.4738293
 1389.73021213  133.3074544   159.96894528  146.63819984 1139.77873513
  348.26572462 2906.10250594 2719.47206978  441.5809427   411.4706356
  158.25793677  300.69007986  300.69007986  174.08373045   79.12896838
   79.12896838   79.12896838  174.08373045  300.69007986  350.1456851
  221.56111148  381.79727246 1681.49057818 3895.12346874  158.25793677
   94.95476206  110.78055574  126.60634942  205.7353178   142.43214309
  142.43214309 1746.77197709  381.79727246  448.38550665  203.81159393
  264.95507211  122.28695636  244.57391272  142.66811575  142.66811575
  224.19275333  264.95507211  101.90579697  285.33623151  183.43043454
  346.47970969 2063.59238857  163.04927515  122.28695636   81.52463757
   81.52463757  101.90579697  163.04927515   81.52463757  101.90579697
  163.04927515 3069.91213362  209.15336929  268.9114748   179.27431653
  149.39526378  119.51621102  179.27431653  209.15336929  209.15336929
  149.39526378  119.51621102   89.63715827   29.87905276   59.75810551
   89.63715827   59.75810551  119.51621102   77.88437555    0.
   77.88437555    0.            0.           77.88437555   77.88437555
    0.            0.            0.            0.           77.88437555]
