[ 236.0053464   520.27211787  342.52328957  271.16427091  374.95920714
  176.4513916   217.96936609  542.32854182  634.44654772  788.71013468
  174.36078971  841.8356878   982.14163576 1036.62938255  973.96847375
  523.08236912  415.46906922  381.41422748  130.77059228  305.13138199
 1610.11291744 1608.75072377 1728.62376669  723.32483854  764.19064863
  402.11477352  224.71119697  938.7605926   819.01317843  319.3264378
  295.67262759  297.15099073  804.22954705  437.59548883  248.36500718
  795.35936822  354.80715311  532.21072966 1305.39465081  582.47507635
 1329.04846102 1376.35608143 1391.13971281 1756.29540789  165.57667145
  789.84666733  493.23758128  896.49263085  266.6149088   319.93789056
  213.29192704  199.9611816   213.29192704  359.93012688  293.27639968
  723.19294013  599.8835448   466.5760904   373.26087232 5017.35931502
  693.19876289  134.97379758  173.29969072  173.29969072  884.82822859
  254.95050654 1528.03669607 1874.63607752  428.25019726  490.59960399
  680.50912811  316.51587354  221.56111148  142.43214309   79.12896838
   79.12896838   79.12896838  126.60634942  221.56111148  300.69007986
  840.74528909  413.44885981  951.52584483 3355.06825951  189.90952412
  110.78055574  110.78055574  126.60634942  253.21269883  142.43214309
  142.43214309 1665.6647845   318.49409775  876.38985391  611.4347818
  203.81159393  101.90579697  163.04927515  163.04927515  163.04927515
  142.66811575  183.43043454   81.52463757  224.19275333  692.95941937
  346.47970969 3620.20343724  203.81159393  142.66811575   81.52463757
   61.14347818   81.52463757  224.19275333   81.52463757  101.90579697
  142.66811575 1819.01847585  239.03242204  209.15336929  119.51621102
  119.51621102   89.63715827  119.51621102  149.39526378  179.27431653
  149.39526378  149.39526378   59.75810551   29.87905276   59.75810551
   89.63715827   59.75810551  119.51621102   77.88437555    0.
   77.88437555    0.            0.           77.88437555    0.
    0.            0.            0.            0.           77.88437555]
