[ 183.70145882  312.6822454   269.86683421  198.50781555  229.64629642
  145.31291073  217.96936609  500.81056732  415.17974493  448.16171729
  219.3131808   228.84853649  185.25833906  185.25833906  174.36078971
  174.36078971   87.18039485  196.15588842  119.87304292  196.15588842
 1697.29331229 1892.08700704 2131.83309289  777.81258533  533.97991847
  283.84572249  260.19191228  189.23048166  236.53810207  496.73001435
  520.38382456  462.72766218  224.71119697  153.74976635  285.32408562
  379.93932645  201.05738676  402.11477352 1400.00989164  820.49154156
 2564.96004435 2208.6745281  2792.62796759 2576.78694945  201.05738676
  428.25019726  226.62267248  226.62267248  414.91945182  466.5760904
  401.58870638  439.91459952  401.58870638  479.90683584  506.56832672
  173.29969072  293.27639968  279.94565424  279.94565424 1846.30824345
  653.20652657  119.97670896  186.63043616  199.9611816  3336.01904639
  614.88063342 3575.97246431 3870.91520717  279.94565424  284.86428619
  158.25793677  379.81904825  411.4706356   284.86428619  158.25793677
  174.08373045  158.25793677  269.03849251  411.4706356   445.10044716
  237.38690515  253.21269883  696.33492179 1351.12713517  174.08373045
  110.78055574  142.43214309  158.25793677  474.77381031  189.90952412
  174.08373045 3655.75833937  460.92624084  428.00434726  224.19275333
  366.86086908  183.43043454  346.47970969  346.47970969  326.09855029
  305.7173909   366.86086908  163.04927515  407.62318787  224.19275333
  305.7173909  1696.73151949  163.04927515  142.66811575   81.52463757
  101.90579697  122.28695636  387.24202847   81.52463757  142.66811575
  183.43043454 2845.71938029  209.15336929  209.15336929  239.03242204
  209.15336929  179.27431653  209.15336929  239.03242204  268.9114748
  119.51621102   89.63715827   89.63715827   59.75810551   59.75810551
  119.51621102   89.63715827  149.39526378   77.88437555    0.
  155.76875111    0.            0.           77.88437555   77.88437555
    0.            0.            0.            0.           77.88437555]
