[ 266.6222562   594.22600993  529.35417479  291.92325816  520.27211787
  269.86683421  384.04126406  542.32854182  634.44654772  930.37827632
  350.08377308  348.72157941  403.20932619  446.79952362  360.98132244
  250.6436352   174.36078971  501.2872704   217.95098713  294.23383263
 1751.78105907 2046.0148917  2013.32224363  854.09543082  829.57594477
  484.90310925  342.980248    486.38147239 1104.33726405 2514.69569766
 2634.44311183 2458.51789841  473.07620414  248.36500718  462.72766218
  819.01317843  425.76858373  591.34525518 1638.02635685 1235.91158333
 4072.89044506 2303.28976893 3101.60586342 1994.3118731   295.67262759
  843.16964909  319.93789056  748.18808783 2329.54776566 2407.86589512
 2261.22769528 2339.54582474 2222.90180214 2594.49633128 2099.59240682
  266.6149088   533.2298176   506.56832672  479.90683584 2822.78534694
  881.49554223  254.95050654  506.56832672  466.5760904  1501.37520519
  763.18517645 2719.47206978 2571.16752676  468.24243358  538.07698502
  284.86428619 1920.85570754 2174.06840637 1570.71002244  953.50406904
  775.46389017  953.50406904 1461.90769091 1665.6647845   985.15565639
  540.05520923  460.92624084  983.17743218 2815.01305029  429.27465349
  363.99325457  381.79727246  411.4706356   458.94801663  490.59960399
  332.34166722 2939.64117549  540.05520923  957.91449149  733.72173816
 1938.75778729  428.00434726  509.52898483  430.55199218  428.00434726
  428.00434726  509.52898483  407.62318787  797.41286126  591.05362241
  509.52898483 2514.52554015  326.09855029  346.47970969  244.57391272
  203.81159393  244.57391272  346.47970969  203.81159393  346.47970969
  305.7173909  2578.21666326  328.66958031  507.94389684  358.54863306
  268.9114748   239.03242204  298.79052755  328.66958031 1254.92021572
  209.15336929  268.9114748   209.15336929  209.15336929  179.27431653
  268.9114748   179.27431653  298.79052755  155.76875111   77.88437555
  155.76875111   77.88437555   77.88437555  155.76875111  155.76875111
   77.88437555   77.88437555   77.88437555   77.88437555  155.76875111]
