[ 246.210983    480.05158008  363.28227682  250.40528366  364.57971352
  207.58987247  280.24632783  552.70803544  613.68756048  765.5528423
  241.10827951  294.23383263  316.02893134  457.69707298  350.08377308
  228.84853649  152.56569099  359.61912877  185.25833906  239.74608585
 1631.90801615 2089.60508913 2318.45362562  821.40278275  720.60045121
  413.94167863  283.84572249  332.63170604  700.74412739 1575.93510506
 1589.2403733  1496.10349561  555.86453987  224.71119697  332.63170604
  641.60960187  331.1533429   638.6528756  1507.93040071  808.66463646
 2006.1387782  1958.83115779 1867.17264323 2017.9656833   212.88429187
  709.86219469  266.6149088   641.54212431 1418.05804619 1429.72244845
 1244.75835547 1283.08424861 1244.75835547 1536.36841197 1403.06095757
  253.28416336  413.25310864  413.25310864  426.58385408 2152.91538858
  839.83696273  161.63528846  293.27639968  279.94565424 1379.73215305
  414.91945182 1956.28689334 2076.2636023   388.25796094  443.12222295
  253.21269883 1188.91274998 1159.23938684  458.94801663  237.38690515
  221.56111148  237.38690515  508.40362187 1109.7837816   858.54930697
  427.29642928  395.64484192 1046.48060689 1590.49226453  284.86428619
  237.38690515  237.38690515  237.38690515  332.34166722  284.86428619
  221.56111148 1665.6647845   397.62306613  774.48405695  468.76666605
  917.1521727   203.81159393  326.09855029  285.33623151  264.95507211
  305.7173909   326.09855029  203.81159393 1001.2244552   428.00434726
  366.86086908 2369.30977947  224.19275333  224.19275333  142.66811575
  122.28695636  142.66811575  203.81159393  122.28695636  203.81159393
  203.81159393 2517.07318508  239.03242204  298.79052755  209.15336929
  179.27431653  149.39526378  179.27431653  209.15336929  597.58105511
  149.39526378  179.27431653  119.51621102  119.51621102   89.63715827
  149.39526378   89.63715827  179.27431653   77.88437555    0.
  155.76875111    0.            0.           77.88437555   77.88437555
    0.            0.           77.88437555   77.88437555   77.88437555]
