[ 246.210983    489.133637    290.62582145  333.44123265  281.54376453
  197.21037884  280.24632783  469.67208645  591.63113653  689.26999681
  328.28867437  239.74608585  152.56569099  152.56569099  152.56569099
  141.66814164  108.97549357  305.13138199  261.54118456  272.43873392
 1796.73345017 2450.58641157 2439.68886221  920.84292063  720.60045121
  402.11477352  461.24929904  153.74976635  177.40357655  319.3264378
  331.1533429   297.15099073  165.57667145  141.92286124  462.72766218
  617.95579166  307.49953269  733.26811642 2386.07810465 1153.1232476
 1413.31515988 1340.87536612 2091.8838402  2362.42429445  189.23048166
  723.19294013  293.27639968  173.29969072  333.268636    266.6149088
  239.95341792  239.95341792  226.62267248  279.94565424  333.268636
  146.63819984  426.58385408  413.25310864  439.91459952 2916.10056502
 2004.61084556  133.3074544   146.63819984  133.3074544  1393.06289849
  348.26572462 2879.44101506 2384.5370906   374.9272155   379.81904825
  158.25793677  284.86428619  284.86428619  174.08373045   79.12896838
   79.12896838   79.12896838  158.25793677  284.86428619  334.31989143
  205.7353178   363.99325457 1428.27787934 3273.96106692  158.25793677
   94.95476206   94.95476206  110.78055574  158.25793677  126.60634942
  126.60634942 2413.43353573  302.66830407  407.62318787  183.43043454
  264.95507211  122.28695636  224.19275333  142.66811575  142.66811575
  203.81159393  244.57391272  101.90579697  264.95507211  163.04927515
  326.09855029 1594.82572253  142.66811575  122.28695636   81.52463757
   61.14347818   81.52463757  142.66811575   61.14347818   81.52463757
  142.66811575 3192.19908998  209.15336929  239.03242204  149.39526378
  149.39526378  119.51621102  149.39526378  179.27431653  179.27431653
  119.51621102   89.63715827   59.75810551   29.87905276   29.87905276
   89.63715827   59.75810551  119.51621102   77.88437555    0.
   77.88437555    0.            0.           77.88437555    0.
    0.            0.            0.            0.           77.88437555]
