[ 246.210983    478.75414338  352.90278319  291.92325816  385.33870077
  176.4513916   280.24632783  437.23616888  685.04657914  799.60768404
  185.25833906  929.01608265 1003.93673448 1036.62938255  995.76357246
  709.70290185  502.64946407  523.08236912  141.66814164  283.33628327
 1751.78105907 2450.58641157 1991.52714492  788.71013468  829.57594477
  437.59548883  413.94167863  962.41440281  189.23048166  544.03763477
  473.07620414  474.55456728  201.05738676  687.43885915  272.01881738
  854.49389374  366.63405821  579.51835008 1530.10584778  748.0517478
 1744.46850278 1567.06492623 1700.11760865 2326.94357914  189.23048166
  963.14635805  559.89130848  468.24243358  454.91168814  293.27639968
  199.9611816   213.29192704  199.9611816   306.60714512  533.2298176
  521.56541534  786.51398097  506.56832672  399.9223632  4737.41366078
  679.86801745  146.63819984  159.96894528  159.96894528 1084.78941019
  281.61199742 1739.66227993 2344.54485428  441.5809427   522.25119134
  902.07023959  284.86428619  269.03849251  158.25793677   79.12896838
   94.95476206   79.12896838  158.25793677  253.21269883  460.92624084
  890.20089433  429.27465349 1078.13219424 3434.1972279   174.08373045
  126.60634942  126.60634942  126.60634942  221.56111148  158.25793677
  158.25793677 2017.78869381  381.79727246  876.38985391  346.47970969
  244.57391272  122.28695636  203.81159393  203.81159393  203.81159393
  183.43043454  224.19275333  101.90579697  264.95507211  448.38550665
  387.24202847 3291.55724202  183.43043454  142.66811575   81.52463757
   81.52463757   81.52463757  203.81159393   81.52463757  101.90579697
  163.04927515 2231.73695357  239.03242204  209.15336929  149.39526378
  149.39526378  119.51621102  149.39526378  179.27431653  179.27431653
  149.39526378  149.39526378   59.75810551   59.75810551   59.75810551
   89.63715827   59.75810551  149.39526378   77.88437555    0.
   77.88437555    0.            0.           77.88437555   77.88437555
    0.            0.            0.            0.           77.88437555]
