[ 224.52400522  573.46702269  342.52328957  281.54376453  395.71819439
  197.21037884  259.48734058  416.47718164  634.44654772  832.30033211
  174.36078971  809.14303973  994.40137879 1080.21957997 1017.55867117
  370.51667812  119.87304292  381.41422748  141.66814164  305.13138199
 1588.31781873 1565.16052634 1672.77382624  679.73464112  785.98574735
  390.28786842  201.05738676  986.06821301 1519.75730581 1850.91064872
 1030.41910715 1972.13642603 1363.05081319  366.63405821  260.19191228
  807.18627332  378.46096332  532.21072966 1411.83679674  629.78269677
 1376.35608143 1389.66134968 1402.96661792 1708.98778747  177.40357655
  816.50815821  399.9223632  1338.07357355  293.27639968  266.6149088
  294.94274286  279.94565424  253.28416336  293.27639968  826.50621729
  534.89616078  559.89130848  479.90683584  386.59161776 5230.65124206
  639.87578113  174.9660339   213.29192704  213.29192704  938.15121035
  281.61199742 1434.72147799 1794.65160487  428.25019726  522.25119134
  411.4706356   253.21269883  300.69007986  142.43214309   94.95476206
   94.95476206   79.12896838  142.43214309  379.81904825 1159.23938684
  872.39687644  413.44885981  935.70005115 1448.06012144  237.38690515
  189.90952412  158.25793677  158.25793677  221.56111148  221.56111148
  174.08373045 1430.25610355  413.44885981  937.53333209 1205.03604913
  224.19275333  101.90579697  163.04927515  163.04927515  183.43043454
  142.66811575  203.81159393  101.90579697  305.7173909   754.10289755
  366.86086908 3515.74999535  224.19275333  163.04927515  101.90579697
   61.14347818   81.52463757  224.19275333  101.90579697  122.28695636
  183.43043454 1819.01847585  239.03242204  239.03242204  119.51621102
  119.51621102   89.63715827  119.51621102  179.27431653  179.27431653
  149.39526378  149.39526378   89.63715827   59.75810551   59.75810551
   89.63715827   59.75810551  149.39526378   77.88437555    0.
   77.88437555    0.            0.           77.88437555   77.88437555
    0.            0.            0.            0.           77.88437555]
