[ 173.49582222  385.33870077  311.3848087   208.88730917  271.16427091
  166.07189797  249.10784696  374.95920714  467.07721305  493.11410839
  241.10827951  239.74608585  207.05343778  207.05343778  175.72298338
  185.25833906   98.07794421  228.84853649  130.77059228  239.74608585
 1675.49821358 2046.0148917  1815.80416155  832.30033211  546.2396615
  307.49953269  272.01881738  178.88193969  272.01881738  614.99906539
  697.78740111  546.99436104  248.36500718  165.57667145  308.97789583
  439.07385197  236.53810207  425.76858373 1411.83679674  759.87865291
 1661.68016706 2315.11667403 2698.01272676 2326.94357914  201.05738676
  494.90392446  239.95341792  279.94565424  601.54988798  666.53727201
  588.21914254  653.20652657  588.21914254  586.55279936  559.89130848
  186.63043616  319.93789056  306.60714512  319.93789056 2179.57687946
  706.52950833  119.97670896  226.62267248  226.62267248 3242.70382831
  548.22690622 3279.36337827 3495.98799167  281.61199742  332.34166722
  189.90952412  490.59960399  617.2059534   427.29642928  253.21269883
  269.03849251  237.38690515  365.97147878  506.42539766  508.40362187
  269.03849251  284.86428619  727.98650914 1590.49226453  205.7353178
  142.43214309  174.08373045  189.90952412  522.25119134  221.56111148
  189.90952412 3655.75833937  334.31989143  509.52898483  264.95507211
  550.29130362  264.95507211  529.91014423  471.31431097  468.76666605
  468.76666605  529.91014423  244.57391272  450.93315158  264.95507211
  326.09855029 2127.28351168  183.43043454  163.04927515  101.90579697
  101.90579697  122.28695636  387.24202847  101.90579697  163.04927515
  203.81159393 2965.45869173  239.03242204  268.9114748   298.79052755
  209.15336929  179.27431653  239.03242204  268.9114748   328.66958031
  119.51621102  119.51621102   89.63715827   59.75810551   89.63715827
  149.39526378   89.63715827  179.27431653   77.88437555    0.
  155.76875111   77.88437555    0.           77.88437555   77.88437555
    0.            0.            0.            0.           77.88437555]
