[ 287.0335294   583.84651631  352.90278319  426.85667526  374.95920714
  207.58987247  342.52328957  438.53360558  696.72350946  864.99298018
  393.67397051  644.31760571  207.05343778  196.15588842  196.15588842
  348.72157941  448.16171729  566.67256654  326.9264807   261.54118456
 2266.69026617 3632.97051676 2441.05105588 1051.61351291  896.32343458
  484.90310925  591.34525518  178.88193969  224.71119697  402.11477352
  413.94167863  368.11242135  201.05738676  177.40357655  462.72766218
  889.97460905  366.63405821  804.22954705 1567.06492623 1318.69991905
 3645.64349819 3895.4868685  4965.82178038 4204.46476434  236.53810207
  896.49263085  719.86025377  239.95341792  374.9272155   333.268636
  268.28125198  306.60714512  254.95050654  333.268636    413.25310864
  186.63043616  799.84472641 1068.12597839  506.56832672 2822.78534694
  894.82628767  146.63819984  186.63043616  199.9611816  3136.05786479
  683.20070381 4822.39716296 4164.19160685  508.2346699   522.25119134
  269.03849251  348.16746089  348.16746089  205.7353178    94.95476206
  126.60634942  110.78055574  189.90952412  332.34166722  397.62306613
  474.77381031  476.75203452 1507.40684773 2306.60942841  174.08373045
  126.60634942  142.43214309  158.25793677  332.34166722  189.90952412
  189.90952412 2654.77688931  571.70679658  815.24637573  244.57391272
  305.7173909   142.66811575  285.33623151  264.95507211  264.95507211
  264.95507211  305.7173909   142.66811575  326.09855029  244.57391272
  448.38550665 1737.49383828  163.04927515  142.66811575  101.90579697
  101.90579697  122.28695636  244.57391272  101.90579697  142.66811575
  183.43043454 3581.98876338  209.15336929  239.03242204  209.15336929
  179.27431653  179.27431653  209.15336929  239.03242204  239.03242204
  179.27431653  119.51621102   89.63715827   59.75810551   89.63715827
  119.51621102   89.63715827  179.27431653   77.88437555    0.
  155.76875111    0.            0.           77.88437555   77.88437555
    0.            0.            0.           77.88437555  155.76875111]
