[ 297.23916601  573.46702269  342.52328957  478.75414338  374.95920714
  217.96936609  342.52328957  437.23616888  675.96452222  852.73323715
  448.16171729  557.13721086  174.36078971  163.46324035  163.46324035
  228.84853649  448.16171729  600.72740828  381.41422748  294.23383263
 2332.07556231 2746.18243787 2265.32807251  899.04782192  873.1661422
  473.07620414  662.3066858   155.22812948  201.05738676  378.46096332
  413.94167863  320.80480094  177.40357655  153.74976635  569.16980811
  819.01317843  354.80715311  792.40264194 1590.71873644 1377.83444457
 4239.94547965 3611.64114602 2483.65007176 3360.31941257  212.88429187
  896.49263085  599.8835448   199.9611816   334.93497918  293.27639968
  279.94565424  293.27639968  241.6197611   306.60714512  359.93012688
  159.96894528  853.16770817  573.22205392  493.23758128 1899.63122522
  948.14926943  133.3074544   186.63043616  199.9611816  3455.99575535
  574.8883971  2532.84163362 3079.40219666  468.24243358  522.25119134
  174.08373045  316.51587354  316.51587354  189.90952412   79.12896838
  110.78055574   94.95476206  174.08373045  300.69007986  350.1456851
  395.64484192  429.27465349 1539.05843508 2178.02485479  158.25793677
  110.78055574  126.60634942  142.43214309  332.34166722  174.08373045
  158.25793677 2049.44028116  508.40362187  794.86521634  203.81159393
  285.33623151  142.66811575  264.95507211  244.57391272  244.57391272
  224.19275333  285.33623151  122.28695636  305.7173909   203.81159393
  407.62318787 1839.39963525  163.04927515  142.66811575   81.52463757
   81.52463757  101.90579697  224.19275333   81.52463757  101.90579697
  163.04927515 3622.75108216  209.15336929  239.03242204  209.15336929
  179.27431653  179.27431653  209.15336929  209.15336929  209.15336929
  149.39526378  119.51621102   89.63715827   59.75810551   59.75810551
  119.51621102   59.75810551  149.39526378   77.88437555    0.
  155.76875111    0.            0.           77.88437555   77.88437555
    0.            0.            0.            0.           77.88437555]
