[ 234.72964182  541.03110511  342.52328957  271.16427091  374.95920714
  197.21037884  269.86683421  426.85667526  581.25164291  799.60768404
  186.62053273  435.90197426  697.44315882  784.62355368  711.06509552
  250.6436352   141.66814164  381.41422748  174.36078971  337.82403005
 3820.95324316 3785.53620775 1750.41886541  712.42728919  698.80535249
  402.11477352  236.53810207  629.78269677 1068.85654874 2337.2921211
 2408.25355172 2316.59503717  983.11148674  307.49953269  297.15099073
  724.3979376   366.63405821  614.99906539 3466.7615585  1617.32927292
 1519.75730581 1472.4496854  1521.23566895 3253.87726663  201.05738676
  736.52368557  279.94565424  963.14635805 1872.96973433  506.56832672
  348.26572462  373.26087232  348.26572462  559.89130848 2219.56911578
  308.2734883   479.90683584  453.24534496  399.9223632  2542.8396927
  733.19099921  188.29677934  279.94565424  266.6149088  1233.09395321
  374.9272155  2062.93285686 1982.94838422  348.26572462  443.12222295
  363.99325457  886.24444591  363.99325457  411.4706356   158.25793677
  158.25793677  158.25793677  253.21269883  363.99325457 2081.09186852
  587.53259026  397.62306613 1030.65481321 1543.0148835   269.03849251
  269.03849251  221.56111148  221.56111148  237.38690515  269.03849251
  221.56111148 1665.6647845   476.75203452  774.48405695 1039.43912906
  407.62318787  142.66811575  244.57391272  224.19275333  224.19275333
  203.81159393  264.95507211  163.04927515  366.86086908  591.05362241
  387.24202847 2598.59782265  244.57391272  203.81159393  122.28695636
  101.90579697  101.90579697  264.95507211  122.28695636  183.43043454
  203.81159393 2063.59238857  239.03242204  239.03242204  179.27431653
  149.39526378  119.51621102  149.39526378  209.15336929  268.9114748
  149.39526378  179.27431653  119.51621102   89.63715827   89.63715827
  119.51621102   89.63715827  179.27431653   77.88437555    0.
  155.76875111    0.            0.           77.88437555   77.88437555
    0.            0.           77.88437555   77.88437555   77.88437555]
