[ 163.29018562  302.30275178  249.10784696  198.50781555  228.34885971
  134.9334171   228.34885971  374.95920714  415.17974493  426.36661858
  208.41563145  228.84853649  185.25833906  174.36078971  174.36078971
  174.36078971   87.18039485  196.15588842  119.87304292  228.84853649
 2123.65993087 1926.14184878 1849.85900328  908.58317761  512.18481976
  272.01881738  260.19191228  177.40357655  224.71119697  473.07620414
  484.90310925  439.07385197  212.88429187  153.74976635  283.84572249
  356.28551625  201.05738676  413.94167863 1530.10584778  962.41440281
 4299.08000517 3883.6599634  2768.97415738 2968.55318101  201.05738676
  401.58870638  226.62267248  226.62267248  401.58870638  426.58385408
  361.59647006  399.9223632   361.59647006  453.24534496  479.90683584
  173.29969072  279.94565424  266.6149088   279.94565424 1979.61569786
  639.87578113  133.3074544   199.9611816   226.62267248 5064.01692406
  843.16964909 4405.81136796 4177.52235229  279.94565424  269.03849251
  158.25793677  363.99325457  379.81904825  253.21269883  126.60634942
  158.25793677  126.60634942  253.21269883  379.81904825  429.27465349
  237.38690515  237.38690515  680.50912811 1303.64975414  158.25793677
  110.78055574  142.43214309  174.08373045  633.03174708  189.90952412
  189.90952412 3398.58919212  413.44885981  407.62318787  224.19275333
  326.09855029  163.04927515  326.09855029  305.7173909   305.7173909
  285.33623151  346.47970969  163.04927515  366.86086908  224.19275333
  305.7173909  1592.2780776   142.66811575  142.66811575   81.52463757
  101.90579697  122.28695636  305.7173909   101.90579697  142.66811575
  183.43043454 2845.71938029  209.15336929  209.15336929  239.03242204
  209.15336929  179.27431653  239.03242204  239.03242204  268.9114748
  119.51621102   89.63715827   89.63715827   59.75810551   59.75810551
  119.51621102   89.63715827  149.39526378   77.88437555    0.
  155.76875111    0.            0.           77.88437555   77.88437555
    0.            0.            0.            0.           77.88437555]
