[ 215.5940732   520.27211787  332.14379595  219.26680279  333.44123265
  186.83088522  249.10784696  469.67208645  591.63113653  700.16754616
  197.51808209  250.6436352   337.82403005  501.2872704   339.18622372
  196.15588842  130.77059228  337.82403005  163.46324035  326.9264807
 1510.67277956 1685.03356927 1815.80416155  723.32483854  655.21515507
  378.46096332  236.53810207  379.93932645  712.57103249 1577.4134682
 1624.72108861 1543.41111602  638.6528756   201.05738676  297.15099073
  629.78269677  319.3264378   603.17216028 1494.62513247  677.09031718
 1602.54564154 1793.25448634 2091.8838402  1852.38901185  189.23048166
  643.20846749  239.95341792  641.54212431 1444.71953707 1389.73021213
  923.15412173  826.50621729  976.47710349 1523.03766653  908.15703311
  239.95341792  399.9223632   386.59161776  399.9223632  2569.50118358
  693.19876289  148.30454302  266.6149088   253.28416336 1193.10171689
  334.93497918 1727.99787767 1887.96682296  361.59647006  395.64484192
  237.38690515 1188.91274998  633.03174708  284.86428619  189.90952412
  221.56111148  174.08373045  269.03849251  838.76706488  777.44211438
  427.29642928  379.81904825  999.00322586 1416.40853409  253.21269883
  205.7353178   205.7353178   205.7353178   253.21269883  253.21269883
  189.90952412 1539.05843508  334.31989143  692.95941937  591.05362241
  428.00434726  264.95507211  305.7173909   264.95507211  244.57391272
  244.57391272  285.33623151  264.95507211  777.03170187  448.38550665
  346.47970969 2371.8574244   203.81159393  183.43043454  122.28695636
  101.90579697  122.28695636  183.43043454  101.90579697  183.43043454
  183.43043454 2043.21122918  239.03242204  268.9114748   179.27431653
  149.39526378  119.51621102  149.39526378  209.15336929  328.66958031
  149.39526378  149.39526378  119.51621102   89.63715827   89.63715827
  119.51621102   89.63715827  179.27431653   77.88437555    0.
  155.76875111    0.            0.           77.88437555   77.88437555
    0.            0.            0.           77.88437555   77.88437555]
