[ 234.72964182  499.51313062  342.52328957  260.78477729  395.71819439
  186.83088522  259.48734058  490.4310737   664.28759189  788.71013468
  185.25833906  809.14303973  972.60628008 1058.42448126  995.76357246
  501.2872704   350.08377308  381.41422748  130.77059228  305.13138199
 1653.70311487 1576.0580757  1716.36402367  723.32483854  785.98574735
  402.11477352  212.88429187  962.41440281  937.28222946  390.28786842
  307.49953269  379.93932645  864.8424357   473.07620414  248.36500718
  819.01317843  366.63405821  532.21072966 1352.70227123  594.30198146
 1317.22155592 1352.70227123 1367.48590261 1720.81469258  165.57667145
  789.84666733  426.58385408  949.81561261  266.6149088   333.268636
  226.62267248  213.29192704  226.62267248  386.59161776  306.60714512
  723.19294013  586.55279936  493.23758128  373.26087232 5097.34378766
  679.86801745  159.96894528  173.29969072  173.29969072  898.15897403
  268.28125198 1488.04445975 1834.64384119  414.91945182  506.42539766
  712.16071546  284.86428619  237.38690515  142.43214309   79.12896838
   94.95476206   94.95476206  142.43214309  221.56111148  316.51587354
  840.74528909  413.44885981  951.52584483 3084.05154279  189.90952412
  126.60634942  126.60634942  126.60634942  300.69007986  158.25793677
  142.43214309 1602.36160979  413.44885981  896.77101331  652.19710059
  224.19275333  101.90579697  183.43043454  163.04927515  183.43043454
  142.66811575  203.81159393  101.90579697  244.57391272  713.34057877
  366.86086908 3640.58459663  203.81159393  142.66811575   81.52463757
   61.14347818   81.52463757  244.57391272   81.52463757  101.90579697
  142.66811575 1798.63731646  239.03242204  209.15336929  119.51621102
  119.51621102   89.63715827  119.51621102  149.39526378  179.27431653
  149.39526378  149.39526378   59.75810551   59.75810551   59.75810551
   89.63715827   59.75810551  119.51621102   77.88437555    0.
   77.88437555    0.            0.           77.88437555    0.
    0.            0.            0.            0.           77.88437555]
