[ 234.72964182  511.19006095  435.93873218  250.40528366  426.85667526
  228.34885971  332.14379595  448.91309921  591.63113653  788.71013468
  295.5960263   305.13138199  337.82403005  359.61912877  252.00582887
  228.84853649  152.56569099  403.20932619  185.25833906  272.43873392
 1751.78105907 1991.52714492 1969.73204621  821.40278275  742.39554992
  425.76858373  307.49953269  332.63170604  651.95814384 1874.56445892
 1969.17969975 1543.41111602  425.76858373  212.88429187  391.76623156
  677.09031718  354.80715311  555.86453987 1543.41111602  808.66463646
 1947.00425268 4109.84952351 2424.51554624 2041.61949351  248.36500718
  723.19294013  293.27639968  428.25019726 1726.33153449 1817.98040939
 1659.67780729 1737.99593675 1646.34706185 1911.29562748  813.17547185
  226.62267248  466.5760904   439.91459952  426.58385408 2287.88918616
  813.17547185  188.29677934  373.26087232  359.93012688 4125.86571371
  549.8932494  2652.81834258 2156.24807494  414.91945182  474.77381031
  237.38690515 1473.77703617 1618.18740347 1157.26116263  682.48735232
  553.90277869  698.313146   1048.4588311   917.89603326  906.02668801
  474.77381031  427.29642928  919.87425747 3052.39995544  348.16746089
  253.21269883  316.51587354  316.51587354  522.25119134  379.81904825
  269.03849251 2636.97287142  476.75203452  835.62753513  611.4347818
 1429.22880246  326.09855029  428.00434726  369.408514    387.24202847
  366.86086908  448.38550665  326.09855029  654.74474551  489.14782544
  428.00434726 2247.02282311  264.95507211  264.95507211  183.43043454
  163.04927515  203.81159393  305.7173909   163.04927515  264.95507211
  244.57391272 2537.45434447  298.79052755  418.30673857  298.79052755
  239.03242204  209.15336929  239.03242204  298.79052755  836.61347715
  179.27431653  209.15336929  179.27431653  149.39526378  119.51621102
  209.15336929  149.39526378  239.03242204  155.76875111   77.88437555
  155.76875111   77.88437555   77.88437555  155.76875111   77.88437555
    0.            0.           77.88437555   77.88437555  155.76875111]
