[ 307.44480261  572.16958598  352.90278319  176.4513916   354.2002199
  238.72835334  280.24632783  542.32854182  644.82604135 1050.25131924
  185.25833906  753.29309928  686.54560947  403.20932619  656.57734874
  468.59462233  207.05343778  326.9264807   130.77059228  326.9264807
 3033.60530215 1870.29190833 2362.04382305 1171.48655584  939.91363201
  675.61195404  342.980248    582.47507635  177.40357655  295.67262759
  319.3264378   283.84572249  165.57667145  295.67262759  344.45861114
  736.2248427   354.80715311  555.86453987 1958.83115779 1021.54892832
 1543.41111602 1602.54564154 3315.96851843 3728.43183392  177.40357655
  723.19294013  799.84472641  173.29969072  253.28416336  266.6149088
  226.62267248  239.95341792  239.95341792  306.60714512  333.268636
  146.63819984  679.86801745  279.94565424  319.93789056 3357.68150773
 1749.66033901  133.3074544   146.63819984  146.63819984  938.15121035
  281.61199742  843.16964909 3066.07145122  508.2346699   838.76706488
  569.72857237  237.38690515  237.38690515  142.43214309   79.12896838
   79.12896838   79.12896838  158.25793677  253.21269883  316.51587354
  714.13893967  332.34166722  824.91949541 3657.73656358  158.25793677
   94.95476206  110.78055574  110.78055574  205.7353178   126.60634942
  126.60634942 1125.60957527  413.44885981  876.38985391  163.04927515
  224.19275333  101.90579697  183.43043454  183.43043454  183.43043454
  163.04927515  224.19275333  101.90579697  244.57391272  244.57391272
  285.33623151 1920.92427282  142.66811575  142.66811575   81.52463757
   61.14347818   81.52463757  244.57391272   61.14347818   81.52463757
  142.66811575 1161.72608542  209.15336929  209.15336929  119.51621102
  149.39526378  119.51621102  119.51621102  179.27431653  179.27431653
  119.51621102   89.63715827   59.75810551   59.75810551   29.87905276
   89.63715827   59.75810551  119.51621102   77.88437555    0.
   77.88437555    0.            0.           77.88437555    0.
    0.            0.            0.            0.           77.88437555]
