[ 142.87891241  271.16427091  166.07189797  134.9334171   176.4513916
  134.9334171   176.4513916   438.53360558  332.14379595  415.46906922
  130.77059228  141.66814164  119.87304292  108.97549357  108.97549357
   98.07794421   87.18039485  185.25833906  108.97549357  337.82403005
 2310.2804636  3348.27203982 3654.76561547  908.58317761  568.03476021
  283.84572249  153.74976635  130.09595614  165.57667145  307.49953269
  331.1533429   285.32408562  141.92286124  118.26905104  189.23048166
  368.11242135  212.88429187  425.76858373 3397.27849101  997.89511812
 1531.58421092 1531.58421092 1640.98308313 4157.15714392  141.92286124
  281.61199742  159.96894528  146.63819984  254.95050654  279.94565424
  239.95341792  253.28416336  253.28416336  306.60714512  346.59938144
  106.64596352  199.9611816   266.6149088   319.93789056 4602.4398632
 1254.75641455  119.97670896  133.3074544   133.3074544   656.53921293
  268.28125198  749.85443101 2249.56329302  254.95050654  332.34166722
  126.60634942  253.21269883  253.21269883  142.43214309   79.12896838
   94.95476206   79.12896838  158.25793677  253.21269883  332.34166722
  174.08373045  237.38690515  809.09370173 4498.48185267  142.43214309
   94.95476206   94.95476206   94.95476206  126.60634942  110.78055574
  110.78055574 2336.28279156  334.31989143  346.47970969  142.66811575
  224.19275333  101.90579697  183.43043454  183.43043454  183.43043454
  163.04927515  224.19275333  101.90579697  285.33623151  122.28695636
  224.19275333 3171.81793059  142.66811575  122.28695636   81.52463757
   61.14347818   81.52463757  101.90579697   61.14347818   81.52463757
  122.28695636  980.8432958   209.15336929  209.15336929  119.51621102
  119.51621102   89.63715827  119.51621102  149.39526378  179.27431653
   89.63715827  119.51621102   59.75810551   29.87905276   29.87905276
   59.75810551   59.75810551   89.63715827   77.88437555    0.
   77.88437555    0.            0.           77.88437555    0.
    0.            0.            0.            0.           77.88437555]
