[ 389.08989541  801.8158824   332.14379595  271.16427091  323.06173903
  269.86683421  290.62582145  563.08752906  727.86199033 1137.4317141
  196.15588842  666.11270442  141.66814164  130.77059228  119.87304292
  217.95098713  591.1920526   820.04058908  446.79952362  283.33628327
 2594.97894054 2308.91826993 2909.64567821 1292.72179243 1027.09402686
  711.09266936  887.01788277  141.92286124  153.74976635  307.49953269
  319.3264378   283.84572249  141.92286124  118.26905104  498.20837749
  937.28222946  425.76858373  699.26576425 2017.9656833   712.57103249
 4334.56072048 2517.65242393 1533.06257406 3004.03389632  177.40357655
  749.85443101  559.89130848  146.63819984  266.6149088   279.94565424
  239.95341792  239.95341792  239.95341792  293.27639968  306.60714512
  119.97670896  853.16770817  533.2298176   533.2298176  2662.81640166
  788.18032415  119.97670896  146.63819984  159.96894528 2879.44101506
  508.2346699   938.15121035 2919.43325138  548.22690622  902.07023959
  142.43214309  253.21269883  253.21269883  142.43214309   79.12896838
   79.12896838   63.30317471  158.25793677  221.56111148  269.03849251
  395.64484192  555.8810029  1715.12038974 3242.30947956  126.60634942
   94.95476206   94.95476206  110.78055574  253.21269883  126.60634942
  110.78055574 1477.73348458  302.66830407  876.38985391  163.04927515
  224.19275333  101.90579697  183.43043454  183.43043454  183.43043454
  142.66811575  203.81159393   81.52463757  244.57391272  163.04927515
  407.62318787 3006.22101052  142.66811575  122.28695636   81.52463757
   61.14347818   81.52463757  163.04927515   61.14347818   81.52463757
  122.28695636  957.91449149  209.15336929  209.15336929  119.51621102
  149.39526378  119.51621102  119.51621102  149.39526378  179.27431653
  149.39526378  119.51621102   59.75810551   29.87905276   59.75810551
   89.63715827   59.75810551  119.51621102   77.88437555    0.
  155.76875111    0.            0.           77.88437555    0.
    0.            0.            0.            0.           77.88437555]
