[ 317.65043921  551.41059874  332.14379595  166.07189797  333.44123265
  217.96936609  259.48734058  552.70803544  665.58502859 1028.45622053
  163.46324035  852.73323715  479.49217169  217.95098713  404.57151986
  544.87746783  273.80092758  392.31177684  163.46324035  239.74608585
 3207.96609185 4628.73408922 2385.20111543 1390.79973664  918.11853329
  651.95814384  354.80715311  391.76623156  153.74976635  295.67262759
  319.3264378   283.84572249  153.74976635  283.84572249  368.11242135
  854.49389374  402.11477352  579.51835008 1459.14441716  796.83773136
 3561.37679933 2505.82551883 3160.74038894 3265.70417174  177.40357655
  858.16673771  853.16770817  159.96894528  228.28901566  279.94565424
  239.95341792  253.28416336  239.95341792  306.60714512  319.93789056
  133.3074544   666.53727201  479.90683584  439.91459952 2822.78534694
  879.82919905  119.97670896  159.96894528  173.29969072 2879.44101506
  629.87772205 1834.64384119 2249.56329302  521.56541534  807.11547752
  585.55436605  237.38690515  253.21269883  142.43214309   79.12896838
   94.95476206   79.12896838  158.25793677  237.38690515  284.86428619
  666.66155864  492.57782819 1268.04171837 2306.60942841  142.43214309
   94.95476206  110.78055574  126.60634942  205.7353178   142.43214309
  126.60634942 2081.09186852  302.66830407  835.62753513  163.04927515
  224.19275333  101.90579697  183.43043454  183.43043454  183.43043454
  163.04927515  224.19275333  101.90579697  264.95507211  183.43043454
  387.24202847 3046.9833293   142.66811575  122.28695636   81.52463757
   81.52463757   81.52463757  183.43043454   81.52463757  101.90579697
  142.66811575 1222.8695636   209.15336929  239.03242204  149.39526378
  149.39526378  119.51621102  119.51621102  179.27431653  179.27431653
  149.39526378  119.51621102   59.75810551   59.75810551   59.75810551
   89.63715827   59.75810551  119.51621102   77.88437555    0.
  155.76875111    0.            0.           77.88437555   77.88437555
    0.            0.            0.            0.           77.88437555]
