[ 163.29018562  323.06173903  228.34885971  186.83088522  238.72835334
  166.07189797  207.58987247  426.85667526  363.28227682  460.42146032
  185.25833906  185.25833906  174.36078971  163.46324035  163.46324035
  141.66814164   98.07794421  217.95098713  130.77059228  283.33628327
 3066.29795022 3863.18124692 2069.17218409  734.2223879   600.72740828
  331.1533429   212.88429187  189.23048166  283.84572249  567.69144497
  567.69144497  545.5159979   224.71119697  153.74976635  272.01881738
  427.24694687  236.53810207  449.42239394 3740.25873902 1700.11760865
 2161.36690769 4449.87304524 3089.77895832 2374.25119955  153.74976635
  334.93497918  199.9611816   253.28416336  414.91945182  373.26087232
  319.93789056  333.268636    308.2734883   413.25310864  546.56056304
  173.29969072  293.27639968  333.268636    306.60714512 4294.16637489
 1456.38393933  146.63819984  199.9611816   199.9611816  1956.28689334
  776.51592189 2329.54776566 1674.67489591  321.60423374  379.81904825
  158.25793677  332.34166722  316.51587354  205.7353178    94.95476206
  110.78055574  110.78055574  221.56111148  332.34166722  571.70679658
  253.21269883  269.03849251  761.6163207  2909.96781235  174.08373045
  126.60634942  126.60634942  142.43214309  221.56111148  158.25793677
  142.43214309 2573.66969671  300.69007986  428.00434726  244.57391272
  285.33623151  142.66811575  244.57391272  244.57391272  244.57391272
  224.19275333  285.33623151  122.28695636  346.47970969  224.19275333
  264.95507211 2534.90669954  163.04927515  142.66811575   81.52463757
  101.90579697  101.90579697  163.04927515   81.52463757  101.90579697
  142.66811575 1266.17952731  209.15336929  239.03242204  179.27431653
  179.27431653  149.39526378  179.27431653  179.27431653  239.03242204
  119.51621102  119.51621102   89.63715827   59.75810551   59.75810551
   89.63715827   59.75810551  119.51621102   77.88437555    0.
  155.76875111    0.            0.           77.88437555    0.
    0.            0.            0.            0.           77.88437555]
