[ 132.67327581  260.78477729  145.31291073  114.17442986  145.31291073
  124.55392348  155.69240435  385.33870077  342.52328957  371.87887179
  119.87304292  119.87304292   98.07794421   98.07794421   87.18039485
   98.07794421   65.38529614  174.36078971   87.18039485  294.23383263
 2507.79854569 2046.0148917  2757.07998722  942.63801935  644.31760571
  283.84572249  141.92286124  106.44214593  118.26905104  260.19191228
  272.01881738  214.362655    118.26905104   94.61524083  153.74976635
  320.80480094  189.23048166  425.76858373 2742.3636209  1188.60396291
 2102.23238217 1411.83679674 1426.62042812 2255.98214852  130.09595614
  281.61199742  133.3074544   119.97670896  213.29192704  226.62267248
  186.63043616  199.9611816   199.9611816   253.28416336  279.94565424
   93.31521808  146.63819984  199.9611816   279.94565424 2849.44683782
 1296.41499405   93.31521808  119.97670896  119.97670896  669.86995837
  239.95341792  776.51592189 3281.02972145  334.93497918  316.51587354
   94.95476206  205.7353178   205.7353178   110.78055574   63.30317471
   63.30317471   63.30317471  126.60634942  205.7353178   269.03849251
  142.43214309  205.7353178   870.41865223 2862.49043132  110.78055574
   79.12896838   79.12896838   79.12896838   94.95476206   94.95476206
   94.95476206 2923.81538182  269.03849251  326.09855029  122.28695636
  183.43043454   81.52463757  142.66811575  142.66811575  142.66811575
  122.28695636  183.43043454   81.52463757  224.19275333  101.90579697
  203.81159393 3413.84419838  122.28695636  101.90579697   61.14347818
   40.76231879   61.14347818   81.52463757   40.76231879   61.14347818
  122.28695636 1039.43912906  149.39526378  179.27431653   89.63715827
  119.51621102   89.63715827   89.63715827  149.39526378  149.39526378
   89.63715827   59.75810551   29.87905276   29.87905276   29.87905276
   59.75810551   29.87905276   89.63715827   77.88437555    0.
   77.88437555    0.            0.            0.            0.
    0.            0.            0.            0.           77.88437555]
