[ 153.08454902  291.92325816  176.4513916   145.31291073  186.83088522
  145.31291073  176.4513916   416.47718164  342.52328957  469.956816
  152.56569099  174.36078971  141.66814164  119.87304292  130.77059228
  130.77059228  108.97549357  207.05343778  108.97549357  294.23383263
 2966.85781234 2133.19528656 1980.62959556  854.09543082  666.11270442
  354.80715311  189.23048166  141.92286124  153.74976635  295.67262759
  307.49953269  272.01881738  130.09595614  118.26905104  212.88429187
  379.93932645  201.05738676  425.76858373 2065.27330372  761.35701605
 2291.46286383 1626.19945175 2115.53765041 3811.22016964  141.92286124
  374.9272155   186.63043616  133.3074544   228.28901566  253.28416336
  226.62267248  226.62267248  226.62267248  279.94565424  306.60714512
  106.64596352  213.29192704  213.29192704  279.94565424 3504.31970757
 1924.62637292  106.64596352  133.3074544   133.3074544   883.16188541
  268.28125198  856.50039453 3159.38666931  348.26572462  363.99325457
  142.43214309  221.56111148  237.38690515  126.60634942   63.30317471
   79.12896838   79.12896838  142.43214309  237.38690515  284.86428619
  189.90952412  221.56111148  793.26790806 3163.18051118  126.60634942
   79.12896838   94.95476206   94.95476206  142.43214309  110.78055574
   94.95476206 1157.26116263  302.66830407  529.91014423  142.66811575
  203.81159393  101.90579697  163.04927515  163.04927515  163.04927515
  142.66811575  203.81159393   81.52463757  264.95507211  122.28695636
  224.19275333 1775.70851214  122.28695636  101.90579697   61.14347818
   61.14347818   61.14347818  163.04927515   40.76231879   61.14347818
  101.90579697 1161.72608542  179.27431653  209.15336929  119.51621102
  119.51621102   89.63715827  119.51621102  149.39526378  179.27431653
   89.63715827   59.75810551   59.75810551   29.87905276   29.87905276
   59.75810551   29.87905276   59.75810551   77.88437555    0.
   77.88437555    0.            0.           77.88437555    0.
    0.            0.            0.            0.           77.88437555]
