[ 173.49582222  333.44123265  186.83088522  145.31291073  207.58987247
  155.69240435  186.83088522  448.91309921  415.17974493  623.88470067
  141.66814164  348.72157941  523.08236912  501.2872704   502.64946407
  185.25833906  119.87304292  250.6436352   119.87304292  305.13138199
 3743.308204   3348.27203982 1947.93694749 1270.92669371  698.80535249
  449.42239394  189.23048166  486.38147239  167.05503459  413.94167863
  402.11477352  391.76623156  177.40357655  283.84572249  248.36500718
  594.30198146  260.19191228  449.42239394 2480.69334548 1972.13642603
 1638.02635685 1970.65806289 3493.37209498 4430.65432444  165.57667145
  534.89616078  333.268636    294.94274286  359.93012688  293.27639968
  253.28416336  253.28416336  253.28416336  306.60714512  479.90683584
  268.28125198  413.25310864  466.5760904   319.93789056 3705.94723235
 1148.11045103  146.63819984  159.96894528  159.96894528  723.19294013
  843.16964909 1579.69333465 1874.63607752  441.5809427   664.68333443
  284.86428619  269.03849251  253.21269883  142.43214309   79.12896838
   94.95476206   79.12896838  158.25793677  253.21269883  381.79727246
  540.05520923  395.64484192  856.57108276 4148.33616757  158.25793677
  110.78055574  110.78055574  126.60634942  126.60634942  142.43214309
  126.60634942 1412.45208567  334.31989143  672.57825998  203.81159393
  224.19275333  101.90579697  183.43043454  183.43043454  183.43043454
  163.04927515  203.81159393  101.90579697  285.33623151  326.09855029
  346.47970969 3069.91213362  163.04927515  142.66811575   81.52463757
   61.14347818   81.52463757  122.28695636   61.14347818   81.52463757
  142.66811575 1039.43912906  209.15336929  239.03242204  119.51621102
  149.39526378  119.51621102  119.51621102  179.27431653  179.27431653
  119.51621102   89.63715827   59.75810551   59.75810551   59.75810551
   89.63715827   59.75810551  119.51621102   77.88437555    0.
  155.76875111    0.            0.           77.88437555    0.
    0.            0.            0.            0.           77.88437555]
