[ 256.4166196   573.46702269  415.17974493  219.26680279  447.61566251
  280.24632783  290.62582145  573.46702269  644.82604135  984.8660231
  241.10827951  239.74608585  272.43873392  283.33628327  197.51808209
  185.25833906  141.66814164  370.51667812  185.25833906  348.72157941
 2705.31662778 2319.81581929 2714.85198347 1116.99880905  929.01608265
  614.99906539  272.01881738  498.20837749 1306.87301395 2943.42100766
 3132.65148932 1924.82880561  295.67262759  236.53810207  391.76623156
  819.01317843  437.59548883  532.21072966 3515.54754205 2066.75166686
 5602.99629284 4287.25310006 3587.98733581 2541.30623414  236.53810207
  601.54988798  266.6149088  1083.12306701 2784.4594538  1094.78746927
  441.5809427   466.5760904   441.5809427  1483.04543021 1992.9464433
  279.94565424  626.54503569  586.55279936  453.24534496 4120.86668417
 1991.28010012  228.28901566  334.93497918  359.93012688 1754.65936855
  909.82337629 1138.11239195 1847.97458663  521.56541534  822.9412712
  348.16746089 1984.15888225  443.12222295  284.86428619  189.90952412
  205.7353178   205.7353178   300.69007986  474.77381031 2860.51220711
  603.35838393  476.75203452  935.70005115 3052.39995544  363.99325457
  332.34166722  300.69007986  300.69007986  300.69007986  363.99325457
  269.03849251 2381.78194838  445.10044716  978.29565088 1202.48840421
  407.62318787  244.57391272  305.7173909   305.7173909   305.7173909
  285.33623151  346.47970969  244.57391272  509.52898483  652.19710059
  448.38550665 3660.96575603  326.09855029  285.33623151  183.43043454
  122.28695636  163.04927515  285.33623151  163.04927515  244.57391272
  244.57391272 1100.58260724  328.66958031  418.30673857  239.03242204
  209.15336929  179.27431653  209.15336929  268.9114748   358.54863306
  179.27431653  209.15336929  149.39526378  149.39526378  119.51621102
  179.27431653  119.51621102  209.15336929  155.76875111   77.88437555
  155.76875111   77.88437555   77.88437555  155.76875111   77.88437555
    0.            0.           77.88437555   77.88437555  155.76875111]
