[ 214.31836862  457.99515613  352.90278319  208.88730917  374.95920714
  249.10784696  269.86683421  563.08752906  518.97468117  667.47489809
  219.3131808   228.84853649  272.43873392  305.13138199  273.80092758
  174.36078971  141.66814164  316.02893134  174.36078971  294.23383263
 3000.91265408 3261.09164497 2791.13482896  799.60768404  731.49800056
  425.76858373  260.19191228  238.01646521 1187.12559978 2492.52025059
 2526.52260276 2066.75166686  354.80715311  212.88429187  320.80480094
  606.12888656  331.1533429   496.73001435 3468.23992164 2434.86408821
 6271.21643119 3907.31377361 1901.17499541 2706.88290559  224.71119697
  414.91945182  279.94565424  681.53436063 2516.17820182 2192.9076249
  709.86219469  613.21429024  789.84666733 2434.527386   2501.1811132
  226.62267248  426.58385408  439.91459952  386.59161776 4080.87444785
 1563.02990285  253.28416336  386.59161776  373.26087232 1179.77097145
  481.57317902 2276.2247839  1781.32085943  361.59647006  490.59960399
  411.4706356  2237.37158108  553.90277869  316.51587354  189.90952412
  205.7353178   205.7353178   348.16746089  696.33492179 1620.16562768
  397.62306613  379.81904825  872.39687644 4132.51037389  363.99325457
  348.16746089  316.51587354  300.69007986  253.21269883  363.99325457
  269.03849251 2415.41175994  429.27465349  611.4347818   856.00869452
  468.76666605  244.57391272  326.09855029  326.09855029  305.7173909
  285.33623151  366.86086908  224.19275333  715.88822369  489.14782544
  407.62318787 3291.55724202  326.09855029  285.33623151  183.43043454
  142.66811575  163.04927515  224.19275333  163.04927515  244.57391272
  244.57391272  960.46213641  328.66958031  418.30673857  239.03242204
  239.03242204  209.15336929  239.03242204  268.9114748   388.42768582
  179.27431653  209.15336929  179.27431653  149.39526378  119.51621102
  179.27431653  119.51621102  209.15336929  155.76875111   77.88437555
  155.76875111   77.88437555   77.88437555  155.76875111   77.88437555
    0.            0.           77.88437555   77.88437555  155.76875111]
