[ 297.23916601  572.16958598  363.28227682  176.4513916   364.57971352
  238.72835334  269.86683421  531.94904819  644.82604135 1028.45622053
  185.25833906  787.34794102  795.52110303  468.59462233  754.65529295
  435.90197426  219.3131808   359.61912877  130.77059228  305.13138199
 2397.46085845 1838.96145393 2341.610918   1390.79973664  918.11853329
  663.78504894  319.3264378   677.09031718  177.40357655  295.67262759
  307.49953269  261.67027542  165.57667145  319.3264378   368.11242135
  889.97460905  390.28786842  579.51835008 1876.04282206 1141.2963425
 1531.58421092 1661.68016706 3077.95205322 3657.47040329  189.23048166
  696.53144925  866.49845361  159.96894528  253.28416336  266.6149088
  239.95341792  253.28416336  239.95341792  306.60714512  333.268636
  159.96894528  666.53727201  493.23758128  386.59161776 3732.60872323
 1563.02990285  146.63819984  146.63819984  146.63819984 1018.13568299
  281.61199742 1927.95905928 2731.13647204  521.56541534  838.76706488
  601.38015972  237.38690515  237.38690515  142.43214309   79.12896838
   94.95476206   79.12896838  158.25793677  253.21269883  316.51587354
  761.6163207   460.92624084 1157.26116263 2830.83884396  142.43214309
  110.78055574  110.78055574  126.60634942  189.90952412  126.60634942
  126.60634942 1222.54256154  381.79727246  876.38985391  163.04927515
  224.19275333  101.90579697  183.43043454  183.43043454  183.43043454
  163.04927515  224.19275333  101.90579697  264.95507211  264.95507211
  387.24202847 2287.7851419   142.66811575  142.66811575   81.52463757
   81.52463757   81.52463757  346.47970969   61.14347818  101.90579697
  142.66811575  978.29565088  209.15336929  239.03242204  119.51621102
  149.39526378  119.51621102  149.39526378  179.27431653  209.15336929
  149.39526378  119.51621102   59.75810551   59.75810551   59.75810551
   89.63715827   59.75810551  119.51621102   77.88437555    0.
  155.76875111    0.            0.           77.88437555    0.
    0.            0.            0.            0.           77.88437555]
