[ 244.93527842  572.16958598  373.66177044  197.21037884  395.71819439
  249.10784696  269.86683421  563.08752906  572.16958598  875.89052954
  197.51808209  250.6436352   457.69707298  414.10687555  284.69847694
  185.25833906  141.66814164  337.82403005  163.46324035  294.23383263
 2781.59947327 3041.77846416 2855.15793143 1029.8184142   785.98574735
  579.51835008  224.71119697  486.38147239 1269.9139355  2516.17406079
 2146.58327631 2566.43840749  947.63077143  236.53810207  344.45861114
  783.53246311  390.28786842  544.03763477 2208.6745281  2816.2817778
 5579.34248263 2423.0371831  1640.98308313 2944.8993708   189.23048166
  574.8883971   333.268636   1083.12306701 1111.45090107  439.91459952
  348.26572462  399.9223632   361.59647006  479.90683584 1817.98040939
  281.61199742  573.22205392  559.89130848  413.25310864 4254.17413857
  788.18032415  186.63043616  279.94565424  293.27639968 2706.14132434
  574.8883971  1151.44313739 1714.66713223  494.90392446  759.63809649
  569.72857237  427.29642928  363.99325457  237.38690515  126.60634942
  142.43214309  142.43214309  269.03849251  395.64484192 1843.70496336
  619.18417761  413.44885981  904.0484638  3307.59087848  269.03849251
  253.21269883  221.56111148  221.56111148  269.03849251  253.21269883
  205.7353178  2049.44028116  318.49409775  876.38985391  957.91449149
  346.47970969  163.04927515  264.95507211  264.95507211  244.57391272
  244.57391272  305.7173909   163.04927515  407.62318787  611.4347818
  387.24202847 2881.38640923  244.57391272  203.81159393  122.28695636
  101.90579697  122.28695636  387.24202847  122.28695636  163.04927515
  183.43043454 1222.8695636   268.9114748   298.79052755  179.27431653
  179.27431653  149.39526378  179.27431653  209.15336929  298.79052755
  179.27431653  149.39526378  119.51621102   89.63715827   89.63715827
  119.51621102   89.63715827  179.27431653   77.88437555    0.
  155.76875111   77.88437555    0.           77.88437555   77.88437555
    0.            0.           77.88437555    0.          155.76875111]
