[ 183.70145882  354.2002199   217.96936609  145.31291073  217.96936609
  166.07189797  207.58987247  468.37464975  435.93873218  493.11410839
  152.56569099  152.56569099  152.56569099  141.66814164  130.77059228
  119.87304292   87.18039485  228.84853649  108.97549357  272.43873392
 2123.65993087 3281.52455001 2112.76238151 1227.33649629  655.21515507
  342.980248    165.57667145  153.74976635  238.01646521  520.38382456
  508.55691946  462.72766218  201.05738676  130.09595614  224.71119697
  486.38147239  272.01881738  461.24929904 2088.92711393 1604.02400468
 5829.18585295 3848.17924809 3030.6444328  2624.09456987  153.74976635
  334.93497918  159.96894528  239.95341792  414.91945182  373.26087232
  306.60714512  319.93789056  294.94274286  413.25310864  506.56832672
  146.63819984  239.95341792  373.26087232  333.268636   3544.31194389
  814.84181503  133.3074544   173.29969072  186.63043616 1794.65160487
  576.55474028 1044.79717387 3267.69897601  334.93497918  379.81904825
  142.43214309  348.16746089  300.69007986  174.08373045   94.95476206
   94.95476206   94.95476206  189.90952412  316.51587354  476.75203452
  221.56111148  300.69007986  793.26790806 3624.10675202  158.25793677
  110.78055574  126.60634942  142.43214309  142.43214309  158.25793677
  126.60634942 2540.03988515  302.66830407  428.00434726  224.19275333
  264.95507211  122.28695636  203.81159393  203.81159393  183.43043454
  163.04927515  224.19275333  101.90579697  346.47970969  203.81159393
  285.33623151 2718.33713408  142.66811575  142.66811575   81.52463757
   81.52463757  101.90579697  224.19275333   61.14347818  101.90579697
  122.28695636  797.41286126  179.27431653  209.15336929  149.39526378
  149.39526378  119.51621102  119.51621102  179.27431653  239.03242204
  119.51621102  119.51621102   59.75810551   59.75810551   59.75810551
   89.63715827   59.75810551   89.63715827   77.88437555    0.
  155.76875111    0.            0.           77.88437555    0.
    0.            0.            0.            0.           77.88437555]
