[ 163.29018562  302.30275178  186.83088522  134.9334171   197.21037884
  145.31291073  186.83088522  469.67208645  425.55923856  502.64946407
  130.77059228  250.6436352   305.13138199  283.33628327  252.00582887
  130.77059228   98.07794421  228.84853649  119.87304292  272.43873392
 3547.15231558 2550.02654945 2592.2545532  1227.33649629  698.80535249
  366.63405821  177.40357655  285.32408562  177.40357655  331.1533429
  331.1533429   297.15099073  153.74976635  177.40357655  224.71119697
  533.6890928   224.71119697  484.90310925 2326.94357914  986.06821301
 1590.71873644 4429.1759613  2757.14725228 4167.50568589  153.74976635
  388.25796094  279.94565424  239.95341792  268.28125198  266.6149088
  226.62267248  239.95341792  239.95341792  293.27639968  373.26087232
  173.29969072  279.94565424  426.58385408  319.93789056 3785.93170499
 1576.36064829  119.97670896  146.63819984  146.63819984 1286.41693497
  561.55765166 1404.72730075 1621.35191415  361.59647006  617.2059534
  237.38690515  253.21269883  237.38690515  142.43214309   63.30317471
   79.12896838   79.12896838  158.25793677  237.38690515  332.34166722
  284.86428619  332.34166722  967.3516385  3863.47188138  142.43214309
   94.95476206   94.95476206  110.78055574  142.43214309  126.60634942
   79.12896838 1301.67152993  318.49409775  672.57825998  183.43043454
  224.19275333  101.90579697  163.04927515  163.04927515  163.04927515
  142.66811575  203.81159393   81.52463757  264.95507211  183.43043454
  305.7173909  2820.24293105  142.66811575  122.28695636   81.52463757
   81.52463757   81.52463757  122.28695636   61.14347818   81.52463757
  122.28695636 1039.43912906  209.15336929  209.15336929  119.51621102
  119.51621102   89.63715827  119.51621102  149.39526378  179.27431653
   89.63715827  119.51621102   59.75810551   29.87905276   29.87905276
   89.63715827   59.75810551   89.63715827   77.88437555    0.
   77.88437555    0.            0.           77.88437555    0.
    0.            0.            0.            0.           77.88437555]
