[ 266.6222562   499.51313062  321.76430232  176.4513916   323.06173903
  207.58987247  249.10784696  542.32854182  570.87214928  875.89052954
  185.25833906  642.95541204  697.44315882  457.69707298  623.88470067
  316.02893134  163.46324035  316.02893134  130.77059228  294.23383263
 1686.39576294 1881.18945768 3130.32105269 1260.02914436  851.37104349
  579.51835008  283.84572249  594.30198146  212.88429187  342.980248
  342.980248    320.80480094  201.05738676  295.67262759  308.97789583
  771.70555801  354.80715311  544.03763477 1744.46850278  712.57103249
 1567.06492623 1638.02635685 5060.43702121 2492.52025059  177.40357655
  588.21914254  679.86801745  188.29677934  268.28125198  293.27639968
  253.28416336  266.6149088   253.28416336  319.93789056  359.93012688
  173.29969072  573.22205392  426.58385408  399.9223632  3745.93946867
 1041.46448751  119.97670896  146.63819984  146.63819984  803.17741277
  321.60423374 1714.66713223 2771.12870836  374.9272155   712.16071546
  490.59960399  253.21269883  253.21269883  158.25793677   79.12896838
   94.95476206   94.95476206  174.08373045  269.03849251  348.16746089
  603.35838393  413.44885981 1078.13219424 2718.08006402  158.25793677
  110.78055574  110.78055574  126.60634942  174.08373045  142.43214309
  142.43214309 2763.57922084  318.49409775  652.19710059  183.43043454
  224.19275333  122.28695636  203.81159393  203.81159393  203.81159393
  183.43043454  224.19275333  101.90579697  305.7173909   244.57391272
  346.47970969 2331.09510561  142.66811575  142.66811575   81.52463757
   61.14347818   81.52463757  203.81159393   81.52463757  101.90579697
  142.66811575  998.67681027  209.15336929  239.03242204  149.39526378
  149.39526378  119.51621102  149.39526378  179.27431653  209.15336929
  119.51621102  119.51621102   59.75810551   59.75810551   59.75810551
   89.63715827   59.75810551   59.75810551   77.88437555    0.
   77.88437555    0.            0.           77.88437555    0.
    0.            0.            0.            0.           77.88437555]
