[ 378.88425881  583.84651631  311.3848087   240.02579004  323.06173903
  238.72835334  259.48734058  552.70803544  675.96452222 1104.73906603
  174.36078971  754.65529295  141.66814164  130.77059228  130.77059228
  348.72157941  711.06509552  753.29309928  414.10687555  316.02893134
 2814.29212134 2680.79714173 1913.88210575  919.48072696  961.70873072
  699.26576425  816.05645215  141.92286124  165.57667145  307.49953269
  319.3264378   285.32408562  153.74976635  118.26905104  415.42004176
  878.14770394  402.11477352  567.69144497 1293.56774571  617.95579166
 1364.52917633 1411.83679674 2899.07011352 2303.28976893  165.57667145
  736.52368557  719.86025377  159.96894528  241.6197611   279.94565424
  239.95341792  253.28416336  253.28416336  319.93789056  333.268636
  119.97670896  813.17547185  493.23758128  426.58385408 3197.71256245
 1296.41499405  106.64596352  133.3074544   133.3074544   576.55474028
  281.61199742 1821.31309575 1794.65160487  441.5809427   854.59285856
  284.86428619  253.21269883  253.21269883  142.43214309   79.12896838
   79.12896838   79.12896838  158.25793677  253.21269883  300.69007986
  445.10044716  508.40362187 1380.80049831 3305.61265427  126.60634942
   94.95476206   94.95476206  110.78055574  142.43214309  126.60634942
  126.60634942 1285.84573625  302.66830407  856.00869452  163.04927515
  224.19275333  101.90579697  183.43043454  183.43043454  183.43043454
  163.04927515  203.81159393  101.90579697  244.57391272  142.66811575
  387.24202847 2799.86177166  142.66811575  122.28695636   81.52463757
   61.14347818   81.52463757  163.04927515   61.14347818   81.52463757
  122.28695636 1059.82028845  209.15336929  239.03242204  119.51621102
  119.51621102   89.63715827  119.51621102  149.39526378  179.27431653
  149.39526378   89.63715827   59.75810551   29.87905276   29.87905276
   89.63715827   59.75810551   29.87905276   77.88437555    0.
   77.88437555    0.            0.           77.88437555    0.
    0.            0.            0.            0.           77.88437555]
