[ 173.49582222  343.82072627  238.72835334  186.83088522  238.72835334
  166.07189797  207.58987247  447.61566251  384.04126406  504.01165774
  185.25833906  196.15588842  174.36078971  163.46324035  152.56569099
  152.56569099  108.97549357  228.84853649  130.77059228  261.54118456
 3164.37589443 3304.68184239 1980.62959556  810.5052334   633.42005635
  378.46096332  212.88429187  177.40357655  248.36500718  484.90310925
  496.73001435  450.90075708  201.05738676  153.74976635  272.01881738
  427.24694687  236.53810207  449.42239394 3633.81659309 1438.44733323
 4429.1759613  3324.83869725 3160.74038894 2480.69334548  165.57667145
  401.58870638  199.9611816   226.62267248  401.58870638  413.25310864
  321.60423374  359.93012688  334.93497918  453.24534496  479.90683584
  159.96894528  279.94565424  333.268636    319.93789056 4052.54661379
 1496.37617565  159.96894528  199.9611816   199.9611816  2517.844545
  843.16964909 2462.85522006 2196.24031126  348.26572462  601.38015972
  158.25793677  363.99325457  348.16746089  221.56111148  110.78055574
  126.60634942  126.60634942  253.21269883  363.99325457  445.10044716
  253.21269883  253.21269883  761.6163207  2735.8840819   174.08373045
  126.60634942  142.43214309  142.43214309  269.03849251  158.25793677
  142.43214309 1493.55927826  334.31989143  733.72173816  224.19275333
  326.09855029  163.04927515  285.33623151  285.33623151  264.95507211
  244.57391272  305.7173909   142.66811575  387.24202847  183.43043454
  264.95507211 2881.38640923  163.04927515  142.66811575  101.90579697
   81.52463757  101.90579697  183.43043454   81.52463757  101.90579697
  142.66811575 1263.63188239  209.15336929  268.9114748   209.15336929
  179.27431653  149.39526378  179.27431653  209.15336929  268.9114748
  119.51621102  119.51621102   89.63715827   59.75810551   59.75810551
   89.63715827   59.75810551  119.51621102   77.88437555    0.
  155.76875111    0.            0.           77.88437555    0.
    0.            0.            0.            0.           77.88437555]
