[ 244.93527842  561.79009236  363.28227682  176.4513916   343.82072627
  186.83088522  259.48734058  583.84651631  613.68756048  897.68562825
  185.25833906  414.10687555  359.61912877  250.6436352   252.00582887
  185.25833906  130.77059228  239.74608585  130.77059228  316.02893134
 1751.78105907 3841.3861482  3688.82045721 1127.89635841  873.1661422
  685.96049601  272.01881738  403.59313666  212.88429187  378.46096332
  378.46096332  356.28551625  189.23048166  177.40357655  260.19191228
  450.90075708  260.19191228  555.86453987 1518.27894268  748.0517478
 1649.85326195 4698.23805241 3611.64114602 3265.70417174  189.23048166
  696.53144925  653.20652657  239.95341792  294.94274286  333.268636
  293.27639968  306.60714512  268.28125198  373.26087232  426.58385408
  146.63819984  279.94565424  266.6149088   373.26087232 3597.63492565
  988.14150575  133.3074544   159.96894528  159.96894528  763.18517645
  561.55765166 2169.57882038 3212.70965107  508.2346699   854.59285856
  506.42539766  300.69007986  284.86428619  174.08373045   94.95476206
  110.78055574  110.78055574  205.7353178   316.51587354  381.79727246
  253.21269883  269.03849251  872.39687644 4688.3913768   174.08373045
  110.78055574  110.78055574  126.60634942  174.08373045  158.25793677
  142.43214309 1986.13710646  302.66830407  896.77101331  244.57391272
  264.95507211  122.28695636  224.19275333  224.19275333  224.19275333
  203.81159393  264.95507211  122.28695636  326.09855029  203.81159393
  285.33623151 2718.33713408  163.04927515  142.66811575   81.52463757
   81.52463757  101.90579697  183.43043454   81.52463757  101.90579697
  142.66811575 1161.72608542  239.03242204  239.03242204  149.39526378
  149.39526378  119.51621102  149.39526378  179.27431653  239.03242204
  119.51621102  119.51621102   59.75810551   59.75810551   59.75810551
   89.63715827   59.75810551  119.51621102   77.88437555    0.
  155.76875111    0.            0.           77.88437555    0.
    0.            0.            0.            0.           77.88437555]
