[ 163.29018562  333.44123265  186.83088522  134.9334171   197.21037884
  145.31291073  176.4513916   438.53360558  435.93873218  514.9092071
  130.77059228  174.36078971  217.95098713  217.95098713  174.36078971
  119.87304292   98.07794421  207.05343778  108.97549357  316.02893134
 3470.86947008 3895.87389499 2123.65993087 1138.79390777  653.8529614
  342.980248    165.57667145  226.18956011  415.42004176  544.03763477
  413.94167863  533.6890928   354.80715311  141.92286124  201.05738676
  415.42004176  236.53810207  437.59548883 2482.17170862  795.35936822
 2445.21263017 2600.44075966 3517.02590519 2421.55881997  141.92286124
  374.9272155   199.9611816   348.26572462  319.93789056  293.27639968
  253.28416336  266.6149088   279.94565424  333.268636    386.59161776
  226.62267248  266.6149088   279.94565424  293.27639968 4844.0596243
 1161.44119647  119.97670896  146.63819984  159.96894528 1606.35482553
  481.57317902 1044.79717387 3132.72517843  334.93497918  553.90277869
  205.7353178   253.21269883  253.21269883  142.43214309   79.12896838
   79.12896838   79.12896838  158.25793677  269.03849251  397.62306613
  284.86428619  237.38690515  777.44211438 2941.6193997   142.43214309
  110.78055574  110.78055574  126.60634942  126.60634942  126.60634942
  126.60634942 1697.31637185  300.69007986  713.34057877  244.57391272
  224.19275333  101.90579697  183.43043454  183.43043454  183.43043454
  163.04927515  203.81159393   81.52463757  264.95507211  285.33623151
  244.57391272 2514.52554015  142.66811575  122.28695636   81.52463757
   61.14347818   81.52463757  101.90579697   61.14347818   81.52463757
  122.28695636  858.55633944  179.27431653  209.15336929  119.51621102
  119.51621102   89.63715827  119.51621102  149.39526378  179.27431653
   89.63715827  119.51621102   59.75810551   29.87905276   29.87905276
   89.63715827   59.75810551   89.63715827   77.88437555    0.
   77.88437555    0.            0.           77.88437555    0.
    0.            0.            0.            0.           77.88437555]
