[ 183.70145882  333.44123265  155.69240435  124.55392348  155.69240435
  124.55392348  155.69240435  406.09768801  352.90278319  471.31900967
  119.87304292  130.77059228  108.97549357  108.97549357   98.07794421
   98.07794421   87.18039485  196.15588842   98.07794421  239.74608585
 1840.3236476  2769.33973025 2176.78548398  799.60768404  589.82985893
  544.03763477  153.74976635  118.26905104  141.92286124  295.67262759
  295.67262759  283.84572249  141.92286124  106.44214593  153.74976635
  391.76623156  201.05738676  650.4797807  1400.00989164  606.12888656
 1340.87536612 1364.52917633 1913.00190051 2303.28976893  130.09595614
  548.22690622  146.63819984  133.3074544   228.28901566  266.6149088
  226.62267248  253.28416336  239.95341792  306.60714512  333.268636
  106.64596352  159.96894528  253.28416336  439.91459952 2232.89986122
 1041.46448751   79.98447264  119.97670896  119.97670896  603.21623116
  228.28901566 2169.57882038 1901.2975684   321.60423374  727.98650914
  110.78055574  221.56111148  237.38690515  142.43214309   79.12896838
   79.12896838   79.12896838  158.25793677  237.38690515  300.69007986
  142.43214309  237.38690515 1141.43536895 2781.38323872  110.78055574
   79.12896838   79.12896838   94.95476206   94.95476206   94.95476206
   94.95476206 1333.32311728  284.86428619  794.86521634  142.66811575
  203.81159393  101.90579697  163.04927515  163.04927515  163.04927515
  142.66811575  203.81159393   81.52463757  244.57391272  122.28695636
  224.19275333 3006.22101052  122.28695636  101.90579697   61.14347818
   40.76231879   61.14347818  101.90579697   40.76231879   61.14347818
  101.90579697 1019.05796967  179.27431653  209.15336929  119.51621102
  119.51621102   89.63715827   89.63715827  149.39526378  149.39526378
   89.63715827   59.75810551   59.75810551   29.87905276   29.87905276
   59.75810551   29.87905276   89.63715827   77.88437555    0.
   77.88437555    0.            0.            0.            0.
    0.            0.            0.            0.           77.88437555]
