[ 244.93527842  457.99515613  311.3848087   177.7488283   271.16427091
  197.21037884  228.34885971  480.05158008  529.35417479  864.99298018
  185.25833906  720.60045121  807.78084606  555.77501719  721.96264488
  479.49217169  208.41563145  326.9264807   141.66814164  326.9264807
 1795.3712565  2374.30356607 3489.94018145 1303.61934178  885.42588522
  579.51835008  319.3264378   724.3979376   260.19191228  425.76858373
  390.28786842  403.59313666  260.19191228  354.80715311  332.63170604
  748.0517478   295.67262759  461.24929904 1484.2765905   795.35936822
 1567.06492623 2112.58092413 5168.35753028 2706.88290559  189.23048166
  628.21137887  799.84472641  293.27639968  281.61199742  319.93789056
  279.94565424  293.27639968  268.28125198  373.26087232  413.25310864
  199.9611816   626.54503569  373.26087232  346.59938144 3665.95499603
  974.81076031  146.63819984  159.96894528  159.96894528  776.51592189
  321.60423374  991.47419211 3374.34493953  401.58870638  807.11547752
  617.2059534   284.86428619  284.86428619  174.08373045   94.95476206
  110.78055574  110.78055574  189.90952412  300.69007986  381.79727246
  698.313146    379.81904825  904.0484638  3687.40992673  158.25793677
  110.78055574  126.60634942  126.60634942  174.08373045  158.25793677
  142.43214309 2286.82718632  318.49409775  856.00869452  224.19275333
  264.95507211  122.28695636  203.81159393  203.81159393  203.81159393
  183.43043454  264.95507211  122.28695636  305.7173909   305.7173909
  366.86086908 2471.21557644  163.04927515  142.66811575   81.52463757
   81.52463757  101.90579697  183.43043454   81.52463757  101.90579697
  142.66811575 1080.20144785  239.03242204  239.03242204  149.39526378
  149.39526378  119.51621102  149.39526378  179.27431653  239.03242204
  149.39526378  119.51621102   59.75810551   59.75810551   59.75810551
   89.63715827   59.75810551  119.51621102   77.88437555    0.
  155.76875111    0.            0.           77.88437555    0.
    0.            0.            0.            0.           77.88437555]
