[ 244.93527842  511.19006095  321.76430232  166.07189797  343.82072627
  217.96936609  249.10784696  542.32854182  572.16958598  832.30033211
  174.36078971  272.43873392  599.36521461  435.90197426  360.98132244
  163.46324035  130.77059228  316.02893134  141.66814164  316.02893134
 2814.29212134 3018.62117178 2942.33832628  908.58317761  796.8832967
  532.21072966  189.23048166  582.47507635 1246.26012529 1518.27894268
  912.15005612 1567.06492623 1065.89982246  272.01881738  297.15099073
  736.2248427   366.63405821  496.73001435 2196.847623   1129.4694374
 4214.8133063  4987.99722745 2995.16371749 3110.47604225  177.40357655
  534.89616078  306.60714512 1043.13083069  361.59647006  346.59938144
  319.93789056  346.59938144  414.91945182  386.59161776  839.83696273
  428.25019726  573.22205392  519.89907216  373.26087232 3772.60095955
  961.48001487  199.9611816   226.62267248  253.28416336 1419.72438937
  776.51592189  884.82822859 3709.27991871  428.25019726  712.16071546
  458.94801663  316.51587354  348.16746089  189.90952412  110.78055574
  110.78055574  110.78055574  189.90952412  411.4706356  1000.98145007
  635.00997129  443.12222295  888.22267012 3450.02302157  237.38690515
  189.90952412  174.08373045  189.90952412  174.08373045  221.56111148
  174.08373045 1984.15888225  332.34166722  794.86521634  692.95941937
  285.33623151  122.28695636  203.81159393  203.81159393  203.81159393
  183.43043454  244.57391272  122.28695636  366.86086908  631.81594119
  366.86086908 2249.57046804  203.81159393  183.43043454  101.90579697
   81.52463757  101.90579697  305.7173909   101.90579697  142.66811575
  183.43043454  878.93749884  239.03242204  239.03242204  149.39526378
  149.39526378  119.51621102  149.39526378  179.27431653  239.03242204
  149.39526378  119.51621102   89.63715827   89.63715827   59.75810551
  119.51621102   89.63715827   89.63715827   77.88437555    0.
  155.76875111    0.            0.           77.88437555   77.88437555
    0.            0.            0.            0.          155.76875111]
