[ 163.29018562  291.92325816  166.07189797  134.9334171   176.4513916
  145.31291073  176.4513916   480.05158008  394.42075769  438.6263616
  130.77059228  163.46324035  130.77059228  130.77059228  119.87304292
  119.87304292   98.07794421  207.05343778  108.97549357  217.95098713
 2190.40742068 3513.09747384 2187.68303334  690.63219048  677.01025378
  319.3264378   165.57667145  141.92286124  153.74976635  319.3264378
  331.1533429   285.32408562  141.92286124  118.26905104  201.05738676
  439.07385197  212.88429187  449.42239394 2017.9656833  1485.75495364
 1970.65806289 3491.89373184 1806.55975458 3301.18488705  141.92286124
  321.60423374  173.29969072  146.63819984  241.6197611   293.27639968
  253.28416336  266.6149088   253.28416336  319.93789056  346.59938144
  106.64596352  213.29192704  253.28416336  373.26087232 3184.38181701
 1081.45672383  119.97670896  146.63819984  146.63819984 1834.64384119
  321.60423374  924.82046491 3454.32941217  348.26572462  348.16746089
  126.60634942  237.38690515  237.38690515  142.43214309   79.12896838
   79.12896838   79.12896838  158.25793677  253.21269883  300.69007986
  158.25793677  284.86428619 1078.13219424 2162.19906111  126.60634942
   94.95476206   94.95476206  110.78055574  253.21269883  110.78055574
  110.78055574 1157.26116263  334.31989143  366.86086908  142.66811575
  224.19275333  101.90579697  183.43043454  183.43043454  183.43043454
  163.04927515  203.81159393   81.52463757  264.95507211  142.66811575
  224.19275333 1839.39963525  122.28695636  122.28695636   61.14347818
   61.14347818   81.52463757  101.90579697   40.76231879   61.14347818
  101.90579697 1019.05796967  179.27431653  209.15336929  119.51621102
  119.51621102   89.63715827  119.51621102  149.39526378  179.27431653
   89.63715827   59.75810551   59.75810551   29.87905276   29.87905276
   59.75810551   29.87905276   29.87905276   77.88437555    0.
   77.88437555    0.            0.           77.88437555    0.
    0.            0.            0.            0.           77.88437555]
