[ 255.14091503  604.60550356  520.27211787  250.40528366  563.08752906
  301.00531508  332.14379595  708.40043979  947.12879313 1082.94396731
  426.36661858  217.95098713  174.36078971  163.46324035  152.56569099
  152.56569099  119.87304292  326.9264807   163.46324035  446.79952362
 5079.62019385 5382.0271885  3269.26480698 1719.08841101  905.85879027
  614.99906539  354.80715311  177.40357655  201.05738676  402.11477352
  437.59548883  379.93932645  189.23048166  177.40357655  450.90075708
  688.91722229  378.46096332  473.07620414 3253.87726663 3660.42712957
 6268.25970492 3122.30294736 4158.63550706 3871.8330583   260.19191228
  588.21914254  239.95341792  186.63043616  334.93497918  386.59161776
  321.60423374  373.26087232  348.26572462  453.24534496  493.23758128
  159.96894528  413.25310864  666.53727201  426.58385408 4697.42142446
 3342.68441911  213.29192704  253.28416336  253.28416336 1568.02893239
  896.49263085 1834.64384119 2624.49050852  441.5809427   617.2059534
  158.25793677  363.99325457  348.16746089  221.56111148  110.78055574
  142.43214309  126.60634942  269.03849251  395.64484192  476.75203452
  348.16746089  365.97147878  791.28968385 7788.26871327  237.38690515
  158.25793677  174.08373045  189.90952412  221.56111148  205.7353178
  174.08373045 2207.69821793  540.05520923  896.77101331  203.81159393
  326.09855029  163.04927515  305.7173909   305.7173909   305.7173909
  285.33623151  346.47970969  163.04927515  428.00434726  346.47970969
  366.86086908 2147.66467107  224.19275333  203.81159393  122.28695636
  122.28695636  142.66811575  203.81159393  101.90579697  142.66811575
  163.04927515  940.08097702  298.79052755  358.54863306  239.03242204
  209.15336929  209.15336929  239.03242204  239.03242204  358.54863306
  298.79052755  179.27431653  119.51621102   89.63715827   89.63715827
  119.51621102   89.63715827  149.39526378  155.76875111   77.88437555
  155.76875111   77.88437555    0.           77.88437555   77.88437555
    0.            0.           77.88437555   77.88437555  155.76875111]
