[ 295.96346143  666.8824653   748.62097758  552.70803544  801.8158824
  467.07721305  477.45670667  698.02094617  914.69287555 1082.94396731
  776.45039166  403.20932619  174.36078971  163.46324035  152.56569099
  163.46324035  152.56569099  403.20932619  174.36078971  337.82403005
 4192.83211496 3435.45243467 4112.46268845 1084.30616098  907.22098394
  626.82597049  662.3066858   165.57667145  201.05738676  402.11477352
  413.94167863  368.11242135  189.23048166  177.40357655  949.10913457
  925.45532436  390.28786842  496.73001435 4204.46476434 2080.0569351
 3848.17924809 2743.84198404 2496.95534    4358.21453068  295.67262759
  641.54212431  439.91459952  186.63043616  348.26572462  386.59161776
  346.59938144  386.59161776  334.93497918  439.91459952  479.90683584
  186.63043616  826.50621729  519.89907216  439.91459952 8335.04858643
 2031.27233644  199.9611816   239.95341792  239.95341792 1326.40917129
  441.5809427  1874.63607752 3895.91035487  441.5809427   759.63809649
  158.25793677  332.34166722  363.99325457  237.38690515  126.60634942
  142.43214309  126.60634942  269.03849251  427.29642928  587.53259026
  698.313146    445.10044716  777.44211438 6118.64748035  253.21269883
  158.25793677  174.08373045  189.90952412  237.38690515  189.90952412
  189.90952412 2763.57922084  540.05520923  957.91449149  203.81159393
  326.09855029  183.43043454  305.7173909   305.7173909   305.7173909
  285.33623151  366.86086908  183.43043454  468.76666605  489.14782544
  387.24202847 2962.9110468   264.95507211  203.81159393  122.28695636
  142.66811575  142.66811575  224.19275333  101.90579697  142.66811575
  203.81159393 1306.9418461   328.66958031  418.30673857  209.15336929
  209.15336929  179.27431653  239.03242204  268.9114748   567.70200235
  239.03242204  239.03242204  119.51621102   89.63715827   89.63715827
  119.51621102  119.51621102  179.27431653  155.76875111   77.88437555
  155.76875111   77.88437555    0.           77.88437555   77.88437555
    0.            0.           77.88437555   77.88437555  155.76875111]
