[ 244.93527842  511.19006095  520.27211787  291.92325816  613.68756048
  321.76430232  363.28227682  720.07737012  862.79540744  732.86019423
  459.05926665  217.95098713  174.36078971  163.46324035  152.56569099
  141.66814164  119.87304292  316.02893134  152.56569099  435.90197426
 3995.31403287 5034.66780275 3773.27646473 1588.31781873  785.98574735
  425.76858373  366.63405821  165.57667145  201.05738676  390.28786842
  413.94167863  356.28551625  189.23048166  165.57667145  545.5159979
  665.26341208  342.980248    449.42239394 4050.71499799 2721.66653697
 6354.00476692 5948.93326712 3066.12514811 3645.64349819  248.36500718
  401.58870638  253.28416336  173.29969072  321.60423374  386.59161776
  346.59938144  359.93012688  321.60423374  426.58385408  493.23758128
  159.96894528  479.90683584  948.14926943  386.59161776 4950.70558782
 3249.36920103  186.63043616  239.95341792  253.28416336 1446.38588025
  896.49263085 1648.01340503 2276.2247839   361.59647006  490.59960399
  142.43214309  332.34166722  348.16746089  221.56111148  110.78055574
  142.43214309  126.60634942  253.21269883  379.81904825  445.10044716
  395.64484192  302.66830407  696.33492179 5212.62079234  253.21269883
  158.25793677  174.08373045  189.90952412  221.56111148  189.90952412
  158.25793677 2700.27604613  397.62306613  550.29130362  183.43043454
  305.7173909   163.04927515  305.7173909   305.7173909   285.33623151
  285.33623151  346.47970969  163.04927515  428.00434726  387.24202847
  326.09855029 2004.99655532  224.19275333  183.43043454  122.28695636
  142.66811575  142.66811575  163.04927515  101.90579697  122.28695636
  163.04927515  940.08097702  298.79052755  358.54863306  209.15336929
  209.15336929  209.15336929  239.03242204  239.03242204  418.30673857
  239.03242204  179.27431653  119.51621102   89.63715827   89.63715827
  119.51621102   89.63715827  149.39526378  155.76875111    0.
  155.76875111   77.88437555    0.          155.76875111   77.88437555
    0.            0.           77.88437555    0.          155.76875111]
