[ 287.0335294   646.12347805  613.68756048  208.88730917  613.68756048
  363.28227682  425.55923856  677.26195892  769.37996483 1039.35376989
  360.98132244  207.05343778  174.36078971  174.36078971  163.46324035
  163.46324035  141.66814164  392.31177684  185.25833906  348.72157941
 3316.94158542 5503.26242509 4004.84938855 1270.92669371  983.50382943
  650.4797807   272.01881738  189.23048166  214.362655    473.07620414
  496.73001435  462.72766218  224.71119697  177.40357655  427.24694687
  842.66698863  437.59548883  567.69144497 5438.89798453 1401.48825478
 2541.30623414 2482.17170862 5168.35753028 3978.27520423  260.19191228
  654.87286975  226.62267248  226.62267248  414.91945182  453.24534496
  388.25796094  493.23758128  401.58870638  519.89907216  546.56056304
  173.29969072  519.89907216  559.89130848  466.5760904  3171.05107157
 1443.05319389  213.29192704  268.28125198  266.6149088  1433.05513481
  696.53144925 2316.21702022 3949.23333663  628.21137887  791.28968385
  174.08373045  443.12222295  458.94801663  348.16746089  189.90952412
  189.90952412  174.08373045  316.51587354  443.12222295  508.40362187
  540.05520923  445.10044716  935.70005115 2336.28279156  253.21269883
  174.08373045  221.56111148  237.38690515  506.42539766  284.86428619
  221.56111148 1999.98467592  492.57782819  978.29565088  244.57391272
 1408.84764306  468.76666605  672.57825998  387.24202847  326.09855029
  305.7173909   652.19710059  264.95507211  468.76666605  509.52898483
  407.62318787 2840.62409044  224.19275333  224.19275333  142.66811575
  142.66811575  163.04927515  471.31431097  122.28695636  203.81159393
  305.7173909  1141.34492603  298.79052755  388.42768582 1019.62267527
  209.15336929  179.27431653  209.15336929  657.33916062  717.09726613
  179.27431653  179.27431653  119.51621102  119.51621102   89.63715827
  179.27431653  119.51621102  149.39526378  155.76875111  155.76875111
  155.76875111   77.88437555    0.          155.76875111   77.88437555
    0.            0.           77.88437555   77.88437555  155.76875111]
