[ 287.0335294   666.8824653   717.48249671  374.95920714  698.02094617
  446.3182258   477.45670667  666.8824653   947.12879313 1051.61351291
  602.08960195  228.84853649  185.25833906  174.36078971  163.46324035
  163.46324035  152.56569099  381.41422748  174.36078971  403.20932619
 5704.86708818 5305.744343   4496.60130327 1577.42026937  918.11853329
  626.82597049  508.55691946  177.40357655  224.71119697  473.07620414
  484.90310925  427.24694687  212.88429187  177.40357655  653.43650697
  854.49389374  378.46096332  508.55691946 3361.7977757  1865.6942801
 5722.74370701 3527.37444715 4931.81942821 4656.84388455  295.67262759
  603.21623116  266.6149088   188.29677934  361.59647006  439.91459952
  374.9272155   399.9223632   374.9272155   493.23758128  546.56056304
  173.29969072  613.21429024  533.2298176   439.91459952 3424.33523493
 3557.64268933  199.9611816   239.95341792  266.6149088  1861.30533207
  723.19294013 2167.9124772  3201.04524881  441.5809427   759.63809649
  158.25793677  363.99325457  553.90277869  269.03849251  142.43214309
  158.25793677  142.43214309  300.69007986  427.29642928  492.57782819
  492.57782819  429.27465349  824.91949541 3703.23572041  221.56111148
  158.25793677  174.08373045  205.7353178   284.86428619  221.56111148
  189.90952412 2015.8104696   555.8810029   957.91449149  203.81159393
  366.86086908  183.43043454  305.7173909   305.7173909   305.7173909
  285.33623151  366.86086908  183.43043454  634.36358612  570.67246301
  387.24202847 3620.20343724  264.95507211  203.81159393  122.28695636
  122.28695636  142.66811575  305.7173909   101.90579697  142.66811575
  183.43043454  858.55633944  328.66958031  358.54863306  239.03242204
  209.15336929  179.27431653  239.03242204  268.9114748   448.18579133
  507.94389684  239.03242204  119.51621102   89.63715827   89.63715827
  119.51621102  119.51621102  179.27431653  155.76875111   77.88437555
  155.76875111   77.88437555   77.88437555  155.76875111   77.88437555
    0.            0.           77.88437555   77.88437555  155.76875111]
