[ 142.87891241  281.54376453  228.34885971  197.21037884  238.72835334
  166.07189797  249.10784696  594.22600993  592.92857323  393.67397051
  207.05343778  207.05343778  174.36078971  163.46324035  141.66814164
  141.66814164   98.07794421  207.05343778  152.56569099  479.49217169
 3743.308204   5721.21341222 3916.30680003 1621.0104668   666.11270442
  272.01881738  236.53810207  165.57667145  190.7088448   390.28786842
  402.11477352  356.28551625  177.40357655  165.57667145  283.84572249
  379.93932645  283.84572249  425.76858373 7010.39800017 3564.3335256
 2968.55318101 3967.92666226 5359.06637508 4668.67078965  201.05738676
  254.95050654  213.29192704  186.63043616  334.93497918  373.26087232
  333.268636    359.93012688  321.60423374  426.58385408  466.5760904
  159.96894528  279.94565424  253.28416336  346.59938144 9514.81955788
 3610.96567109  239.95341792  253.28416336  239.95341792 2491.18305412
  923.15412173 2207.90471352 4217.51458861  308.2734883   316.51587354
  158.25793677  332.34166722  348.16746089  221.56111148  110.78055574
  126.60634942  110.78055574  253.21269883  379.81904825  429.27465349
  237.38690515  221.56111148  601.38015972 6102.82168667  239.36512936
  158.25793677  174.08373045  189.90952412  205.7353178   205.7353178
  174.08373045 1746.77197709  350.1456851   346.47970969  203.81159393
  326.09855029  163.04927515  285.33623151  285.33623151  285.33623151
  285.33623151  346.47970969  163.04927515  407.62318787  183.43043454
  285.33623151 4007.44546571  264.95507211  203.81159393  122.28695636
  142.66811575  122.28695636  305.7173909   101.90579697  122.28695636
  163.04927515 1141.34492603  298.79052755  358.54863306  209.15336929
  209.15336929  209.15336929  239.03242204  268.9114748   298.79052755
  119.51621102  179.27431653  119.51621102   89.63715827   89.63715827
  119.51621102   89.63715827  149.39526378  155.76875111   77.88437555
  155.76875111   77.88437555   77.88437555   77.88437555   77.88437555
    0.            0.           77.88437555   77.88437555  155.76875111]
