[ 307.44480261  718.77993341  790.13895207  416.47718164  760.29790791
  487.8362003   529.35417479  844.6312936   883.55439468 1160.58900648
  656.57734874  261.54118456  217.95098713  207.05343778  196.15588842
  185.25833906  163.46324035  404.57151986  196.15588842  512.18481976
 5781.14993368 6072.65937897 4463.9086552  1390.79973664  983.50382943
  663.78504894  591.34525518  212.88429187  272.01881738  567.69144497
  532.21072966  474.55456728  236.53810207  201.05738676  748.0517478
  925.45532436  425.76858373  579.51835008 6045.02687109 1651.33162509
 5058.95865807 3777.21781747 4906.68725486 4347.86598872  331.1533429
  669.86995837  293.27639968  266.6149088   454.91168814  506.56832672
  441.5809427   466.5760904   441.5809427   546.56056304  586.55279936
  199.9611816   693.19876289  546.56056304  466.5760904  6087.15163659
 3704.28088917  239.95341792  266.6149088   279.94565424 2157.91441812
  936.48486717 2504.51379956 2651.1519994   481.57317902  838.76706488
  189.90952412  427.29642928  522.25119134  300.69007986  158.25793677
  174.08373045  174.08373045  332.34166722  474.77381031  524.22941555
  571.70679658  492.57782819  935.70005115 5499.46330274  253.21269883
  189.90952412  205.7353178   221.56111148  332.34166722  237.38690515
  205.7353178  1604.339834    524.22941555 1021.60561459  244.57391272
  448.38550665  224.19275333  366.86086908  366.86086908  346.47970969
  326.09855029  407.62318787  203.81159393  593.60126733  652.19710059
  428.00434726 3762.87155299  305.7173909   224.19275333  142.66811575
  163.04927515  163.04927515  349.02735461  122.28695636  163.04927515
  203.81159393 1062.36793338  358.54863306  448.18579133  268.9114748
  239.03242204  209.15336929  268.9114748   268.9114748   478.06484408
  567.70200235  268.9114748   119.51621102  119.51621102  119.51621102
  149.39526378  119.51621102  209.15336929  155.76875111   77.88437555
  233.65312666   77.88437555   77.88437555  155.76875111   77.88437555
    0.            0.           77.88437555   77.88437555  155.76875111]
