[ 255.14091503  552.70803544  551.41059874  312.6822454   531.94904819
  342.52328957  394.42075769  594.22600993  873.17490106  897.68562825
  491.75191472  217.95098713  174.36078971  163.46324035  152.56569099
  152.56569099  130.77059228  316.02893134  152.56569099  490.38972105
 5549.57700985 6435.00289508 3818.22885582 1544.7276213   873.1661422
  544.03763477  425.76858373  165.57667145  190.7088448   437.59548883
  461.24929904  403.59313666  201.05738676  165.57667145  545.5159979
  688.91722229  342.980248    449.42239394 3029.16606966 1651.33162509
 5366.45819077 3598.33587778 3481.54518988 4157.15714392  272.01881738
  534.89616078  239.95341792  186.63043616  361.59647006  439.91459952
  374.9272155   413.25310864  374.9272155   479.90683584  506.56832672
  159.96894528  506.56832672  453.24534496  399.9223632  3036.07727398
 3329.35367367  186.63043616  226.62267248  253.28416336 1661.34415047
  508.2346699  2262.89403846 2919.43325138  374.9272155   680.50912811
  158.25793677  348.16746089  474.77381031  253.21269883  126.60634942
  158.25793677  142.43214309  284.86428619  411.4706356   460.92624084
  397.62306613  395.64484192  791.28968385 2369.91260312  205.7353178
  142.43214309  174.08373045  189.90952412  284.86428619  205.7353178
  174.08373045 1477.73348458  445.10044716  856.00869452  203.81159393
  346.47970969  183.43043454  305.7173909   326.09855029  305.7173909
  285.33623151  366.86086908  183.43043454  552.83894854  468.76666605
  346.47970969 3454.60651717  224.19275333  183.43043454  122.28695636
  122.28695636  142.66811575  328.64619522  101.90579697  142.66811575
  183.43043454  899.31865823  298.79052755  328.66958031  239.03242204
  209.15336929  179.27431653  239.03242204  239.03242204  418.30673857
  358.54863306  209.15336929  119.51621102   89.63715827   89.63715827
  119.51621102   89.63715827  179.27431653  155.76875111    0.
  155.76875111   77.88437555    0.          155.76875111   77.88437555
    0.            0.           77.88437555   77.88437555  155.76875111]
