[ 153.08454902  291.92325816  217.96936609  186.83088522  207.58987247
  155.69240435  217.96936609  656.50297167  603.30806685  415.46906922
  185.25833906  185.25833906  163.46324035  152.56569099  141.66814164
  141.66814164   98.07794421  196.15588842  130.77059228  381.41422748
 3919.03118737 6982.60475025 3959.89699746 1938.40159181  655.21515507
  295.67262759  212.88429187  165.57667145  201.05738676  378.46096332
  390.28786842  344.45861114  177.40357655  141.92286124  248.36500718
  368.11242135  236.53810207  437.59548883 4489.78884996 1627.67781489
 6043.54850795 6510.71125954 5180.18443538 4810.5936509   189.23048166
  281.61199742  199.9611816   173.29969072  308.2734883   346.59938144
  306.60714512  306.60714512  294.94274286  386.59161776  426.58385408
  146.63819984  239.95341792  266.6149088   319.93789056 5738.88591197
 2432.86104282  173.29969072  213.29192704  239.95341792 2706.14132434
 1084.78941019 1967.9512956  4364.15278845  266.6149088   332.34166722
  142.43214309  300.69007986  316.51587354  189.90952412   94.95476206
  110.78055574  110.78055574  221.56111148  332.34166722  381.79727246
  221.56111148  237.38690515  712.16071546 5006.88547454  221.56111148
  126.60634942  142.43214309  174.08373045  205.7353178   189.90952412
  158.25793677 1968.33308857  318.49409775  346.47970969  183.43043454
  285.33623151  142.66811575  264.95507211  264.95507211  244.57391272
  224.19275333  305.7173909   142.66811575  366.86086908  183.43043454
  264.95507211 3905.53966875  203.81159393  163.04927515  101.90579697
  101.90579697  122.28695636  224.19275333   81.52463757  122.28695636
  142.66811575 1120.96376663  239.03242204  268.9114748   179.27431653
  209.15336929  179.27431653  209.15336929  209.15336929  268.9114748
  119.51621102  149.39526378   89.63715827   59.75810551   89.63715827
  119.51621102   89.63715827  119.51621102   77.88437555    0.
  155.76875111   77.88437555    0.           77.88437555   77.88437555
    0.            0.           77.88437555    0.          155.76875111]
