[ 287.0335294   646.12347805  686.34401584  354.2002199   677.26195892
  446.3182258   477.45670667  656.50297167  926.36980588 1050.25131924
  578.93230957  239.74608585  196.15588842  185.25833906  174.36078971
  163.46324035  152.56569099  381.41422748  174.36078971  425.00442491
 5155.90303935 5305.744343   4047.07739231 1533.83007194  929.01608265
  603.17216028  484.90310925  189.23048166  214.362655    484.90310925
  473.07620414  427.24694687  224.71119697  189.23048166  629.78269677
  854.49389374  378.46096332  520.38382456 3314.49015529 1782.90594437
 5413.76581118 3419.45393808 5561.60212498 4645.01697945  295.67262759
  614.88063342  266.6149088   226.62267248  388.25796094  439.91459952
  401.58870638  426.58385408  374.9272155   493.23758128  533.2298176
  186.63043616  573.22205392  533.2298176   453.24534496 4455.80166336
 3102.73100118  199.9611816   239.95341792  266.6149088  1836.31018437
  574.8883971  2491.18305412 3106.06368754  441.5809427   727.98650914
  174.08373045  379.81904825  506.42539766  253.21269883  126.60634942
  158.25793677  142.43214309  300.69007986  427.29642928  492.57782819
  445.10044716  445.10044716  856.57108276 3163.18051118  221.56111148
  158.25793677  174.08373045  189.90952412  269.03849251  205.7353178
  189.90952412 2176.04663058  492.57782819  917.1521727   224.19275333
  387.24202847  183.43043454  305.7173909   326.09855029  305.7173909
  285.33623151  366.86086908  183.43043454  552.83894854  509.52898483
  387.24202847 3783.25271239  264.95507211  203.81159393  122.28695636
  142.66811575  142.66811575  326.09855029  101.90579697  142.66811575
  183.43043454  919.69981762  328.66958031  388.42768582  239.03242204
  209.15336929  179.27431653  239.03242204  268.9114748   418.30673857
  448.18579133  239.03242204  119.51621102   89.63715827   89.63715827
  119.51621102   89.63715827  179.27431653  155.76875111   77.88437555
  155.76875111   77.88437555    0.           77.88437555   77.88437555
    0.            0.           77.88437555   77.88437555  155.76875111]
