[ 276.8278928   698.02094617  592.92857323  188.12832192  563.08752906
  342.52328957  404.80025131  740.83635736  634.44654772 1126.53416474
  360.98132244  196.15588842  163.46324035  152.56569099  152.56569099
  152.56569099  141.66814164  381.41422748  185.25833906  316.02893134
 3349.63423349 4245.95766807 3959.89699746 1423.49238471 1027.09402686
  674.13359091  248.36500718  177.40357655  189.23048166  378.46096332
  390.28786842  356.28551625  177.40357655  153.74976635  391.76623156
  854.49389374  437.59548883  567.69144497 4999.82413255 1295.04610885
 4025.58282464 2980.38008611 3197.69946739 4025.58282464  283.84572249
  681.53436063  213.29192704  199.9611816   334.93497918  386.59161776
  333.268636    346.59938144  321.60423374  413.25310864  426.58385408
  159.96894528  559.89130848  559.89130848  479.90683584 4362.48644527
  988.14150575  186.63043616  294.94274286  293.27639968 1513.03960745
  589.88548572 2196.24031126 3401.00643041  588.21914254  822.9412712
  174.08373045  490.59960399  395.64484192  506.42539766  555.8810029
  174.08373045  253.21269883  363.99325457  395.64484192  381.79727246
  635.00997129  476.75203452  951.52584483 4292.74653487  239.36512936
  174.08373045  253.21269883  284.86428619  506.42539766  316.51587354
  237.38690515 1635.99142135  508.40362187 1039.43912906  203.81159393
 1694.18387457  529.91014423  896.77101331  654.74474551  652.19710059
  285.33623151  346.47970969  489.14782544  428.00434726  550.29130362
  448.38550665 3559.05995906  264.95507211  244.57391272  142.66811575
  163.04927515  163.04927515  264.95507211  142.66811575  244.57391272
  346.47970969 1263.63188239  328.66958031  418.30673857 1770.33387575
  239.03242204  179.27431653  209.15336929  418.30673857  537.8229496
  209.15336929  268.9114748   149.39526378  119.51621102  119.51621102
  209.15336929  119.51621102  239.03242204  389.42187777  155.76875111
  155.76875111   77.88437555    0.          311.53750222   77.88437555
   77.88437555    0.           77.88437555   77.88437555  155.76875111]
