[ 153.08454902  302.30275178  197.21037884  166.07189797  197.21037884
  155.69240435  197.21037884  521.56955457  404.80025131  438.6263616
  163.46324035  174.36078971  152.56569099  141.66814164  141.66814164
  130.77059228   98.07794421  207.05343778  141.66814164  370.51667812
 3656.12780914 5501.90023142 3948.9994481  1249.131595    677.01025378
  295.67262759  201.05738676  153.74976635  189.23048166  484.90310925
  532.21072966  403.59313666  177.40357655  141.92286124  224.71119697
  379.93932645  248.36500718  461.24929904 1923.35044248 1735.59832396
 2114.05928727 5926.75782005 5894.23383102 4015.23428268  189.23048166
  321.60423374  186.63043616  226.62267248  816.50815821  881.49554223
  681.53436063  693.19876289  641.54212431  506.56832672  466.5760904
  146.63819984  239.95341792  293.27639968  333.268636   6637.04488599
 1001.47225119  186.63043616  239.95341792  226.62267248 1058.12791931
  843.16964909 1661.34415047 4432.47285884  374.9272155   363.99325457
  142.43214309  822.9412712   886.24444591  569.72857237  300.69007986
  221.56111148  237.38690515  269.03849251  348.16746089  365.97147878
  221.56111148  253.21269883  777.44211438 4403.52709061  221.56111148
  142.43214309  174.08373045  189.90952412  189.90952412  221.56111148
  174.08373045 3972.27421291  365.97147878  387.24202847  326.09855029
  835.62753513  183.43043454  264.95507211  244.57391272  244.57391272
  224.19275333  285.33623151  203.81159393  509.52898483  183.43043454
  285.33623151 4030.37427003  203.81159393  183.43043454  122.28695636
  101.90579697  122.28695636  142.66811575  101.90579697  163.04927515
  183.43043454 1266.17952731  239.03242204  328.66958031  179.27431653
  179.27431653  149.39526378  179.27431653  209.15336929  298.79052755
  119.51621102  149.39526378  119.51621102   89.63715827   89.63715827
  119.51621102   89.63715827  149.39526378   77.88437555    0.
  155.76875111   77.88437555    0.           77.88437555   77.88437555
    0.            0.           77.88437555    0.           77.88437555]
