[ 153.08454902  302.30275178  259.48734058  198.50781555  260.78477729
  186.83088522  259.48734058  594.22600993  738.24148396  427.72881225
  219.3131808   196.15588842  141.66814164  130.77059228  130.77059228
  130.77059228   98.07794421  196.15588842  130.77059228  272.43873392
 4303.16980219 3282.88674368 3861.81905325 1073.40861163  666.11270442
  319.3264378   248.36500718  141.92286124  177.40357655  366.63405821
  390.28786842  332.63170604  165.57667145  153.74976635  297.15099073
  391.76623156  248.36500718  413.94167863 5165.40080401 2068.23003
 3240.57199839 2720.18817383 2817.76014094 4548.92337548  189.23048166
  348.26572462  199.9611816   159.96894528  294.94274286  346.59938144
  319.93789056  333.268636    294.94274286  399.9223632   439.91459952
  146.63819984  306.60714512  279.94565424  346.59938144 7801.81876882
 1751.32668219  186.63043616  213.29192704  199.9611816  1313.07842585
  481.57317902 2316.21702022 3669.28768239  294.94274286  553.90277869
  142.43214309  300.69007986  332.34166722  205.7353178    94.95476206
  126.60634942  110.78055574  237.38690515  363.99325457  413.44885981
  269.03849251  237.38690515  648.85754075 5499.46330274  221.56111148
  126.60634942  142.43214309  158.25793677  174.08373045  174.08373045
  142.43214309 3082.07331859  334.31989143  672.57825998  163.04927515
  305.7173909   142.66811575  264.95507211  264.95507211  264.95507211
  244.57391272  305.7173909   142.66811575  407.62318787  203.81159393
  264.95507211 3128.50796688  224.19275333  163.04927515  101.90579697
  122.28695636  101.90579697  142.66811575   81.52463757  122.28695636
  163.04927515 1202.48840421  268.9114748   328.66958031  209.15336929
  209.15336929  149.39526378  209.15336929  239.03242204  328.66958031
  119.51621102  179.27431653   89.63715827   59.75810551   59.75810551
   89.63715827   89.63715827  119.51621102   77.88437555    0.
  155.76875111   77.88437555    0.           77.88437555   77.88437555
    0.            0.            0.            0.          155.76875111]
