[ 193.90709542  406.09768801  301.00531508  198.50781555  281.54376453
  217.96936609  269.86683421  511.19006095  800.5184457   525.80675646
  230.21073016  217.95098713  196.15588842  185.25833906  174.36078971
  163.46324035  108.97549357  239.74608585  152.56569099  326.9264807
 3447.7121777  5535.95507316 4375.36606668 1686.39576294  709.70290185
  425.76858373  260.19191228  189.23048166  214.362655    484.90310925
  496.73001435  439.07385197  212.88429187  165.57667145  308.97789583
  498.20837749  272.01881738  496.73001435 3515.54754205 2828.1086829
 6342.17786182 4857.90127131 5298.45348642 3301.18488705  212.88429187
  468.24243358  213.29192704  226.62267248  401.58870638  439.91459952
  361.59647006  399.9223632   374.9272155   466.5760904   493.23758128
  159.96894528  333.268636    346.59938144  399.9223632  4750.74440622
 2499.51477002  199.9611816   253.28416336  266.6149088  3134.39152161
  723.19294013 2409.5322383  2571.16752676  388.25796094  633.03174708
  158.25793677  395.64484192  411.4706356   253.21269883  126.60634942
  142.43214309  126.60634942  269.03849251  395.64484192  445.10044716
  348.16746089  286.84251039  793.26790806 4848.62753777  221.56111148
  142.43214309  174.08373045  205.7353178   300.69007986  221.56111148
  174.08373045 3305.61265427  445.10044716  835.62753513  224.19275333
  387.24202847  203.81159393  326.09855029  346.47970969  326.09855029
  285.33623151  346.47970969  163.04927515  428.00434726  305.7173909
  326.09855029 3087.74564809  203.81159393  183.43043454  122.28695636
  142.66811575  142.66811575  305.7173909   101.90579697  142.66811575
  224.19275333 1141.34492603  268.9114748   328.66958031  298.79052755
  209.15336929  209.15336929  209.15336929  268.9114748   358.54863306
  179.27431653  179.27431653  119.51621102   89.63715827   89.63715827
  149.39526378   89.63715827  149.39526378  155.76875111   77.88437555
  155.76875111   77.88437555    0.          155.76875111   77.88437555
    0.            0.           77.88437555   77.88437555  155.76875111]
