[ 266.6222562   718.77993341  582.54907961  198.50781555  572.16958598
  290.62582145  321.76430232  677.26195892  800.5184457  1149.69145712
  371.87887179  207.05343778  174.36078971  163.46324035  163.46324035
  152.56569099  119.87304292  294.23383263  152.56569099  435.90197426
 3558.04986493 4409.42090842 4146.51753019 1182.38410519  961.70873072
  651.95814384  272.01881738  177.40357655  224.71119697  449.42239394
  484.90310925  427.24694687  212.88429187  165.57667145  285.32408562
  545.5159979   342.980248    532.21072966 4168.98404903 1259.56539354
 2541.30623414 5057.48029493 5262.97277111 3253.87726663  248.36500718
  683.20070381  213.29192704  199.9611816   374.9272155   426.58385408
  374.9272155   413.25310864  374.9272155   479.90683584  519.89907216
  159.96894528  293.27639968  373.26087232  373.26087232 5030.69006046
 1068.12597839  159.96894528  213.29192704  213.29192704 1727.99787767
  843.16964909 1648.01340503 3669.28768239  534.89616078  854.59285856
  158.25793677  363.99325457  395.64484192  269.03849251  142.43214309
  174.08373045  158.25793677  284.86428619  427.29642928  476.75203452
  269.03849251  269.03849251  761.6163207  2114.72168008  205.7353178
  142.43214309  158.25793677  174.08373045  253.21269883  205.7353178
  174.08373045 3050.42173123  524.22941555 1021.60561459  203.81159393
  428.00434726  203.81159393  366.86086908  366.86086908  326.09855029
  305.7173909   366.86086908  183.43043454  468.76666605  224.19275333
  305.7173909  2494.14438076  183.43043454  183.43043454  101.90579697
  122.28695636  122.28695636  264.95507211  101.90579697  142.66811575
  183.43043454 1202.48840421  268.9114748   298.79052755  298.79052755
  209.15336929  149.39526378  209.15336929  239.03242204  358.54863306
  149.39526378  149.39526378   89.63715827   89.63715827   89.63715827
  119.51621102   89.63715827  149.39526378  155.76875111    0.
  155.76875111   77.88437555    0.           77.88437555   77.88437555
    0.            0.           77.88437555    0.          155.76875111]
