[ 276.8278928   749.91841428  665.58502859  250.40528366  646.12347805
  394.42075769  446.3182258   720.07737012  748.62097758 1149.69145712
  415.46906922  228.84853649  196.15588842  185.25833906  185.25833906
  174.36078971  152.56569099  403.20932619  196.15588842  468.59462233
 4576.97072978 5055.1007078  3992.58964553 1172.84874951 1005.29892815
  663.78504894  295.67262759  212.88429187  236.53810207  473.07620414
  496.73001435  439.07385197  224.71119697  189.23048166  486.38147239
  901.80151415  461.24929904  567.69144497 3799.39326454 1224.08467822
 2505.82551883 6791.60025575 5359.06637508 3242.05036153  295.67262759
  669.86995837  239.95341792  201.62752478  401.58870638  466.5760904
  401.58870638 1054.79523295  428.25019726  506.56832672  546.56056304
  186.63043616  626.54503569  586.55279936  479.90683584 5860.52896411
 1041.46448751  213.29192704  308.2734883   319.93789056 1807.98235031
  629.87772205 2504.51379956 3534.31388481  643.20846749  838.76706488
  189.90952412  443.12222295  490.59960399  411.4706356   221.56111148
  332.34166722  189.90952412  316.51587354  458.94801663  524.22941555
  650.83576496  476.75203452  824.91949541 2894.14201867  271.01671672
  189.90952412  269.03849251  284.86428619  601.38015972  316.51587354
  253.21269883 2684.45025245  540.05520923 1080.20144785  244.57391272
 1368.08532428  366.86086908  963.00978133 1576.99220806  550.29130362
  346.47970969  591.05362241  224.19275333  491.69547036  591.05362241
  448.38550665 2555.28785894  285.33623151  285.33623151  163.04927515
  183.43043454  183.43043454  613.98242672  142.66811575  244.57391272
  346.47970969 1161.72608542  358.54863306  448.18579133 1557.44562487
  298.79052755  209.15336929  239.03242204  328.66958031  746.97631888
  209.15336929  239.03242204  179.27431653  119.51621102  119.51621102
  268.9114748   149.39526378  239.03242204  389.42187777  155.76875111
  233.65312666   77.88437555   77.88437555  233.65312666   77.88437555
   77.88437555    0.           77.88437555   77.88437555  155.76875111]
