[ 295.96346143  635.74398443  696.72350946  614.98499718  760.29790791
  456.69771943  487.8362003   720.07737012  926.36980588 1017.55867117
  765.5528423   502.64946407  163.46324035  152.56569099  141.66814164
  174.36078971  141.66814164  392.31177684  174.36078971  446.79952362
 3404.12198027 3808.69350013 3182.08441213 1599.21536808  873.1661422
  591.34525518  793.88100508  165.57667145  178.88193969  390.28786842
  390.28786842  368.11242135  177.40357655  165.57667145  960.93603967
  879.62606708  378.46096332  496.73001435 4407.00051424 1889.3480903
 4476.48358172 2779.32269935 2459.99626155 3015.86080142  283.84572249
  614.88063342  413.25310864  173.29969072  308.2734883   373.26087232
  319.93789056  333.268636    308.2734883   413.25310864  453.24534496
  186.63043616  906.49068993  466.5760904   439.91459952 8485.01947263
 3249.36920103  199.9611816   226.62267248  239.95341792 1982.94838422
  521.56541534 1286.41693497 3052.74070578  428.25019726  712.16071546
  158.25793677  411.4706356   332.34166722  205.7353178   110.78055574
  142.43214309  126.60634942  237.38690515  348.16746089  460.92624084
  682.48735232  413.44885981  775.46389017 5451.98592171  237.38690515
  158.25793677  174.08373045  189.90952412  221.56111148  189.90952412
  174.08373045 2383.76017259  540.05520923  917.1521727   183.43043454
  305.7173909   183.43043454  285.33623151  285.33623151  264.95507211
  264.95507211  326.09855029  163.04927515  387.24202847  489.14782544
  366.86086908 2394.78622872  244.57391272  203.81159393  122.28695636
  122.28695636  142.66811575  224.19275333   81.52463757  142.66811575
  183.43043454 1222.8695636   328.66958031  358.54863306  209.15336929
  209.15336929  179.27431653  209.15336929  239.03242204  776.85537164
  209.15336929  239.03242204  119.51621102   89.63715827   89.63715827
  119.51621102   89.63715827  179.27431653   77.88437555    0.
  155.76875111   77.88437555    0.          155.76875111   77.88437555
    0.            0.           77.88437555    0.          155.76875111]
