[ 266.6222562   729.15942704  530.65161149  198.50781555  561.79009236
  311.3848087   363.28227682  666.8824653   592.92857323 1104.73906603
  317.39112501  217.95098713  185.25833906  163.46324035  152.56569099
  152.56569099  130.77059228  381.41422748  196.15588842  359.61912877
 2846.98476941 4004.84938855 3206.60389818 1862.11874631  918.11853329
  674.13359091  248.36500718  189.23048166  226.18956011  473.07620414
  449.42239394  450.90075708  201.05738676  153.74976635  368.11242135
  807.18627332  461.24929904  544.03763477 2006.1387782  2281.11432186
 4155.67878078 4747.02403596 2758.62561542 4800.24510893  295.67262759
  681.53436063  226.62267248  253.28416336  481.57317902  626.54503569
 1484.71177339  959.81367169  454.91168814  586.55279936  706.52950833
  159.96894528  573.22205392  533.2298176   439.91459952 4174.18966593
 1884.6341366   253.28416336  439.91459952  399.9223632  3134.39152161
  603.21623116 1418.05804619 4190.85309773  561.55765166  822.9412712
  174.08373045  743.81230282 2365.9561547  1905.02991386  508.40362187
  775.46389017  365.97147878  363.99325457  664.68333443  429.27465349
  619.18417761  460.92624084  872.39687644 4213.61756649  379.81904825
  253.21269883  348.16746089  363.99325457  363.99325457  411.4706356
  284.86428619 1283.86751204  492.57782819 1019.05796967  285.33623151
 2430.45325765 1266.17952731 2514.52554015 2476.31086629 2145.11702615
 2287.7851419   428.00434726  264.95507211  858.55633944  591.05362241
  489.14782544 2945.07753234  285.33623151  326.09855029  183.43043454
  224.19275333  224.19275333  346.47970969  163.04927515  326.09855029
  326.09855029 1161.72608542  358.54863306  478.06484408  567.70200235
  298.79052755  239.03242204  239.03242204  537.8229496  1613.46884879
  209.15336929  239.03242204  179.27431653  179.27431653  149.39526378
  298.79052755  149.39526378  268.9114748   155.76875111   77.88437555
  233.65312666  155.76875111   77.88437555  155.76875111  155.76875111
   77.88437555    0.           77.88437555   77.88437555  155.76875111]
