[ 266.6222562   729.15942704  665.58502859  250.40528366  625.3644908
  404.80025131  415.17974493  834.25179997  727.86199033 1138.79390777
  415.46906922  228.84853649  185.25833906  185.25833906  174.36078971
  174.36078971  152.56569099  392.31177684  196.15588842  479.49217169
 4258.2174111  5721.21341222 4113.82488212 1642.80556551  994.40137879
  663.78504894  295.67262759  201.05738676  224.71119697  461.24929904
  484.90310925  427.24694687  212.88429187  177.40357655  486.38147239
  878.14770394  449.42239394  555.86453987 3255.35562977 1224.08467822
 2470.34480352 5783.35659567 5607.43138225 3206.56964622  283.84572249
  669.86995837  239.95341792  239.95341792  374.9272155   439.91459952
  374.9272155   666.53727201  388.25796094  506.56832672  519.89907216
  186.63043616  599.8835448   573.22205392  466.5760904  6502.07108841
 1068.12597839  213.29192704  281.61199742  293.27639968 2517.844545
  561.55765166 2796.12385606 2691.14423572  601.54988798  838.76706488
  174.08373045  379.81904825  458.94801663  363.99325457  189.90952412
  205.7353178   174.08373045  300.69007986  443.12222295  492.57782819
  635.00997129  492.57782819  872.39687644 4245.26915384  255.19092304
  189.90952412  237.38690515  269.03849251  506.42539766  300.69007986
  237.38690515 2144.39504323  476.75203452 1021.60561459  244.57391272
  998.67681027  366.86086908 1347.70416488 1472.53876617  489.14782544
  305.7173909   550.29130362  326.09855029  468.76666605  611.4347818
  448.38550665 2738.71829348  285.33623151  244.57391272  142.66811575
  183.43043454  183.43043454  552.83894854  142.66811575  224.19275333
  326.09855029 1082.74909277  328.66958031  418.30673857 1620.93861197
  268.9114748   209.15336929  239.03242204  328.66958031  806.73442439
  209.15336929  239.03242204  149.39526378  119.51621102  119.51621102
  239.03242204  119.51621102  209.15336929  233.65312666  155.76875111
  233.65312666   77.88437555   77.88437555  233.65312666   77.88437555
   77.88437555    0.           77.88437555   77.88437555  155.76875111]
