[ 275.55218823  604.60550356  686.34401584  459.29259283  718.77993341
  435.93873218  456.69771943  687.64145254  904.31338193  973.96847375
  689.26999681  305.13138199  163.46324035  163.46324035  141.66814164
  152.56569099  141.66814164  370.51667812  174.36078971  392.31177684
 3142.58079571 4858.94481938 3039.05407682 1270.92669371  873.1661422
  579.51835008  555.86453987  153.74976635  189.23048166  366.63405821
  390.28786842  332.63170604  177.40357655  165.57667145  830.84008353
  854.49389374  378.46096332  496.73001435 3338.1439655  3564.3335256
 5639.95537129 2767.49579425 2436.34245135 3313.01179215  272.01881738
  588.21914254  386.59161776  173.29969072  308.2734883   346.59938144
  319.93789056  346.59938144  294.94274286  399.9223632   426.58385408
  159.96894528  733.19099921  466.5760904   439.91459952 8458.35798175
 2272.89209754  186.63043616  226.62267248  239.95341792 1353.07066217
  414.91945182 1338.07357355 3924.23818893  414.91945182  696.33492179
  142.43214309  300.69007986  316.51587354  205.7353178   110.78055574
  126.60634942  110.78055574  221.56111148  363.99325457  429.27465349
  603.35838393  397.62306613  791.28968385 5580.57049533  237.38690515
  142.43214309  158.25793677  174.08373045  205.7353178   158.25793677
  142.43214309 1968.33308857  476.75203452  876.38985391  183.43043454
  285.33623151  163.04927515  264.95507211  264.95507211  264.95507211
  264.95507211  305.7173909   142.66811575  407.62318787  468.76666605
  366.86086908 2473.76322136  264.95507211  203.81159393  122.28695636
  122.28695636  122.28695636  224.19275333   81.52463757  122.28695636
  183.43043454 1286.5606867   328.66958031  358.54863306  209.15336929
  209.15336929  179.27431653  209.15336929  239.03242204  657.33916062
  268.9114748   239.03242204  119.51621102   89.63715827   89.63715827
  119.51621102   89.63715827  179.27431653  155.76875111    0.
  155.76875111   77.88437555    0.           77.88437555   77.88437555
    0.            0.           77.88437555    0.          155.76875111]
