[ 276.8278928   677.26195892  717.48249671  656.50297167  801.8158824
  477.45670667  498.21569392  666.8824653   935.4518628  1061.1488686
  787.34794102  708.34070818  185.25833906  163.46324035  152.56569099
  207.05343778  152.56569099  404.57151986  185.25833906  425.00442491
 6415.9321837  6489.49064186 3740.58381666 1227.33649629  939.91363201
  638.6528756   853.0155306   261.67027542  212.88429187  473.07620414
  413.94167863  368.11242135  189.23048166  177.40357655  972.76294477
  974.24130791  402.11477352  532.21072966 5523.16468339 2281.11432186
 3419.45393808 2968.55318101 2662.53201145 4550.40173862  295.67262759
  654.87286975  453.24534496  174.9660339   334.93497918  373.26087232
  333.268636    346.59938144  321.60423374  426.58385408  466.5760904
  173.29969072  999.80590801  493.23758128  466.5760904  5900.52120043
 4829.06253568  239.95341792  253.28416336  253.28416336 1541.36744151
  454.91168814 1834.64384119 2517.844545    441.5809427   743.81230282
  237.38690515  332.34166722  348.16746089  221.56111148  110.78055574
  142.43214309  126.60634942  253.21269883  379.81904825  445.10044716
  682.48735232  429.27465349  793.26790806 6389.66419707  269.03849251
  174.08373045  189.90952412  205.7353178   237.38690515  189.90952412
  189.90952412 2015.8104696   635.00997129  957.91449149  203.81159393
  529.91014423  183.43043454  285.33623151  326.09855029  285.33623151
  264.95507211  326.09855029  163.04927515  428.00434726  591.05362241
  387.24202847 2188.42698986  264.95507211  224.19275333  122.28695636
  142.66811575  142.66811575  224.19275333  101.90579697  142.66811575
  183.43043454 1082.74909277  328.66958031  358.54863306  298.79052755
  239.03242204  179.27431653  239.03242204  268.9114748   657.33916062
  209.15336929  239.03242204  119.51621102   89.63715827   89.63715827
  119.51621102   89.63715827  179.27431653  155.76875111   77.88437555
  155.76875111   77.88437555    0.          155.76875111   77.88437555
    0.            0.           77.88437555   77.88437555  155.76875111]
