[ 338.06171241  739.53892066  790.13895207  406.09768801  770.67740153
  498.21569392  529.35417479  761.59534461  935.4518628  1160.58900648
  634.78225002  261.54118456  217.95098713  196.15588842  196.15588842
  185.25833906  174.36078971  415.46906922  196.15588842  490.38972105
 5759.35483497 6971.70720089 4431.21600713 1325.4144405   994.40137879
  674.13359091  567.69144497  212.88429187  283.84572249  567.69144497
  532.21072966  474.55456728  236.53810207  201.05738676  736.2248427
  937.28222946  437.59548883  603.17216028 5605.95301911 1747.42522906
 5438.89798453 3194.74274111 5073.74228945 4192.63785923  331.1533429
  668.20361519  279.94565424  253.28416336  454.91168814  479.90683584
  468.24243358  453.24534496  428.25019726  533.2298176   586.55279936
  199.9611816   666.53727201  559.89130848  493.23758128 6182.13319785
 3089.40025574  253.28416336  266.6149088   279.94565424 2304.55261796
  909.82337629 2127.92024088 2839.44877874  481.57317902  807.11547752
  189.90952412  395.64484192  427.29642928  269.03849251  142.43214309
  174.08373045  158.25793677  316.51587354  474.77381031  540.05520923
  571.70679658  492.57782819  951.52584483 6674.52848325  253.21269883
  189.90952412  205.7353178   221.56111148  316.51587354  221.56111148
  205.7353178  1780.40178866  460.92624084 1001.2244552   244.57391272
  428.00434726  203.81159393  346.47970969  346.47970969  346.47970969
  326.09855029  387.24202847  203.81159393  552.83894854  652.19710059
  428.00434726 3844.39619057  305.7173909   224.19275333  142.66811575
  163.04927515  163.04927515  308.26503582  122.28695636  163.04927515
  203.81159393 1286.5606867   358.54863306  418.30673857  268.9114748
  268.9114748   239.03242204  268.9114748   298.79052755  448.18579133
  627.46010786  268.9114748   149.39526378  119.51621102  119.51621102
  149.39526378  119.51621102  209.15336929  155.76875111   77.88437555
  233.65312666   77.88437555   77.88437555   77.88437555   77.88437555
    0.            0.           77.88437555   77.88437555  155.76875111]
