[ 276.8278928   698.02094617  603.30806685  188.12832192  573.46702269
  342.52328957  404.80025131  740.83635736  613.68756048 1116.99880905
  371.87887179  196.15588842  163.46324035  152.56569099  152.56569099
  152.56569099  141.66814164  381.41422748  185.25833906  326.9264807
 4203.72966431 3905.40925067 3291.0599057  1260.02914436  983.50382943
  663.78504894  248.36500718  177.40357655  201.05738676  390.28786842
  402.11477352  368.11242135  177.40357655  153.74976635  403.59313666
  866.32079884  449.42239394  579.51835008 4525.26956527 1320.17828219
 2446.69099331 3432.75920633 3695.90784488 3171.08893091  283.84572249
  669.86995837  213.29192704  186.63043616  348.26572462  399.9223632
  308.2734883   346.59938144  308.2734883   399.9223632   426.58385408
  159.96894528  559.89130848  559.89130848  479.90683584 5070.68229678
  933.15218081  186.63043616  294.94274286  293.27639968 1581.35967783
  616.5469766  2742.8008743  3935.90259119  614.88063342  838.76706488
  174.08373045  553.90277869  411.4706356   458.94801663  603.35838393
  174.08373045  253.21269883  381.79727246  395.64484192  381.79727246
  603.35838393  492.57782819  967.3516385  4340.2239159   255.19092304
  174.08373045  253.21269883  269.03849251  522.25119134  316.51587354
  237.38690515 1683.46880239  571.70679658 1039.43912906  203.81159393
 1673.80271518  672.57825998  998.67681027  858.55633944  896.77101331
  264.95507211  366.86086908  407.62318787  428.00434726  570.67246301
  448.38550665 3803.63387178  264.95507211  264.95507211  142.66811575
  163.04927515  163.04927515  264.95507211  142.66811575  244.57391272
  346.47970969 1263.63188239  328.66958031  418.30673857 1889.85008677
  239.03242204  179.27431653  209.15336929  388.42768582  507.94389684
  209.15336929  239.03242204  149.39526378  119.51621102  119.51621102
  209.15336929  119.51621102  179.27431653  389.42187777  155.76875111
  155.76875111   77.88437555    0.          233.65312666   77.88437555
   77.88437555    0.           77.88437555   77.88437555  155.76875111]
