[ 234.72964182  511.19006095  394.42075769  219.26680279  364.57971352
  228.34885971  290.62582145  542.32854182  707.10300309  941.27582568
  295.5960263   207.05343778  174.36078971  163.46324035  152.56569099
  152.56569099   98.07794421  261.54118456  141.66814164  337.82403005
 4662.78893096 4991.07760533 2780.2372796  1916.60649309  807.78084606
  544.03763477  295.67262759  165.57667145  201.05738676  402.11477352
  413.94167863  368.11242135  189.23048166  153.74976635  356.28551625
  510.03528259  295.67262759  437.59548883 2885.76484528 1652.80998823
 4726.32695203 3253.87726663 2638.87820124 4109.84952351  224.71119697
  534.89616078  226.62267248  173.29969072  321.60423374  373.26087232
  333.268636    346.59938144  321.60423374  439.91459952  453.24534496
  146.63819984  359.93012688  386.59161776  373.26087232 5685.56293021
 1616.35288461  159.96894528  199.9611816   226.62267248 2491.18305412
  468.24243358 2247.89694984 3321.02195777  374.9272155   696.33492179
  142.43214309  316.51587354  332.34166722  205.7353178   110.78055574
  126.60634942  110.78055574  237.38690515  363.99325457  397.62306613
  300.69007986  300.69007986  759.63809649 3131.52892383  189.90952412
  126.60634942  142.43214309  174.08373045  284.86428619  189.90952412
  174.08373045 2906.01136393  381.79727246  794.86521634  183.43043454
  305.7173909   163.04927515  285.33623151  285.33623151  285.33623151
  285.33623151  326.09855029  142.66811575  407.62318787  264.95507211
  326.09855029 3273.72372755  183.43043454  163.04927515  101.90579697
  122.28695636  122.28695636  308.26503582   81.52463757  122.28695636
  163.04927515  919.69981762  268.9114748   328.66958031  209.15336929
  209.15336929  179.27431653  209.15336929  239.03242204  298.79052755
  209.15336929  149.39526378   89.63715827   59.75810551   59.75810551
  119.51621102   89.63715827  119.51621102   77.88437555    0.
  155.76875111   77.88437555    0.           77.88437555   77.88437555
    0.            0.           77.88437555    0.          155.76875111]
