[ 266.6222562   718.77993341  592.92857323  208.88730917  583.84651631
  332.14379595  394.42075769  677.26195892  592.92857323 1137.4317141
  360.98132244  217.95098713  185.25833906  174.36078971  163.46324035
  163.46324035  152.56569099  403.20932619  207.05343778  337.82403005
 4696.8437727  4715.91448407 4026.64448727 1073.40861163  929.01608265
  663.78504894  260.19191228  201.05738676  202.5357499   413.94167863
  461.24929904  379.93932645  201.05738676  165.57667145  403.59313666
  889.97460905  473.07620414  591.34525518 5296.97512328 1355.6589975
 5758.22442232 3147.4351207  5061.91538435 4050.71499799  283.84572249
  683.20070381  239.95341792  226.62267248  428.25019726  613.21429024
  441.5809427   466.5760904   374.9272155   479.90683584  466.5760904
  173.29969072  559.89130848  573.22205392  506.56832672 6891.99539254
 1656.34512093  253.28416336  386.59161776  346.59938144 2184.575909
  616.5469766  1634.68265959 3254.36823057  494.90392446  838.76706488
  189.90952412  902.07023959  585.55436605  648.85754075  300.69007986
  332.34166722  174.08373045 1287.82396046  870.41865223  413.44885981
  666.66155864  492.57782819  919.87425747 4134.4885981   318.49409775
  221.56111148  300.69007986  316.51587354  443.12222295  363.99325457
  253.21269883 3432.21900369  587.53259026 1021.60561459  244.57391272
 2369.30977947  794.86521634 2596.05017772 2825.3382209   754.10289755
  529.91014423  346.47970969  366.86086908  532.45778915  611.4347818
  468.76666605 3966.68314693  285.33623151  305.7173909   183.43043454
  203.81159393  203.81159393  387.24202847  142.66811575  285.33623151
  346.47970969 1100.58260724  358.54863306  478.06484408 1467.8084666
  298.79052755  209.15336929  239.03242204  328.66958031  448.18579133
  209.15336929  298.79052755  179.27431653  149.39526378  149.39526378
  239.03242204  149.39526378  179.27431653  233.65312666  155.76875111
  233.65312666   77.88437555   77.88437555  311.53750222  155.76875111
   77.88437555    0.           77.88437555   77.88437555  155.76875111]
