[ 276.8278928   677.26195892  759.0004712   457.99515613  781.05689515
  467.07721305  487.8362003   803.1133191   914.69287555 1073.40861163
  732.86019423  228.84853649  174.36078971  174.36078971  152.56569099
  152.56569099  141.66814164  381.41422748  174.36078971  523.08236912
 3481.76701944 7298.63368159 4102.92733276 1522.93252259  907.22098394
  614.99906539  508.55691946  165.57667145  201.05738676  402.11477352
  425.76858373  368.11242135  189.23048166  165.57667145  854.49389374
  819.01317843  378.46096332  461.24929904 3706.25638685 2270.76577989
 5011.65103766 4831.29073483 3694.42948174 4003.40737757  295.67262759
  614.88063342  333.268636    186.63043616  321.60423374  439.91459952
  348.26572462  359.93012688  334.93497918  439.91459952  533.2298176
  159.96894528  799.84472641  439.91459952  386.59161776 6315.44065225
 3076.0695103   226.62267248  253.28416336  279.94565424 2464.52156324
  696.53144925 1471.38102795 3642.62619151  428.25019726  743.81230282
  142.43214309  379.81904825  348.16746089  221.56111148  110.78055574
  142.43214309  142.43214309  269.03849251  395.64484192  508.40362187
  619.18417761  379.81904825  680.50912811 4148.33616757  237.38690515
  158.25793677  189.90952412  205.7353178   237.38690515  205.7353178
  189.90952412 2094.93943799  650.83576496  957.91449149  183.43043454
  305.7173909   163.04927515  326.09855029  285.33623151  285.33623151
  264.95507211  346.47970969  163.04927515  448.38550665  692.95941937
  346.47970969 2269.95162743  264.95507211  203.81159393  122.28695636
  142.66811575  142.66811575  224.19275333  101.90579697  142.66811575
  183.43043454  960.46213641  328.66958031  358.54863306  209.15336929
  209.15336929  209.15336929  239.03242204  268.9114748   657.33916062
  328.66958031  239.03242204  119.51621102   89.63715827   89.63715827
  119.51621102  119.51621102  179.27431653   77.88437555   77.88437555
  155.76875111   77.88437555   77.88437555   77.88437555   77.88437555
    0.            0.           77.88437555   77.88437555  155.76875111]
