[ 153.08454902  291.92325816  197.21037884  166.07189797  197.21037884
  145.31291073  197.21037884  511.19006095  404.80025131  427.72881225
  163.46324035  174.36078971  152.56569099  152.56569099  141.66814164
  141.66814164  108.97549357  207.05343778  130.77059228  337.82403005
 3819.59104949 5512.79778077 4070.23468469 1260.02914436  666.11270442
  319.3264378   189.23048166  153.74976635  201.05738676  425.76858373
  413.94167863  356.28551625  177.40357655  141.92286124  236.53810207
  379.93932645  236.53810207  473.07620414 1982.48496799 1877.5211852
 2161.36690769 6070.15904443 4656.84388455 4216.29166944  189.23048166
  321.60423374  186.63043616  186.63043616  414.91945182  453.24534496
  374.9272155   399.9223632   334.93497918  413.25310864  439.91459952
  146.63819984  239.95341792  293.27639968  333.268636   6945.3183743
 1443.05319389  146.63819984  199.9611816   199.9611816  1044.79717387
  803.17741277 1164.77388283 4352.48838619  348.26572462  363.99325457
  142.43214309  395.64484192  411.4706356   269.03849251  142.43214309
  142.43214309  142.43214309  253.21269883  348.16746089  397.62306613
  221.56111148  237.38690515  761.6163207  4769.49856939  189.90952412
  126.60634942  142.43214309  158.25793677  174.08373045  174.08373045
  158.25793677 3131.52892383  350.1456851   387.24202847  203.81159393
  387.24202847  163.04927515  244.57391272  244.57391272  244.57391272
  224.19275333  285.33623151  142.66811575  407.62318787  183.43043454
  285.33623151 4295.32934214  203.81159393  163.04927515  101.90579697
  101.90579697  101.90579697  142.66811575   81.52463757  122.28695636
  163.04927515 1205.03604913  239.03242204  268.9114748   179.27431653
  179.27431653  149.39526378  179.27431653  209.15336929  298.79052755
  119.51621102  149.39526378   89.63715827   59.75810551   59.75810551
  119.51621102   89.63715827  119.51621102   77.88437555    0.
  155.76875111   77.88437555    0.           77.88437555   77.88437555
    0.            0.           77.88437555    0.          155.76875111]
