[ 214.31836862  489.133637    269.86683421  188.12832192  250.40528366
  186.83088522  259.48734058  583.84651631  842.03642019  908.58317761
  230.21073016  207.05343778  152.56569099  141.66814164  130.77059228
  130.77059228   98.07794421  228.84853649  141.66814164  316.02893134
 3218.86364121 4278.65031614 3981.69209617 1151.05365079  840.47349413
  532.21072966  260.19191228  153.74976635  189.23048166  366.63405821
  390.28786842  344.45861114  177.40357655  153.74976635  295.67262759
  439.07385197  272.01881738  449.42239394 3706.25638685 2162.84527082
 4952.51651214 2732.01507894 2448.16935645 4454.30813465  212.88429187
  574.8883971   239.95341792  173.29969072  308.2734883   359.93012688
  319.93789056  346.59938144  308.2734883   413.25310864  426.58385408
  146.63819984  279.94565424  293.27639968  373.26087232 9554.8117942
 2232.89986122  186.63043616  213.29192704  213.29192704 1206.43246233
  401.58870638 2437.86007236 4017.55340701  414.91945182  743.81230282
  142.43214309  316.51587354  332.34166722  205.7353178   110.78055574
  126.60634942  110.78055574  237.38690515  363.99325457  397.62306613
  253.21269883  237.38690515  648.85754075 4911.93071248  221.56111148
  126.60634942  142.43214309  158.25793677  174.08373045  174.08373045
  126.60634942 2399.58596627  555.8810029   957.91449149  183.43043454
  305.7173909   163.04927515  285.33623151  285.33623151  264.95507211
  244.57391272  326.09855029  142.66811575  387.24202847  203.81159393
  285.33623151 2697.95597469  224.19275333  183.43043454  101.90579697
  122.28695636  122.28695636  183.43043454   81.52463757  122.28695636
  183.43043454 1222.8695636   268.9114748   328.66958031  209.15336929
  209.15336929  179.27431653  209.15336929  239.03242204  298.79052755
  119.51621102  179.27431653   89.63715827   59.75810551   59.75810551
  119.51621102   89.63715827  119.51621102  155.76875111    0.
  155.76875111   77.88437555    0.           77.88437555   77.88437555
    0.            0.           77.88437555    0.          155.76875111]
