[ 295.96346143  646.12347805  748.62097758  469.67208645  770.67740153
  467.07721305  477.45670667  698.02094617  893.93388831 1050.25131924
  743.75774359  272.43873392  163.46324035  163.46324035  141.66814164
  152.56569099  141.66814164  381.41422748  174.36078971  479.49217169
 3360.53178284 4322.24051357 2842.89818841 1445.28748342  884.06369155
  603.17216028  544.03763477  153.74976635  201.05738676  390.28786842
  402.11477352  356.28551625  189.23048166  165.57667145  878.14770394
  867.79916198  390.28786842  496.73001435 3219.87491446 1806.55975458
 4976.17032235 3539.20135226 2519.13078707 2968.55318101  283.84572249
  614.88063342  399.9223632   173.29969072  334.93497918  373.26087232
  334.93497918  359.93012688  321.60423374  439.91459952  426.58385408
  159.96894528  759.85249009  479.90683584  453.24534496 7841.81100514
 1737.99593675  186.63043616  226.62267248  253.28416336 2719.47206978
  441.5809427  2597.82901764 4579.11105868  428.25019726  727.98650914
  142.43214309  332.34166722  332.34166722  221.56111148  110.78055574
  126.60634942  126.60634942  237.38690515  411.4706356   429.27465349
  619.18417761  429.27465349  777.44211438 7200.73612301  253.21269883
  142.43214309  174.08373045  189.90952412  237.38690515  174.08373045
  158.25793677 1920.85570754  524.22941555  937.53333209  203.81159393
  305.7173909   163.04927515  305.7173909   285.33623151  285.33623151
  264.95507211  326.09855029  163.04927515  387.24202847  550.29130362
  366.86086908 2331.09510561  264.95507211  203.81159393  122.28695636
  142.66811575  142.66811575  224.19275333  101.90579697  142.66811575
  183.43043454 1182.10724481  328.66958031  358.54863306  239.03242204
  239.03242204  179.27431653  209.15336929  239.03242204 1105.52495195
  298.79052755  239.03242204  119.51621102   89.63715827   89.63715827
  119.51621102   89.63715827  179.27431653   77.88437555   77.88437555
  155.76875111   77.88437555    0.           77.88437555   77.88437555
    0.            0.           77.88437555   77.88437555  155.76875111]
