[ 153.08454902  291.92325816  207.58987247  166.07189797  197.21037884
  155.69240435  207.58987247  469.67208645  342.52328957  426.36661858
  174.36078971  163.46324035  141.66814164  130.77059228  119.87304292
  119.87304292   98.07794421  196.15588842  130.77059228  337.82403005
 4729.53642077 5843.81084248 3028.15652747  886.78807889  611.62495764
  307.49953269  189.23048166  141.92286124  153.74976635  331.1533429
  354.80715311  297.15099073  153.74976635  130.09595614  236.53810207
  415.42004176  236.53810207  461.24929904 3941.31612578 1651.33162509
 4441.00286641 3454.93465339 3243.52872467 3218.39655132  165.57667145
  308.2734883   173.29969072  146.63819984  268.28125198  319.93789056
  279.94565424  293.27639968  293.27639968  346.59938144  359.93012688
  119.97670896  226.62267248  293.27639968  346.59938144 4869.054772
 1068.12597839  133.3074544   173.29969072  186.63043616 1084.78941019
  494.90392446 1498.04251883 3549.31097343  279.94565424  348.16746089
  126.60634942  269.03849251  284.86428619  174.08373045   94.95476206
  110.78055574   94.95476206  189.90952412  300.69007986  348.16746089
  205.7353178   253.21269883  824.91949541 3562.78180152  174.08373045
  110.78055574  126.60634942  142.43214309  174.08373045  158.25793677
  126.60634942 2478.71493465  350.1456851   366.86086908  142.66811575
  264.95507211  122.28695636  224.19275333  224.19275333  224.19275333
  203.81159393  264.95507211  122.28695636  326.09855029  163.04927515
  264.95507211 3867.32499488  183.43043454  142.66811575   81.52463757
   81.52463757  101.90579697  264.95507211   81.52463757  101.90579697
  142.66811575 1021.60561459  209.15336929  268.9114748   179.27431653
  149.39526378  149.39526378  149.39526378  179.27431653  239.03242204
  119.51621102  149.39526378   89.63715827   59.75810551   59.75810551
   89.63715827   59.75810551  119.51621102   77.88437555    0.
  155.76875111    0.            0.           77.88437555    0.
    0.            0.            0.            0.           77.88437555]
