[ 246.210983    646.12347805  394.42075769  177.7488283   437.23616888
  269.86683421  311.3848087   594.22600993  603.30806685 1050.25131924
  219.3131808   207.05343778  196.15588842  185.25833906  163.46324035
  152.56569099  130.77059228  359.61912877  207.05343778  392.31177684
 3262.45383863 2550.02654945 4354.93316163 1544.7276213   950.81118136
  662.3066858   236.53810207  212.88429187  403.59313666 1305.39465081
 1280.26247747  557.34290301  272.01881738  165.57667145  285.32408562
  771.70555801  473.07620414  591.34525518 2814.80341466 1794.73284947
 1994.3118731  2043.09785665 4205.94312747 4239.94547965  272.01881738
  588.21914254  226.62267248  709.86219469 2984.4206354  2647.81931304
 2864.44392644 2996.08503766 2369.54000198  746.52174465 1148.11045103
  186.63043616  466.5760904   559.89130848  506.56832672 5980.50567307
 2084.5953182   241.6197611   439.91459952  386.59161776  991.47419211
  508.2346699  2436.19372918 4097.53787965  574.8883971   822.9412712
  221.56111148 2555.86567883 2937.66295128 2031.63626328  826.89771962
  490.59960399  824.91949541 2001.96290013  680.50912811 1335.30134149
  508.40362187  476.75203452 1014.82901953 4690.369601    397.62306613
  300.69007986  363.99325457  363.99325457  284.86428619  474.77381031
  316.51587354 2666.64623457  476.75203452 1019.05796967  754.10289755
 2697.95597469  285.33623151  326.09855029  305.7173909   285.33623151
  264.95507211  346.47970969  529.91014423 2435.5485475   631.81594119
  509.52898483 3232.96140877  366.86086908  366.86086908  244.57391272
  203.81159393  244.57391272  346.47970969  183.43043454  346.47970969
  285.33623151 1393.56177352  388.42768582  537.8229496   268.9114748
  239.03242204  179.27431653  209.15336929  328.66958031 1583.58979603
  209.15336929  298.79052755  209.15336929  209.15336929  149.39526378
  239.03242204  179.27431653  268.9114748   155.76875111   77.88437555
  233.65312666   77.88437555   77.88437555  155.76875111  155.76875111
   77.88437555   77.88437555   77.88437555   77.88437555  233.65312666]
