[ 183.70145882  374.95920714  301.00531508  188.12832192  271.16427091
  197.21037884  259.48734058  500.81056732  655.20553497  504.01165774
  230.21073016  207.05343778  185.25833906  174.36078971  163.46324035
  152.56569099  108.97549357  228.84853649  141.66814164  326.9264807
 3743.308204   4858.94481938 4672.32428665 1566.52272001  687.90780314
  354.80715311  248.36500718  177.40357655  236.53810207  484.90310925
  496.73001435  439.07385197  212.88429187  165.57667145  285.32408562
  450.90075708  260.19191228  473.07620414 2517.65242393 2448.16935645
 6960.13365348 4903.73052859 4835.72582424 3466.7615585   212.88429187
  361.59647006  213.29192704  188.29677934  401.58870638  453.24534496
  374.9272155   413.25310864  374.9272155   479.90683584  506.56832672
  159.96894528  293.27639968  333.268636    386.59161776 4495.79389968
 1134.77970559  173.29969072  239.95341792  253.28416336 2639.48759714
 1043.13083069 2344.54485428 2744.46721748  361.59647006  443.12222295
  158.25793677  395.64484192  411.4706356   253.21269883  126.60634942
  142.43214309  142.43214309  269.03849251  395.64484192  445.10044716
  300.69007986  284.86428619  840.74528909 4132.51037389  205.7353178
  142.43214309  174.08373045  189.90952412  284.86428619  205.7353178
  174.08373045 2304.63120421  476.75203452  570.67246301  224.19275333
  366.86086908  183.43043454  326.09855029  326.09855029  326.09855029
  264.95507211  326.09855029  163.04927515  428.00434726  264.95507211
  326.09855029 2861.00524984  203.81159393  183.43043454  101.90579697
  122.28695636  142.66811575  285.33623151  101.90579697  142.66811575
  203.81159393 1263.63188239  268.9114748   298.79052755  239.03242204
  209.15336929  209.15336929  239.03242204  268.9114748   328.66958031
  149.39526378  149.39526378  119.51621102   89.63715827   89.63715827
  149.39526378   89.63715827  149.39526378  155.76875111   77.88437555
  155.76875111   77.88437555    0.          155.76875111   77.88437555
    0.            0.           77.88437555   77.88437555  155.76875111]
