[ 255.14091503  614.98499718  394.42075769  176.4513916   302.30275178
  207.58987247  269.86683421  604.60550356  570.87214928 1028.45622053
  241.10827951  185.25833906  141.66814164  130.77059228  130.77059228
  130.77059228   98.07794421  272.43873392  130.77059228  283.33628327
 4028.00668094 3040.41627049 3468.14508274 1522.93252259  896.32343458
  626.82597049  212.88429187  141.92286124  178.88193969  390.28786842
  378.46096332  308.97789583  165.57667145  130.09595614  248.36500718
  545.5159979   307.49953269  496.73001435 2065.27330372 1818.38665968
 6362.87494575 3953.14303088 3280.48780312 5570.4723038   212.88429187
  641.54212431  186.63043616  173.29969072  401.58870638  479.90683584
  454.91168814  399.9223632   321.60423374  439.91459952  413.25310864
  119.97670896  266.6149088   453.24534496  333.268636   4280.83562945
 1403.06095757  159.96894528  226.62267248  226.62267248 2142.9173295
  521.56541534 1273.08618953 4217.51458861  468.24243358  791.28968385
  142.43214309  585.55436605  603.35838393  395.64484192  221.56111148
  189.90952412  142.43214309  253.21269883  490.59960399  363.99325457
  253.21269883  269.03849251  777.44211438 2543.99633357  189.90952412
  126.60634942  158.25793677  174.08373045  221.56111148  189.90952412
  158.25793677 1301.67152993  397.62306613  998.67681027  203.81159393
  692.95941937  326.09855029  591.05362241  512.07662976  448.38550665
  326.09855029  326.09855029  163.04927515  489.14782544  224.19275333
  305.7173909  2738.71829348  163.04927515  163.04927515  101.90579697
  122.28695636  122.28695636  308.26503582   81.52463757  142.66811575
  163.04927515 1100.58260724  239.03242204  298.79052755  239.03242204
  179.27431653  149.39526378  179.27431653  209.15336929  388.42768582
  119.51621102  149.39526378   89.63715827   59.75810551   59.75810551
  119.51621102   89.63715827  119.51621102   77.88437555    0.
  155.76875111   77.88437555    0.           77.88437555   77.88437555
    0.            0.           77.88437555    0.          155.76875111]
