[ 163.29018562  302.30275178  249.10784696  198.50781555  249.10784696
  176.4513916   259.48734058  844.6312936   613.68756048  426.36661858
  208.41563145  228.84853649  196.15588842  163.46324035  152.56569099
  152.56569099   98.07794421  217.95098713  163.46324035  479.49217169
 3765.10330271 6380.51514829 4485.70375391 1260.02914436  720.60045121
  295.67262759  260.19191228  177.40357655  202.5357499   413.94167863
  425.76858373  368.11242135  177.40357655  165.57667145  273.49718052
  391.76623156  295.67262759  437.59548883 7282.41681755 2329.90030541
 3871.8330583  6558.01887996 5668.04427091 3956.09975716  212.88429187
  281.61199742  226.62267248  213.29192704  348.26572462  386.59161776
  346.59938144  359.93012688  321.60423374  426.58385408  453.24534496
  159.96894528  279.94565424  266.6149088   346.59938144 9058.24152655
 4132.53108643  253.28416336  253.28416336  253.28416336 1661.34415047
  909.82337629 1578.02699147 3949.23333663  293.27639968  379.81904825
  158.25793677  348.16746089  363.99325457  221.56111148  110.78055574
  142.43214309  126.60634942  253.21269883  379.81904825  413.44885981
  237.38690515  221.56111148  617.2059534  5881.2605752   239.36512936
  174.08373045  174.08373045  189.90952412  221.56111148  189.90952412
  174.08373045 1746.77197709  397.62306613  509.52898483  203.81159393
  326.09855029  183.43043454  305.7173909   305.7173909   285.33623151
  285.33623151  346.47970969  163.04927515  366.86086908  203.81159393
  285.33623151 4440.54510282  264.95507211  224.19275333  122.28695636
  142.66811575  142.66811575  183.43043454  101.90579697  142.66811575
  163.04927515 1286.5606867   298.79052755  388.42768582  239.03242204
  239.03242204  209.15336929  239.03242204  268.9114748   298.79052755
  119.51621102  179.27431653  119.51621102   89.63715827   89.63715827
  119.51621102   89.63715827  149.39526378  155.76875111   77.88437555
  155.76875111   77.88437555   77.88437555   77.88437555   77.88437555
    0.            0.           77.88437555   77.88437555  155.76875111]
