[ 266.6222562   656.50297167  686.34401584  635.74398443  770.67740153
  467.07721305  498.21569392  751.21585099  914.69287555 1017.55867117
  776.45039166  589.82985893  174.36078971  152.56569099  141.66814164
  185.25833906  141.66814164  403.20932619  174.36078971  381.41422748
 4805.81926626 4443.47575016 3698.3558129  1194.64384822  916.75633962
  603.17216028  839.71026236  177.40357655  178.88193969  449.42239394
  402.11477352  344.45861114  177.40357655  165.57667145  960.93603967
  925.45532436  378.46096332  520.38382456 4204.46476434 3613.11950916
 5484.7272418  4584.40409079 2544.26296042 3147.4351207   283.84572249
  614.88063342  413.25310864  173.29969072  321.60423374  359.93012688
  306.60714512  319.93789056  294.94274286  386.59161776  453.24534496
  173.29969072  959.81367169  479.90683584  439.91459952 6288.77916137
 2044.60308188  213.29192704  239.95341792  253.28416336 3054.40704896
  428.25019726 1326.40917129 4392.48062252  428.25019726  712.16071546
  174.08373045  348.16746089  332.34166722  205.7353178   110.78055574
  126.60634942  110.78055574  221.56111148  332.34166722  397.62306613
  650.83576496  443.12222295  807.11547752 7564.72937758  221.56111148
  158.25793677  174.08373045  189.90952412  253.21269883  189.90952412
  142.43214309 1525.21086562  555.8810029   917.1521727   183.43043454
  387.24202847  326.09855029  326.09855029  285.33623151  285.33623151
  387.24202847  326.09855029  163.04927515  387.24202847  529.91014423
  366.86086908 1982.067751    224.19275333  203.81159393  122.28695636
  142.66811575  142.66811575  244.57391272  101.90579697  142.66811575
  183.43043454 1182.10724481  328.66958031  358.54863306  209.15336929
  239.03242204  179.27431653  209.15336929  239.03242204  537.8229496
  209.15336929  209.15336929  119.51621102   89.63715827   89.63715827
  119.51621102   89.63715827  179.27431653  155.76875111   77.88437555
  155.76875111   77.88437555    0.          155.76875111   77.88437555
    0.            0.           77.88437555   77.88437555  155.76875111]
