[ 266.6222562   718.77993341  655.20553497  260.78477729  635.74398443
  415.17974493  435.93873218  740.83635736  727.86199033 1115.63661538
  404.57151986  207.05343778  185.25833906  174.36078971  163.46324035
  163.46324035  141.66814164  392.31177684  185.25833906  425.00442491
 4334.50025659 3687.45826354 3938.10189874 1479.34232516  907.22098394
  662.3066858   283.84572249  189.23048166  224.71119697  425.76858373
  437.59548883  391.76623156  201.05738676  165.57667145  486.38147239
  878.14770394  437.59548883  555.86453987 4003.40737757 1141.2963425
 2363.90265759 4998.34576942 4585.88245393 3242.05036153  272.01881738
  668.20361519  226.62267248  213.29192704  348.26572462  399.9223632
  334.93497918  399.9223632   348.26572462  559.89130848  479.90683584
  173.29969072  573.22205392  546.56056304  466.5760904  4964.03633326
 2339.54582474  213.29192704  266.6149088   266.6149088  1727.99787767
  656.53921293 2086.26166138 2491.18305412  454.91168814  822.9412712
  158.25793677  363.99325457  379.81904825  237.38690515  142.43214309
  158.25793677  142.43214309  269.03849251  411.4706356   429.27465349
  682.48735232  476.75203452  904.0484638  4864.45333145  269.03849251
  174.08373045  205.7353178   237.38690515  427.29642928  237.38690515
  205.7353178  2415.41175994  445.10044716 1039.43912906  224.19275333
  529.91014423  224.19275333  387.24202847  366.86086908  407.62318787
  428.00434726  387.24202847  305.7173909   428.00434726  713.34057877
  428.00434726 3966.68314693  264.95507211  224.19275333  142.66811575
  163.04927515  163.04927515  532.45778915  122.28695636  183.43043454
  326.09855029 1080.20144785  328.66958031  388.42768582  388.42768582
  507.94389684  179.27431653  328.66958031  478.06484408  657.33916062
  209.15336929  239.03242204  149.39526378  119.51621102  119.51621102
  179.27431653  119.51621102  209.15336929  155.76875111  155.76875111
  155.76875111   77.88437555   77.88437555  233.65312666   77.88437555
    0.            0.           77.88437555   77.88437555  155.76875111]
