[ 295.96346143  646.12347805  717.48249671  666.8824653   812.19537602
  477.45670667  487.8362003   698.02094617  853.71335052 1039.35376989
  787.34794102  731.49800056  185.25833906  174.36078971  163.46324035
  217.95098713  163.46324035  425.00442491  196.15588842  523.08236912
 5824.74013111 5012.87270404 4081.13223405 1894.81139438  961.70873072
  626.82597049  864.8424357   344.45861114  212.88429187  425.76858373
  437.59548883  379.93932645  201.05738676  201.05738676  996.41675498
  962.41440281  413.94167863  496.73001435 6416.09601871 4516.39938644
 3383.97322277 3147.4351207  3197.69946739 4883.03344466  307.49953269
  641.54212431  479.90683584  199.9611816   361.59647006  399.9223632
  361.59647006  386.59161776  348.26572462  466.5760904   493.23758128
  186.63043616 1028.13374207  506.56832672  466.5760904  8418.36574543
 4145.86183187  239.95341792  266.6149088   266.6149088  1406.39364393
  723.19294013 2836.11609238 2664.48274484  428.25019726  712.16071546
  253.21269883  348.16746089  363.99325457  237.38690515  126.60634942
  142.43214309  142.43214309  269.03849251  411.4706356   476.75203452
  698.313146    429.27465349  761.6163207  5707.17684475  255.19092304
  174.08373045  189.90952412  205.7353178   237.38690515  221.56111148
  189.90952412 1905.02991386  540.05520923  937.53333209  203.81159393
  509.52898483  183.43043454  305.7173909   326.09855029  305.7173909
  305.7173909   346.47970969  183.43043454  509.52898483  652.19710059
  387.24202847 2616.43133712  285.33623151  224.19275333  142.66811575
  142.66811575  142.66811575  224.19275333  101.90579697  163.04927515
  203.81159393 1103.13025216  358.54863306  388.42768582  268.9114748
  239.03242204  209.15336929  239.03242204  268.9114748   776.85537164
  209.15336929  239.03242204  119.51621102   89.63715827   89.63715827
  119.51621102  119.51621102  209.15336929   77.88437555   77.88437555
  155.76875111   77.88437555   77.88437555  155.76875111   77.88437555
   77.88437555    0.           77.88437555   77.88437555  155.76875111]
