[ 297.23916601  677.26195892  717.48249671  416.47718164  708.40043979
  456.69771943  498.21569392  720.07737012  914.69287555 1073.40861163
  591.1920526   261.54118456  207.05343778  196.15588842  185.25833906
  185.25833906  163.46324035  382.77642115  185.25833906  468.59462233
 5639.48179205 5481.46732637 3992.58964553 1445.28748342  939.91363201
  638.6528756   544.03763477  201.05738676  260.19191228  544.03763477
  496.73001435  450.90075708  224.71119697  201.05738676  688.91722229
  878.14770394  402.11477352  555.86453987 4643.53861631 1674.9854353
 5129.92008869 3645.64349819 5561.60212498 4574.05554882  307.49953269
  641.54212431  293.27639968  214.95827022  414.91945182  466.5760904
  401.58870638  426.58385408  401.58870638  519.89907216  573.22205392
  186.63043616  653.20652657  546.56056304  466.5760904  5512.26323948
 3209.37696471  226.62267248  253.28416336  279.94565424 2129.58658406
  749.85443101 2477.85230868 2826.1180333   468.24243358  775.46389017
  174.08373045  411.4706356   553.90277869  284.86428619  142.43214309
  158.25793677  158.25793677  316.51587354  443.12222295  524.22941555
  524.22941555  460.92624084  888.22267012 4322.41989802  237.38690515
  174.08373045  189.90952412  221.56111148  316.51587354  221.56111148
  205.7353178  1968.33308857  540.05520923  957.91449149  244.57391272
  428.00434726  203.81159393  326.09855029  346.47970969  326.09855029
  305.7173909   387.24202847  183.43043454  593.60126733  591.05362241
  407.62318787 3885.15850935  285.33623151  203.81159393  142.66811575
  122.28695636  142.66811575  387.24202847  122.28695636  163.04927515
  183.43043454  960.46213641  358.54863306  388.42768582  268.9114748
  239.03242204  209.15336929  239.03242204  268.9114748   537.8229496
  507.94389684  239.03242204  119.51621102   89.63715827   89.63715827
  149.39526378  119.51621102  179.27431653  155.76875111   77.88437555
  155.76875111   77.88437555   77.88437555  155.76875111   77.88437555
    0.            0.           77.88437555   77.88437555  155.76875111]
