[ 153.08454902  291.92325816  249.10784696  198.50781555  250.40528366
  186.83088522  259.48734058  604.60550356  738.24148396  426.36661858
  217.95098713  217.95098713  174.36078971  152.56569099  141.66814164
  141.66814164   98.07794421  217.95098713  152.56569099  446.79952362
 4860.30701305 5644.93056672 3630.24612942 1731.34815403  677.01025378
  283.84572249  260.19191228  177.40357655  201.05738676  390.28786842
  402.11477352  356.28551625  177.40357655  165.57667145  297.15099073
  462.72766218  295.67262759  425.76858373 6818.21079224 4420.30578248
 3086.82223204 3147.4351207  5965.19526164 5023.47794276  201.05738676
  268.28125198  226.62267248  186.63043616  321.60423374  373.26087232
  333.268636    359.93012688  321.60423374  426.58385408  453.24534496
  159.96894528  319.93789056  346.59938144  359.93012688 8485.01947263
 2621.15782216  239.95341792  253.28416336  226.62267248 1339.73991673
 1043.13083069 2289.55552934 3052.74070578  279.94565424  316.51587354
  142.43214309  332.34166722  348.16746089  221.56111148  110.78055574
  126.60634942  126.60634942  253.21269883  379.81904825  429.27465349
  269.03849251  269.03849251  648.85754075 5691.35105107  253.21269883
  158.25793677  174.08373045  174.08373045  189.90952412  174.08373045
  158.25793677 1778.42356445  350.1456851   366.86086908  183.43043454
  326.09855029  163.04927515  285.33623151  285.33623151  285.33623151
  264.95507211  326.09855029  163.04927515  428.00434726  224.19275333
  285.33623151 2942.52988741  244.57391272  203.81159393  122.28695636
  142.66811575  122.28695636  142.66811575  101.90579697  122.28695636
  163.04927515 1062.36793338  298.79052755  358.54863306  209.15336929
  209.15336929  179.27431653  209.15336929  239.03242204  298.79052755
  119.51621102  179.27431653  119.51621102   89.63715827   89.63715827
  119.51621102   89.63715827  149.39526378  155.76875111   77.88437555
  155.76875111   77.88437555    0.          155.76875111   77.88437555
    0.            0.           77.88437555   77.88437555  155.76875111]
