[ 224.52400522  511.19006095  498.21569392  312.6822454   531.94904819
  301.00531508  363.28227682  730.45686374  873.17490106  832.30033211
  426.36661858  261.54118456  152.56569099  141.66814164  130.77059228
  141.66814164  108.97549357  305.13138199  152.56569099  414.10687555
 3394.58662458 3622.0729674  3039.05407682 1621.0104668   818.67839542
  508.55691946  402.11477352  153.74976635  189.23048166  366.63405821
  402.11477352  344.45861114  177.40357655  153.74976635  510.03528259
  665.26341208  319.3264378   473.07620414 6451.57673402 1759.25213416
 3395.80012788 2956.7262759  2483.65007176 3135.6082156   224.71119697
  534.89616078  253.28416336  159.96894528  308.2734883   359.93012688
  319.93789056  333.268636    308.2734883   399.9223632   426.58385408
  146.63819984  439.91459952  386.59161776  386.59161776 8068.43367762
 2929.43131046  226.62267248  226.62267248  213.29192704 3750.93849821
  428.25019726 1338.07357355 3079.40219666  388.25796094  633.03174708
  142.43214309  316.51587354  316.51587354  205.7353178   110.78055574
  126.60634942  110.78055574  237.38690515  348.16746089  397.62306613
  363.99325457  332.34166722  727.98650914 5133.49182396  253.21269883
  158.25793677  158.25793677  174.08373045  221.56111148  174.08373045
  158.25793677 2494.54072833  492.57782819  754.10289755  183.43043454
  285.33623151  163.04927515  285.33623151  285.33623151  264.95507211
  264.95507211  326.09855029  142.66811575  387.24202847  285.33623151
  326.09855029 2738.71829348  224.19275333  183.43043454  122.28695636
  122.28695636  122.28695636  183.43043454   81.52463757  122.28695636
  163.04927515 1245.79836792  298.79052755  358.54863306  209.15336929
  209.15336929  179.27431653  209.15336929  239.03242204  388.42768582
  149.39526378  179.27431653  119.51621102   89.63715827   89.63715827
  119.51621102   89.63715827  149.39526378   77.88437555    0.
  155.76875111   77.88437555    0.           77.88437555   77.88437555
    0.            0.           77.88437555    0.          155.76875111]
